#Objective1, #Objective2, #Objective3, #Objective4, #Objective5, #Variable1, #Variable2, #Variable3, #Variable4, #Variable5, #Variable6, #Variable7, #Variable8, #Variable9, #Variable10, #Variable11, #Variable12, #Variable13, #Variable14, #Variable15, #Variable16, #Variable17, #Variable18, #Variable19, #Variable20, #Variable21, #Variable22, #Variable23, #Variable24, #Variable25, #Variable26, #Variable27, #Variable28, #Variable29, #Variable30, #Variable31, #Variable32, #Constraint1, #Constraint2, #Constraint3, #Constraint4, #Constraint5, #Constraint6, #Constraint7, #Constraint8, #Constraint9, #Constraint10, #Constraint11, #Constraint12, #Constraint13, #Constraint14, #Constraint15, #Constraint16, #Constraint17, #Constraint18, #Constraint19, #Constraint20, #Constraint21, #Constraint22, #OverallConstraintViolation
-12024284.115999,1810437.807795,69563013.702119,41.604977,-1.316290,0.788474,0.975638,0.837591,0.063599,0.777050,0.076340,0.949060,0.568004,0.265631,0.129394,0.928685,0.586036,0.791455,0.798167,0.123994,0.714989,0.682008,0.644357,0.254274,0.291899,0.113165,0.597698,0.396830,0.007841,0.453634,0.013298,0.848682,0.751401,0.687979,0.416187,0.425143,0.222810,12.514902,6.587230,0.365531,0.193675,0.727304,0.736992,0.631012,0.639319,0.897122,0.903551,0.731872,0.560151,0.045767,38.395023,0.008256,0.001852,4.113867,0.004212,0.004170,0.000112,0.002737,12024284.115999,0.000000
-11473698.153456,1594137.551213,67111621.480235,42.796866,-1.406453,0.745186,0.990396,0.869840,0.070792,0.787040,0.735777,0.666757,0.567925,0.613334,0.815676,0.590641,0.357441,0.338378,0.173376,0.388898,0.780871,0.600503,0.986433,0.297569,0.058775,0.114852,0.201144,0.393241,0.076905,0.220327,0.644141,0.864418,0.953030,0.682529,0.422284,0.264285,0.212518,13.847599,13.978897,0.628556,0.220838,0.743935,0.775241,0.651798,0.677982,0.908809,0.928138,0.754989,0.493739,0.102789,37.203134,0.002256,0.013504,10.354492,0.004524,0.004532,0.000644,0.002205,11473698.153456,0.000000
-11226404.066643,1685119.588485,65656336.027004,42.796963,-1.376570,0.956547,0.976258,0.860976,0.071584,0.785663,0.696760,0.666757,0.567925,0.613334,0.140621,0.590641,0.388963,0.907396,0.814216,0.388898,0.780871,0.600503,0.985735,0.330653,0.746789,0.114852,0.201618,0.393241,0.076905,0.220327,0.644141,0.864418,0.954465,0.478088,0.417577,0.298636,0.212518,13.786979,13.990277,0.442435,0.212889,0.747370,0.772667,0.628552,0.635931,0.899093,0.905807,0.747557,0.412970,0.113828,37.203037,0.003714,0.009047,9.862290,0.004539,0.004541,0.000733,0.002116,11226404.066643,0.000000
-11853308.909633,1831955.920075,69548283.899852,41.604977,-1.312424,0.788474,0.975638,0.837591,0.063599,0.777050,0.076340,0.949060,0.576508,0.266054,0.116451,0.925092,0.586036,0.803015,0.798033,0.123994,0.725161,0.682008,0.645734,0.254274,0.750211,0.406843,0.597698,0.396798,0.007841,0.453634,0.774854,0.848682,0.750861,0.687979,0.415584,0.425143,0.222810,12.203576,6.590095,0.364253,0.205934,0.724180,0.728143,0.626575,0.630152,0.894858,0.897406,0.730833,0.559930,0.045527,38.395023,0.007860,0.001907,4.130892,0.004215,0.004172,0.000118,0.002731,11853308.909633,0.000000
-11126913.325987,1675895.064289,66886184.743018,42.796946,-0.742867,0.786127,0.980755,0.860976,0.071584,0.785663,0.571970,0.666757,0.567662,0.613334,0.127043,0.590104,0.721068,0.795510,0.814216,0.389275,0.780871,0.653865,0.985735,0.330653,0.757949,0.132241,0.201538,0.393241,0.076905,0.220327,0.644141,0.677300,0.954465,0.478088,0.417577,0.298636,0.212518,14.044100,13.991027,0.437202,0.192544,0.705361,0.752494,0.601967,0.637282,0.886200,0.906985,0.524252,0.412970,0.029003,37.203054,0.004750,0.012140,7.342927,0.004458,0.004455,0.000450,0.002399,11126913.325987,0.000000
-8311181.550517,1569508.639311,58123104.135249,33.494314,-0.722252,0.787907,0.882445,0.836123,0.370907,0.788219,0.806725,0.654058,0.567318,0.266072,0.831390,0.497844,0.439326,0.783016,0.733364,0.178405,0.787395,0.287654,0.146391,0.301530,0.307489,0.111729,0.971449,0.373265,0.017208,0.001844,0.111048,0.676026,0.934680,0.988488,0.415057,0.417024,0.221964,9.165940,19.891192,0.593763,0.259679,0.719737,0.742698,0.615608,0.634896,0.896009,0.911063,0.514343,0.621291,0.033966,46.505686,0.005062,0.001430,9.193659,0.004371,0.004374,0.000764,0.002085,8311181.550517,0.000000
-15580585.189857,1734572.719383,74734875.498496,46.748128,-1.612321,0.904063,0.975180,0.707161,0.190019,0.482068,0.784047,0.677036,0.342239,0.392654,0.325699,0.779389,0.238518,0.847180,0.544688,0.899388,0.467778,0.758618,0.992621,0.052967,0.745036,0.246067,0.845616,0.260774,0.081636,0.369080,0.704552,0.930191,0.961888,0.363941,0.421419,0.489056,0.072200,10.630149,8.951919,0.309433,0.250731,0.590316,0.610696,0.366904,0.381928,0.416722,0.493208,0.800576,0.365922,0.005207,33.251872,0.000887,0.002644,12.222800,0.004206,0.004189,0.000643,0.002206,15580585.189857,0.000000
-15265291.309281,1503616.782187,71552148.850334,60.354827,-1.213013,0.828490,0.976421,0.612371,0.513089,0.794829,0.976755,0.500090,0.488769,0.319400,0.953875,0.755373,0.586838,0.257361,0.826047,0.634277,0.992797,0.321816,0.842810,0.353548,0.842159,0.467124,0.668830,0.112317,0.308699,0.153890,0.764052,0.852394,0.748700,0.294776,0.398491,0.164883,0.102998,10.475074,15.694491,0.219940,0.136698,0.611762,0.621400,0.388338,0.394522,0.535410,0.580904,0.702700,0.406123,0.155270,19.645173,0.001877,0.010575,13.346338,0.004698,0.004714,0.000859,0.001990,15265291.309281,0.000000
-7158394.473680,1535539.699865,46600147.297701,37.205490,-1.424046,0.742317,0.621443,0.351084,0.555137,0.677498,0.939272,0.669318,0.410249,0.053653,0.999624,0.917647,0.824141,0.914351,0.963420,0.926280,0.120914,0.519476,0.431249,0.562290,0.692497,0.123350,0.299732,0.394466,0.033401,0.127741,0.694021,0.884282,0.953087,0.849295,0.414929,0.264929,0.441463,12.421279,16.606970,0.055575,0.252890,0.795021,0.786870,0.695776,0.689318,0.938599,0.933847,0.759262,0.559228,0.053457,42.794510,0.011199,0.001355,6.904533,0.004102,0.004110,0.000604,0.002245,7158394.473680,0.000000
-12234306.334140,1835997.700771,69331155.390165,41.599029,-1.367057,0.788474,0.975638,0.867511,0.068960,0.787544,0.076340,0.949060,0.567924,0.265631,0.129394,0.922227,0.586036,0.791455,0.795799,0.127355,0.634914,0.682008,0.644357,0.328520,0.288119,0.114915,0.602354,0.396966,0.007626,0.454333,0.620078,0.864223,0.751401,0.687979,0.416187,0.430981,0.222810,12.517151,6.570799,0.344990,0.205786,0.729397,0.736501,0.632279,0.638452,0.898200,0.902856,0.745144,0.554078,0.033142,38.400971,0.007950,0.001490,3.776822,0.004140,0.004096,0.000047,0.002802,12234306.334140,0.000000
-8526291.755535,1563586.250857,57012531.909928,36.758795,-1.383698,0.762528,0.977115,0.732452,0.075770,0.111082,0.939466,0.667507,0.559047,0.198224,0.775343,0.916678,0.707300,0.280208,0.997539,0.242597,0.577957,0.780454,0.778413,0.555959,0.690994,0.484760,0.485550,0.877537,0.034339,0.101030,0.164585,0.891599,0.837125,0.538033,0.405068,0.305135,0.243402,11.825252,17.300318,0.732402,0.226382,0.766349,0.767992,0.672652,0.674290,0.920547,0.921371,0.749350,0.476903,0.156926,43.241205,0.002912,0.005077,12.585087,0.005022,0.004997,0.000837,0.002012,8526291.755535,0.000000
-11361944.921963,1704233.190390,65506824.960475,42.787333,-1.742099,0.754444,0.990056,0.869840,0.070792,0.786986,0.735777,0.665301,0.567925,0.613334,0.815676,0.590641,0.674579,0.903251,0.171396,0.909669,0.774767,0.600503,0.986433,0.290924,0.058775,0.246475,0.201144,0.545812,0.076792,0.220327,0.644669,0.965689,0.953030,0.682529,0.424271,0.264285,0.212518,13.801360,13.997873,0.492030,0.219008,0.768578,0.797450,0.673233,0.679148,0.908538,0.913309,0.824848,0.493739,0.143458,37.212667,0.002997,0.019713,10.330642,0.004512,0.004513,0.000765,0.002084,11361944.921963,0.000000
-9842110.405984,1681674.365055,61433814.505521,37.205941,-1.426750,0.742317,0.621443,0.841717,0.554657,0.673612,0.939272,0.909928,0.410249,0.053653,0.999624,0.917624,0.824141,0.917493,0.963420,0.926280,0.121489,0.519476,0.431249,0.562290,0.092994,0.123350,0.302157,0.394466,0.033401,0.127741,0.177128,0.885169,0.952920,0.849295,0.414904,0.259562,0.457217,12.578916,16.662225,0.070409,0.217433,0.752010,0.761873,0.657203,0.665649,0.894623,0.916609,0.759912,0.559291,0.020905,42.794059,0.011213,0.001102,8.041801,0.003720,0.003730,0.000635,0.002214,9842110.405984,0.000000
-16056438.966088,1701239.363621,78364609.324304,50.762320,-1.507289,0.905764,0.931585,0.726865,0.026348,0.779125,0.989274,0.724517,0.235576,0.196992,0.778790,0.902257,0.764823,0.810802,0.992307,0.304086,0.344936,0.734080,0.788275,0.557001,0.264920,0.080070,0.207968,0.791713,0.124232,0.379257,0.606157,0.931286,0.848295,0.556261,0.404579,0.304316,0.214940,14.226072,9.184622,0.263780,0.201906,0.716259,0.758216,0.630372,0.661308,0.885243,0.914238,0.778490,0.480358,0.176666,29.237680,0.016244,0.003603,14.836824,0.004703,0.004706,0.000739,0.002110,16056438.966088,0.000000
-11098795.150219,1717731.335672,76481689.368462,36.893593,-1.700920,0.685620,0.972231,0.846267,0.378363,0.800496,0.737041,0.664425,0.572204,0.339765,0.246232,0.579374,0.387874,0.869143,0.199086,0.464965,0.689159,0.573103,0.987718,0.240819,0.739233,0.114893,0.884860,0.552913,0.007702,0.211966,0.759566,0.866164,0.901378,0.683806,0.470273,0.343504,0.219023,10.037979,13.631649,0.435871,0.247259,0.731020,0.792116,0.641926,0.692571,0.905765,0.934695,0.817484,0.512761,0.002293,43.106407,0.000961,0.014304,8.782746,0.004353,0.004323,0.000238,0.002611,11098795.150219,0.000000
-10666684.983152,1572648.632805,63909853.321309,43.908323,-0.467450,0.774574,0.958823,0.837851,0.369386,0.185442,0.852671,0.680144,0.707861,0.347340,0.954152,0.590734,0.742103,0.283133,0.745869,0.213835,0.459137,0.605611,0.196643,0.131586,0.286625,0.470307,0.670319,0.687153,0.079626,0.254624,0.657280,0.617082,0.836438,0.634392,0.408217,0.270644,0.197441,11.284684,12.575640,0.532308,0.174620,0.697272,0.692942,0.590495,0.587277,0.880659,0.877235,0.373402,0.516820,0.022048,36.091677,0.002156,0.002008,12.318255,0.004422,0.004429,0.000597,0.002252,10666684.983152,0.000000
-17258833.898508,1709117.371538,81236178.113055,50.864953,-1.599558,0.819113,0.975638,0.878807,0.372399,0.773883,0.732759,0.724596,0.236420,0.581912,0.129394,0.925896,0.586310,0.273501,0.359635,0.465149,0.721456,0.682008,0.644357,0.217258,0.298569,0.111419,0.597698,0.396830,0.125894,0.373766,0.013298,0.934517,0.697178,0.859134,0.417254,0.433698,0.225933,12.011059,9.059175,0.417153,0.190436,0.715397,0.776982,0.629448,0.680689,0.886560,0.927400,0.798014,0.506083,0.003604,29.135047,0.001547,0.008818,11.359801,0.004434,0.004408,0.000312,0.002537,17258833.898508,0.000000
-11479941.959458,1631457.267247,64200181.030736,44.770164,-1.627295,0.904763,0.982037,0.871308,0.371969,0.802828,0.742033,0.666875,0.564242,0.601007,0.813153,0.455478,0.706714,0.276352,0.748334,0.390321,0.568843,0.601472,0.986294,0.297569,0.085358,0.612637,0.035313,0.299460,0.120804,0.151348,0.949348,0.933190,0.952599,0.685734,0.422284,0.272563,0.414695,14.012367,16.223711,0.470658,0.218346,0.765274,0.788582,0.672053,0.691632,0.921024,0.934683,0.803540,0.495149,0.039194,35.229836,0.001791,0.008409,9.532093,0.004317,0.004319,0.000780,0.002069,11479941.959458,0.000000
-18208079.633352,1896130.058240,76490422.451741,51.857116,-1.309479,0.956547,0.976198,0.726429,0.076227,0.649530,0.936188,0.671780,0.340622,0.210877,0.771784,0.864653,0.479402,0.917733,0.368484,0.388974,0.783262,0.531565,0.983263,0.487378,0.333936,0.482446,0.474437,0.975420,0.076756,0.616524,0.641580,0.865106,0.982278,0.993311,0.406835,0.298636,0.242495,12.489200,1.824612,0.230513,0.186973,0.707729,0.731860,0.613517,0.633817,0.881119,0.898302,0.730039,0.604285,0.140187,28.142884,0.006565,0.009142,16.841381,0.004519,0.004529,0.000721,0.002128,18208079.633352,0.000000
-11006905.918914,1328240.267374,68220470.930851,54.556079,-1.206093,0.683403,0.959137,0.613792,0.372892,0.169609,0.824258,0.672490,0.244538,0.921648,0.128659,0.618935,0.476395,0.451011,0.688107,0.178101,0.815327,0.598895,0.250008,0.058320,0.685146,0.210374,0.654798,0.406649,0.299079,0.001106,0.062038,0.846078,0.966159,0.962990,0.400567,0.248040,0.213194,10.672461,20.256892,0.468996,0.193964,0.729774,0.772070,0.643330,0.679400,0.855372,0.909839,0.700635,0.598761,0.147008,25.443921,0.007098,0.000994,7.376091,0.004658,0.004633,0.000510,0.002339,11006905.918914,0.000000
-7187644.840532,1579684.511174,46889179.872703,37.205646,-1.424046,0.743349,0.621443,0.351084,0.555700,0.777144,0.939272,0.661429,0.410249,0.053653,0.129278,0.917647,0.822096,0.786978,0.968865,0.926280,0.725829,0.519476,0.431249,0.562290,0.699337,0.123584,0.300575,0.394466,0.033401,0.127741,0.011155,0.884282,0.954056,0.849295,0.414929,0.421064,0.441463,12.463069,16.606144,0.108134,0.275659,0.789263,0.782343,0.687918,0.682474,0.935392,0.931251,0.759262,0.558863,0.053457,42.794354,0.009588,0.023453,6.957853,0.004137,0.004145,0.000609,0.002240,7187644.840532,0.000000
-14027329.619915,1842498.085234,87607682.056114,41.242460,-1.599558,0.786578,0.975638,0.878807,0.372417,0.787959,0.758646,0.724596,0.236420,0.264807,0.830354,0.925896,0.586310,0.787919,0.359635,0.176063,0.721456,0.682008,0.644357,0.301020,0.298492,0.111419,0.955448,0.373447,0.020297,0.373766,0.013298,0.934517,0.935153,0.859134,0.417254,0.434228,0.225933,10.222211,8.711509,0.367092,0.237196,0.683176,0.772438,0.600693,0.674814,0.861766,0.924647,0.798014,0.569926,0.106702,38.757540,0.002881,0.003559,12.002046,0.004531,0.004536,0.000440,0.002409,14027329.619915,0.000000
-11261070.315133,1689063.872417,65523102.825065,42.874324,-1.375768,0.956547,0.976258,0.860976,0.071723,0.785663,0.696760,0.666757,0.567925,0.613081,0.134805,0.590641,0.458600,0.907396,0.817155,0.388898,0.720549,0.600503,0.985735,0.330664,0.746789,0.114564,0.201618,0.393241,0.076905,0.223727,0.644123,0.865132,0.954465,0.478088,0.417087,0.298636,0.221201,13.821338,13.890913,0.434333,0.212035,0.747688,0.772482,0.635288,0.642395,0.906297,0.912351,0.747355,0.412970,0.115313,37.125676,0.004298,0.008592,9.700217,0.004531,0.004532,0.000717,0.002132,11261070.315133,0.000000
-16193347.221502,1524739.164071,76955943.720703,62.479470,-1.206123,0.828490,0.976196,0.612371,0.965066,0.794829,0.976755,0.500090,0.485248,0.319400,0.132358,0.754357,0.460808,0.264616,0.372991,0.637778,0.992797,0.321816,0.842810,0.353500,0.026823,0.467124,0.668830,0.112528,0.308699,0.217874,0.764052,0.850289,0.754127,0.286658,0.398491,0.164883,0.102998,9.808274,13.779604,0.113933,0.128577,0.600451,0.609553,0.370524,0.376002,0.509690,0.564086,0.700644,0.400799,0.154275,17.520530,0.000787,0.006739,11.948302,0.004176,0.004187,0.000609,0.002240,16193347.221502,0.000000
-16245998.054051,1755162.109491,80191766.275316,48.691164,-1.612665,0.904044,0.975168,0.705680,0.190019,0.485634,0.032733,0.677517,0.339951,0.392654,0.124639,0.928381,0.240813,0.847180,0.544688,0.906488,0.467778,0.758859,0.630523,0.049111,0.318527,0.113337,0.845616,0.260774,0.081636,0.453636,0.704552,0.930299,0.961888,0.362255,0.421419,0.489056,0.072200,10.848650,6.395830,0.310494,0.245568,0.586891,0.606453,0.359338,0.373237,0.400413,0.494547,0.800644,0.365262,0.005207,31.308836,0.000754,0.002391,4.399922,0.004193,0.004180,0.000637,0.002212,16245998.054051,0.000000
-11026312.781968,1689362.625587,62861640.598796,42.628292,-1.376592,0.956547,0.976258,0.725403,0.373161,0.759960,0.954977,0.666757,0.569774,0.613334,0.140621,0.590641,0.458698,0.912346,0.812132,0.387098,0.718910,0.600503,0.987176,0.330572,0.754295,0.113905,0.201789,0.394878,0.074913,0.220327,0.759829,0.864425,0.924632,0.316288,0.417577,0.299421,0.212518,13.710461,13.994817,0.338860,0.209948,0.749455,0.758087,0.574289,0.583029,0.883034,0.891076,0.747563,0.358327,0.113832,37.371708,0.004515,0.008519,13.509401,0.004543,0.004544,0.000722,0.002127,11026312.781968,0.000000
-10796177.858706,1659560.967276,81852182.460247,37.366859,-1.642761,0.899177,0.759952,0.834258,0.713621,0.806425,0.449186,0.675752,0.703847,0.007333,0.139806,0.585355,0.527885,0.352406,0.170273,0.456727,0.747129,0.767410,0.985561,0.254624,0.333923,0.114264,0.806980,0.395493,0.010359,0.225239,0.442020,0.938000,0.847489,0.696220,0.422323,0.264830,0.234379,10.121791,13.294742,0.305985,0.221064,0.707849,0.790717,0.626257,0.695063,0.881655,0.935830,0.806555,0.538007,0.135722,42.633141,0.000305,0.006683,2.656788,0.003537,0.003557,0.000275,0.002574,10796177.858706,0.000000
-11342990.125609,1754325.183724,73387667.392976,36.848930,-1.394222,0.892937,0.759952,0.868125,0.564072,0.784283,0.718131,0.879098,0.574130,0.320217,0.140538,0.595483,0.666665,0.927366,0.940618,0.636005,0.617736,0.770796,0.827216,0.331731,0.904903,0.111049,0.167161,0.544697,0.007435,0.217263,0.697364,0.865088,0.955540,0.478103,0.420008,0.165962,0.196015,13.522492,14.079573,0.176932,0.196617,0.721392,0.756993,0.585998,0.596482,0.854714,0.868005,0.751974,0.412633,0.108401,43.151070,0.004632,0.011033,5.498817,0.003619,0.003634,0.000307,0.002542,11342990.125609,0.000000
-16353897.968722,1636047.984265,73698787.189037,50.819158,-1.507447,0.778709,0.930248,0.726865,0.026348,0.779125,0.988286,0.699274,0.338800,0.196992,0.327771,0.906327,0.769037,0.810304,0.992307,0.304016,0.344936,0.794492,0.217227,0.051523,0.000526,0.078826,0.473833,0.792880,0.124206,0.379257,0.606157,0.931336,0.848295,0.556261,0.404579,0.304316,0.214940,12.777370,8.967503,0.328697,0.205631,0.730333,0.764024,0.642741,0.670934,0.895499,0.917993,0.778525,0.480358,0.176689,29.180842,0.016337,0.001976,10.504413,0.004465,0.004431,0.000341,0.002508,16353897.968722,0.000000
-15134778.682432,1719225.770144,75634579.359323,46.316028,-1.507673,0.906796,0.931585,0.726865,0.685024,0.786380,0.988030,0.725169,0.235576,0.576421,0.161436,0.902730,0.764823,0.810802,0.993396,0.305440,0.344936,0.734080,0.790819,0.533246,0.264920,0.080070,0.207968,0.396144,0.119102,0.218096,0.606157,0.931139,0.848295,0.555077,0.404709,0.304208,0.214908,13.657856,14.064331,0.185305,0.199544,0.725958,0.774233,0.638368,0.652180,0.892354,0.908184,0.778575,0.479872,0.176264,33.683972,0.008125,0.003408,12.217096,0.004622,0.004600,0.000489,0.002360,15134778.682432,0.000000
-13474994.469662,1546332.241481,70337998.454445,43.033986,-0.869695,0.745186,0.622717,0.869840,0.374340,0.787040,0.743049,0.667752,0.567925,0.197015,0.815676,0.590641,0.357441,0.338378,0.173376,0.394074,0.780871,0.600503,0.986433,0.297569,0.669911,0.246662,0.472567,0.393241,0.079050,0.220327,0.644141,0.892217,0.840046,0.682529,0.332743,0.264285,0.243587,10.926511,13.740821,0.160130,0.198425,0.682519,0.746023,0.596160,0.649256,0.843015,0.894790,0.580921,0.535249,0.374393,36.966014,0.000764,0.013756,3.246054,0.003003,0.003049,0.000232,0.002617,13474994.469662,0.000000
-10241742.065400,1667333.352813,63030080.925957,37.205490,-1.558663,0.742317,0.621443,0.851466,0.555153,0.677498,0.935829,0.744287,0.410249,0.056281,0.999624,0.825630,0.824141,0.914351,0.963420,0.922732,0.120914,0.519476,0.431249,0.299310,0.693872,0.123350,0.299732,0.394466,0.033401,0.127741,0.695197,0.926349,0.953087,0.849295,0.414911,0.264929,0.441463,12.549551,16.657160,0.077897,0.236866,0.754182,0.783938,0.662259,0.687159,0.913256,0.931411,0.789583,0.559228,0.053457,42.794510,0.011199,0.001068,7.493074,0.003598,0.003611,0.000615,0.002234,10241742.065400,0.000000
-11032926.183105,1321299.054576,62029918.840213,60.923633,-1.597320,0.739596,0.982037,0.307259,0.070818,0.802828,0.738809,0.666875,0.548160,0.093971,0.092732,0.455282,0.706714,0.278757,0.178736,0.390321,0.578353,0.575973,0.986294,0.297569,0.112853,0.634672,0.035313,0.299230,0.317947,0.153958,0.644141,0.933190,0.952599,0.441024,0.417562,0.264234,0.214758,11.616331,16.133559,0.325454,0.222934,0.772526,0.799815,0.684385,0.707251,0.924979,0.940536,0.797562,0.399003,0.145039,19.076367,0.002805,0.011377,4.840543,0.004677,0.004699,0.000746,0.002103,11032926.183105,0.000000
-11137636.681161,1729170.781663,68325175.978023,39.112317,-1.426750,0.742317,0.620483,0.841546,0.561197,0.673612,0.939272,0.909928,0.395045,0.053776,0.999624,0.917624,0.825370,0.917493,0.962514,0.926280,0.120920,0.519476,0.778890,0.562290,0.699325,0.123350,0.302157,0.391117,0.033401,0.219364,0.177128,0.885169,0.839170,0.849295,0.414904,0.305005,0.248608,12.742492,13.896119,0.013456,0.206429,0.734478,0.758432,0.643237,0.663334,0.900995,0.916628,0.759912,0.581435,0.129656,40.887683,0.011009,0.001088,8.009350,0.003509,0.003520,0.000583,0.002266,11137636.681161,0.000000
-7430610.040980,1404787.926774,53292298.687041,39.367737,-0.853698,0.752812,0.969115,0.354710,0.388589,0.352506,0.183463,0.641454,0.495874,0.203745,0.822508,0.816780,0.385394,0.788186,0.173240,0.452119,0.283992,0.688124,0.979482,0.265953,0.334336,0.115697,0.201698,0.126844,0.078117,0.065563,0.612390,0.688030,0.960186,0.456081,0.429176,0.161773,0.210791,12.891701,18.579549,0.298939,0.227114,0.756693,0.804596,0.658182,0.698026,0.871774,0.940122,0.574163,0.402527,0.008978,40.632263,0.000728,0.003840,4.327203,0.004184,0.004182,0.000662,0.002187,7430610.040980,0.000000
-18758375.848735,1866596.650071,79887631.882003,51.801069,-0.583083,0.684971,0.976198,0.852044,0.076327,0.649530,0.936188,0.666928,0.340622,0.210877,0.771784,0.864653,0.390576,0.840642,0.368429,0.388974,0.784293,0.600020,0.983263,0.487378,0.333936,0.479842,0.199136,0.972149,0.076756,0.616524,0.641580,0.865106,0.982253,0.999170,0.308028,0.298636,0.222337,13.895380,2.060279,0.198075,0.164611,0.618613,0.666607,0.527982,0.568309,0.772049,0.820305,0.441825,0.606570,0.452555,28.198931,0.003180,0.014942,11.639335,0.004227,0.004196,0.000147,0.002702,18758375.848735,0.000000
-10349889.035603,1710046.184422,83929973.937105,36.532561,-1.340530,0.892937,0.974962,0.857456,0.964471,0.153013,0.138252,0.421334,0.567471,0.321070,0.085890,0.870059,0.390269,0.275428,0.845463,0.642661,0.784668,0.769590,0.986186,0.431876,0.916317,0.468301,0.199937,0.066778,0.033394,0.096321,0.721732,0.861306,0.412829,0.482071,0.413535,0.299442,0.195888,12.974682,17.718637,0.380695,0.184221,0.685780,0.769652,0.601631,0.610438,0.865459,0.887019,0.738293,0.417239,0.122063,43.467439,0.000651,0.008638,5.638100,0.004603,0.004593,0.000730,0.002119,10349889.035603,0.000000
-8052176.473283,1618061.310576,55285124.631556,34.329597,-0.165867,0.892937,0.759983,0.847549,0.066686,0.811288,0.138235,0.888654,0.567471,0.321046,0.575216,0.901117,0.666665,0.811242,0.845463,0.637287,0.784654,0.769590,0.991435,0.431876,0.905339,0.475501,0.599991,0.543307,0.004998,0.094924,0.724981,0.861753,0.412526,0.482071,0.262346,0.165472,0.195999,11.045125,17.390010,0.404811,0.144539,0.676024,0.696590,0.568167,0.599132,0.810316,0.830058,0.152841,0.416967,0.660951,45.670403,0.011625,0.021638,1.578203,0.004618,0.004626,0.000931,0.001918,8052176.473283,0.000000
-5684542.585437,1407460.163549,41042533.511576,36.534517,-1.459328,0.762464,0.686394,0.301186,0.371314,0.137976,0.942452,0.722346,0.231710,0.611018,0.953490,0.594875,0.659464,0.277629,0.811101,0.298441,0.769210,0.555887,0.977916,0.554027,0.507374,0.567302,0.660077,0.301490,0.046119,0.045227,0.205069,0.927430,0.933182,0.828762,0.399167,0.305279,0.243079,8.710550,18.785806,0.098469,0.273981,0.813525,0.789915,0.715988,0.696725,0.946555,0.933277,0.767608,0.558658,0.188943,43.465483,0.007460,0.009263,1.946161,0.003845,0.003878,0.000384,0.002465,5684542.585437,0.000000
-8029737.094023,1757016.892873,55080864.013558,32.976272,-1.375586,0.955986,0.976264,0.868222,0.396804,0.103232,0.940834,0.939123,0.569730,0.613334,0.341098,0.919209,0.737232,0.912346,0.813357,0.225257,0.782745,0.785360,0.994546,0.838226,0.691969,0.114852,0.488018,0.876021,0.004022,0.030430,0.759323,0.864418,0.967308,0.316472,0.417423,0.307436,0.212469,11.943983,19.464911,0.557642,0.233871,0.736989,0.733061,0.562582,0.574360,0.873512,0.883272,0.747309,0.345758,0.114194,47.023728,0.012624,0.004079,14.555043,0.004946,0.004942,0.000861,0.001988,8029737.094023,0.000000
-8766941.526570,1574186.040704,58412739.757554,35.430501,-1.375658,0.699165,0.899328,0.854187,0.071584,0.850950,0.834089,0.660233,0.579564,0.205200,0.123816,0.590641,0.388963,0.923307,0.818140,0.366494,0.898077,0.600503,0.986197,0.329135,0.753896,0.116933,0.203531,0.716094,0.033845,0.041660,0.196084,0.864418,0.955240,0.478561,0.417434,0.293828,0.212518,13.264376,19.335263,0.511083,0.234252,0.764747,0.785428,0.658590,0.670288,0.919614,0.928474,0.747327,0.412908,0.114167,44.569499,0.003926,0.014976,8.326517,0.004539,0.004541,0.000477,0.002372,8766941.526570,0.000000
-13692446.465992,1719315.856164,75635466.065034,42.876099,-0.719743,0.786881,0.980755,0.860976,0.433790,0.785663,0.565549,0.666757,0.567662,0.041710,0.128098,0.590104,0.567426,0.795510,0.798024,0.542014,0.780871,0.654562,0.985735,0.299014,0.750234,0.132241,0.590214,0.393241,0.076905,0.220327,0.644141,0.677300,0.954399,0.478088,0.413966,0.298760,0.183498,12.055826,13.666890,0.336982,0.190621,0.673338,0.754319,0.574949,0.600370,0.856647,0.868485,0.513123,0.412991,0.036965,37.123901,0.005136,0.015528,7.570749,0.004307,0.004305,0.000403,0.002446,13692446.465992,0.000000
-11954406.083829,1547588.352637,63689269.473417,57.497865,-1.593696,0.740729,0.975772,0.837119,0.072930,0.806033,0.741757,0.680665,0.564242,0.343955,0.822507,0.821173,0.706714,0.788191,0.769486,0.390321,0.594312,0.689295,0.997276,0.297569,0.018548,0.121836,0.208336,0.299934,0.312753,0.062502,0.644141,0.922502,0.952599,0.688018,0.422335,0.270548,0.414695,13.307413,18.847535,0.400987,0.176598,0.770916,0.801951,0.677439,0.703416,0.924681,0.942230,0.796827,0.496047,0.040236,22.502135,0.012228,0.011577,10.810931,0.004915,0.004913,0.000774,0.002075,11954406.083829,0.000000
-8699908.518003,1671185.379132,56507345.233877,34.834864,-1.440372,0.740830,0.621443,0.841717,0.556027,0.673612,0.742101,0.909928,0.410249,0.636507,0.999624,0.927005,0.824027,0.919604,0.966721,0.926280,0.121489,0.302796,0.396634,0.820482,0.863377,0.076858,0.310343,0.394466,0.035533,0.006020,0.183031,0.885169,0.952920,0.844837,0.417032,0.434483,0.457217,12.575545,20.335667,0.119126,0.257897,0.763335,0.771865,0.664506,0.671844,0.920179,0.925219,0.763160,0.557540,0.019042,45.165136,0.011249,0.000724,2.852890,0.004063,0.004069,0.000769,0.002080,8699908.518003,0.000000
-16173212.215037,1737283.993897,71720577.273277,50.351167,-1.612321,0.904063,0.973564,0.707161,0.190019,0.482068,0.784047,0.691791,0.342239,0.392654,0.325699,0.779389,0.238518,0.917607,0.544688,0.906526,0.467778,0.758618,0.985002,0.566770,0.745036,0.246067,0.839036,0.871882,0.120976,0.369080,0.704552,0.930191,0.961888,0.363941,0.421419,0.489056,0.072200,10.765716,8.987598,0.228933,0.236124,0.578132,0.594497,0.354631,0.366507,0.398708,0.462263,0.800576,0.365922,0.005207,29.648833,0.000911,0.010067,12.191847,0.004169,0.004150,0.000621,0.002228,16173212.215037,0.000000
-5626226.821731,1451706.389403,47503832.943596,35.878348,-1.556522,0.729369,0.687492,0.301186,0.575310,0.860285,0.942328,0.663699,0.766009,0.310020,0.117443,0.590928,0.653859,0.275081,0.804803,0.919958,0.691175,0.565665,0.986424,0.988458,0.753112,0.126793,0.973148,0.390098,0.046119,0.011735,0.615180,0.921166,0.458666,0.629233,0.417151,0.321165,0.346953,10.481839,19.573387,0.112485,0.223989,0.803331,0.792904,0.704421,0.698747,0.942754,0.936884,0.789132,0.416013,0.140585,44.121652,0.005624,0.035263,4.642158,0.003779,0.003795,0.000286,0.002563,5626226.821731,0.000000
-11052178.178460,1655507.368346,64350696.371867,42.874324,-1.261469,0.956547,0.976258,0.860976,0.071723,0.785470,0.696760,0.732703,0.567925,0.615373,0.134805,0.581337,0.458600,0.848913,0.817155,0.383705,0.720549,0.600503,0.808946,0.321539,0.501051,0.464972,0.201618,0.536387,0.076905,0.223727,0.234012,0.865132,0.954465,0.478088,0.399528,0.298636,0.221966,13.555114,13.889076,0.463692,0.198353,0.744042,0.756215,0.635948,0.643512,0.905885,0.913712,0.716762,0.412970,0.158626,37.125676,0.004216,0.008411,9.630455,0.004514,0.004518,0.000708,0.002141,11052178.178460,0.000000
-12032591.354742,1597199.225291,61498885.301257,46.320768,-1.514679,0.906796,0.968227,0.726865,0.035515,0.793261,0.988030,0.725169,0.500842,0.570092,0.162607,0.902730,0.764823,0.810772,0.993396,0.307347,0.352882,0.745582,0.448601,0.278524,0.262730,0.080799,0.209154,0.396144,0.119155,0.218096,0.606157,0.933350,0.848295,0.445909,0.404709,0.304189,0.214975,13.886210,14.051011,0.482970,0.211996,0.766878,0.762986,0.642155,0.649666,0.913894,0.917296,0.780121,0.435148,0.177294,33.679232,0.008350,0.003625,12.375166,0.004844,0.004814,0.000673,0.002176,12032591.354742,0.000000
-11272419.194102,1634857.439913,67965369.718548,40.920932,-1.586462,0.785813,0.982037,0.871178,0.371969,0.802828,0.742033,0.666875,0.564116,0.601007,0.825179,0.451081,0.706543,0.276352,0.797058,0.390321,0.566034,0.601297,0.984281,0.297569,0.792622,0.411080,0.035313,0.299460,0.073570,0.151348,0.776810,0.933190,0.750584,0.685715,0.415863,0.272563,0.418296,14.121192,16.203249,0.474943,0.208019,0.749599,0.781232,0.659149,0.685606,0.910230,0.929801,0.795352,0.527703,0.031239,39.079068,0.001733,0.010422,8.958279,0.004252,0.004256,0.000677,0.002172,11272419.194102,0.000000
-16115470.637513,1648691.159410,73363099.598174,50.986564,-1.595170,0.778485,0.930141,0.728751,0.026168,0.779115,0.988286,0.699274,0.338397,0.196992,0.327771,0.906327,0.769037,0.897289,0.783456,0.130982,0.600060,0.600619,0.221724,0.247676,0.742988,0.079030,0.473833,0.792880,0.126027,0.379257,0.536210,0.931336,0.848295,0.696907,0.418146,0.302303,0.214940,12.712725,8.971334,0.339750,0.204309,0.738841,0.761743,0.650569,0.669813,0.903363,0.918181,0.797126,0.537978,0.142780,29.013436,0.017319,0.001865,10.352937,0.004480,0.004443,0.000359,0.002490,16115470.637513,0.000000
-10762509.391372,1602632.270259,67846720.457975,41.181992,-1.338517,0.952567,0.958611,0.859815,0.161071,0.776969,0.852969,0.658530,0.569862,0.615914,0.151018,0.454860,0.595845,0.282668,0.827112,0.639085,0.779123,0.563968,0.858899,0.333080,0.502044,0.042649,0.036682,0.339992,0.078640,0.144678,0.741437,0.852758,0.740953,0.316665,0.417577,0.343134,0.210279,14.577917,16.408373,0.571355,0.215728,0.736382,0.770819,0.599057,0.608939,0.900641,0.909992,0.737766,0.418179,0.108541,38.818008,0.001694,0.019947,10.272794,0.004285,0.004286,0.000599,0.002250,10762509.391372,0.000000
-10288633.874010,1718816.506072,74807351.712667,36.722828,-1.375948,0.956550,0.976013,0.803875,0.373145,0.774624,0.159473,0.666757,0.569729,0.316821,0.151113,0.595529,0.388963,0.912346,0.813287,0.382291,0.525607,0.572465,0.850489,0.331596,0.754295,0.114852,0.933507,0.639463,0.003637,0.220419,0.759323,0.864418,0.924068,0.294591,0.417479,0.268080,0.212518,10.096587,13.329877,0.400160,0.227971,0.711646,0.766342,0.569344,0.582065,0.881764,0.896263,0.747400,0.349876,0.114059,43.277172,0.003913,0.007027,4.382191,0.004458,0.004455,0.000664,0.002185,10288633.874010,0.000000
-11194597.522217,1688729.227656,65485080.423960,42.844018,-0.748788,0.918754,0.980755,0.860976,0.071584,0.785663,0.680373,0.666757,0.567894,0.615770,0.127043,0.590134,0.724898,0.795510,0.814059,0.230714,0.780871,0.653865,0.985735,0.330653,0.766337,0.064257,0.201439,0.392369,0.077461,0.220327,0.644141,0.678981,0.954465,0.475628,0.417577,0.298636,0.212518,14.132118,13.994446,0.460931,0.191215,0.711394,0.743725,0.606768,0.632486,0.890439,0.903711,0.527061,0.412004,0.029765,37.155982,0.003684,0.004487,9.206475,0.004520,0.004516,0.000609,0.002240,11194597.522217,0.000000
-13101841.018052,1453918.745675,67371504.657147,60.379501,-1.207255,0.828490,0.976421,0.612371,0.377741,0.794829,0.976755,0.500090,0.569412,0.319400,0.138247,0.590082,0.459236,0.257361,0.811903,0.384146,0.994546,0.601015,0.987687,0.353102,0.749644,0.467124,0.670267,0.386490,0.308699,0.154620,0.764052,0.852394,0.924294,0.316737,0.397626,0.169864,0.212983,10.291261,15.662107,0.203082,0.158197,0.739354,0.781513,0.618416,0.622747,0.902730,0.911356,0.700983,0.358607,0.157489,19.620499,0.001763,0.013286,12.113670,0.004699,0.004703,0.000689,0.002160,13101841.018052,0.000000
-12439994.419546,1741669.829263,65080761.329683,42.611442,-1.382106,0.956547,0.976258,0.725403,0.508510,0.759960,0.954977,0.666757,0.489130,0.613334,0.955925,0.755932,0.586300,0.912346,0.826276,0.637230,0.716025,0.321304,0.842287,0.331018,0.846811,0.113905,0.200352,0.120705,0.074913,0.219597,0.759829,0.864425,0.749038,0.294327,0.418442,0.299421,0.102533,13.876600,14.020967,0.323767,0.192200,0.561681,0.578485,0.325693,0.338646,0.491295,0.533328,0.748951,0.405815,0.111786,37.388558,0.009387,0.008734,16.915660,0.004720,0.004722,0.000963,0.001886,12439994.419546,0.000000
-8524279.495956,1533087.626224,53033994.824207,40.883541,-1.424046,0.743123,0.621443,0.305365,0.551155,0.777754,0.939272,0.661429,0.551845,0.053653,0.127441,0.596559,0.822096,0.894763,0.968865,0.926280,0.725829,0.519476,0.429161,0.562290,0.699337,0.114769,0.854979,0.393381,0.077548,0.128155,0.011155,0.884282,0.954056,0.851703,0.414929,0.421534,0.440107,11.674112,16.154325,0.027858,0.268898,0.771356,0.779734,0.673842,0.681049,0.924908,0.929726,0.759262,0.559809,0.057398,39.116459,0.005526,0.024022,5.345847,0.003790,0.003812,0.000402,0.002447,8524279.495956,0.000000
-11732795.323615,1749651.665707,67189499.278415,41.580679,-1.448587,0.762505,0.975026,0.837505,0.036340,0.776888,0.910050,0.944094,0.576347,0.044607,0.775865,0.832957,0.470892,0.367724,0.797617,0.240343,0.557910,0.687748,0.648003,0.273326,0.624470,0.484581,0.475922,0.685311,0.007803,0.453674,0.780637,0.891599,0.836119,0.981563,0.415076,0.305184,0.242859,12.730802,6.677307,0.432852,0.209931,0.739461,0.677123,0.645010,0.593747,0.904306,0.857630,0.765098,0.577667,0.132171,38.419321,0.002487,0.004622,12.067160,0.004526,0.004496,0.000404,0.002445,11732795.323615,0.000000
-13003687.610910,1793566.299533,71700397.007347,41.155194,-1.316290,0.802139,0.972764,0.837591,0.496492,0.777050,0.078115,0.949060,0.568004,0.265631,0.139483,0.957602,0.614031,0.256964,0.798167,0.123994,0.714989,0.682008,0.644357,0.253916,0.286042,0.116452,0.597698,0.465519,0.006344,0.437960,0.013298,0.848682,0.751401,0.299024,0.416187,0.425143,0.222810,12.326145,7.073167,0.344408,0.177776,0.724385,0.748834,0.542820,0.554277,0.876350,0.887726,0.731872,0.407006,0.045767,38.844806,0.000975,0.001697,4.347890,0.004119,0.004079,0.000029,0.002820,13003687.610910,0.000000
-11442477.693536,1708698.657735,65185054.625547,42.872351,-1.375768,0.956547,0.976271,0.860976,0.071723,0.785663,0.696760,0.666757,0.567925,0.616449,0.134805,0.590641,0.458600,0.907396,0.823132,0.388898,0.990553,0.600503,0.985472,0.330664,0.746789,0.114564,0.191930,0.022943,0.076905,0.223727,0.702790,0.865132,0.954465,0.271093,0.417087,0.298636,0.221201,13.878538,13.902667,0.457687,0.210613,0.741610,0.752433,0.559264,0.567566,0.881598,0.889830,0.747355,0.331702,0.115313,37.127649,0.004322,0.010691,10.144490,0.004536,0.004539,0.000743,0.002106,11442477.693536,0.000000
-18658010.788548,1816165.869907,85209748.189590,51.556115,-1.375614,0.679438,0.997300,0.726429,0.104581,0.760092,0.967948,0.410691,0.238338,0.578211,0.776587,0.913480,0.460169,0.916818,0.369289,0.388898,0.720719,0.598868,0.642926,0.217925,0.333936,0.211252,0.471230,0.395476,0.075674,0.608191,0.641580,0.865106,0.994314,0.992642,0.417076,0.298348,0.221008,13.163780,2.046849,0.254397,0.204026,0.683928,0.769108,0.596859,0.667616,0.864559,0.923912,0.747316,0.599354,0.115327,28.443885,0.005584,0.014409,11.528979,0.004307,0.004278,0.000216,0.002633,18658010.788548,0.000000
-11529996.492309,1570129.396334,75374280.228829,39.357917,-1.459328,0.776436,0.685970,0.841212,0.692527,0.852017,0.927134,0.729454,0.445585,0.611018,0.966274,0.594889,0.978749,0.171502,0.811101,0.298441,0.448338,0.555887,0.977916,0.212404,0.507374,0.567367,0.857283,0.300390,0.078048,0.059503,0.659563,0.927430,0.737524,0.486276,0.399167,0.326991,0.228396,9.027901,18.304504,0.197740,0.221900,0.713125,0.787693,0.629209,0.683353,0.882083,0.931946,0.767608,0.492174,0.188943,40.642083,0.000757,0.005059,7.813778,0.003560,0.003576,0.000428,0.002421,11529996.492309,0.000000
-14086928.421790,1672307.749175,70506204.286209,44.132591,-1.621046,0.786764,0.959981,0.866248,0.368961,0.168247,0.853657,0.680014,0.570899,0.104733,0.141719,0.982907,0.739982,0.289714,0.351649,0.448780,0.701164,0.686915,0.954684,0.033047,0.020032,0.113315,0.850924,0.918949,0.079689,0.262567,0.643472,0.933321,0.635955,0.552166,0.421230,0.270638,0.200795,10.272366,12.178969,0.548275,0.189615,0.750319,0.790296,0.636543,0.644035,0.893622,0.901563,0.802308,0.482274,0.136236,35.867409,0.001990,0.000727,11.639583,0.004596,0.004568,0.000451,0.002398,14086928.421790,0.000000
-13455113.754633,1557666.599371,70870400.494581,43.008352,-1.693845,0.740888,0.640541,0.846046,0.373670,0.787040,0.743049,0.667730,0.562857,0.208710,0.965753,0.590641,0.357441,0.338381,0.173376,0.394074,0.780864,0.600503,0.779559,0.305431,0.277957,0.246662,0.469240,0.393033,0.079050,0.219236,0.644093,0.891938,0.840046,0.683054,0.454734,0.311210,0.243587,11.094738,13.770282,0.204342,0.235800,0.752300,0.805401,0.663154,0.707264,0.917203,0.946947,0.816189,0.535465,0.043817,36.991648,0.000766,0.013917,3.803833,0.003141,0.003184,0.000272,0.002577,13455113.754633,0.000000
-15195076.552887,1974310.351488,76187057.565717,43.406310,-1.539287,0.901497,0.975638,0.838186,0.666985,0.777167,0.649389,0.963381,0.236420,0.617801,0.674524,0.978642,0.705313,0.789290,0.743206,0.392604,0.581316,0.690430,0.995049,0.220065,0.291751,0.113226,0.597698,0.396830,0.026736,0.453634,0.026804,0.937384,0.954068,0.443038,0.406518,0.421142,0.225933,12.572097,6.621905,0.202442,0.193799,0.724042,0.737594,0.565245,0.572036,0.865383,0.872704,0.785466,0.399333,0.145780,36.593690,0.005189,0.005700,10.670668,0.004410,0.004415,0.000506,0.002343,15195076.552887,0.000000
-11078087.590225,1635850.078711,65478600.813567,42.862404,-1.406453,0.943951,0.921603,0.836829,0.071581,0.787007,0.731841,0.666792,0.570094,0.613044,0.821925,0.590641,0.354389,0.798636,0.160532,0.390741,0.749597,0.677297,0.951289,0.254607,0.749600,0.202873,0.201144,0.393246,0.077679,0.220327,0.644141,0.864418,0.749143,0.551045,0.422284,0.263837,0.212518,13.595898,13.983846,0.486632,0.196221,0.751503,0.777461,0.653422,0.660988,0.909220,0.915573,0.754989,0.515405,0.102789,37.137596,0.002662,0.009081,10.115515,0.004495,0.004503,0.000886,0.001963,11078087.590225,0.000000
-11464511.125634,1606512.734359,73946258.404831,40.707703,-1.339634,0.952567,0.958366,0.802749,0.189373,0.774636,0.841853,0.658530,0.570452,0.203884,0.149977,0.585726,0.595845,0.792039,0.827112,0.634277,0.522016,0.563968,0.850371,0.333080,0.508531,0.113805,0.036682,0.333287,0.078640,0.123916,0.654780,0.852758,0.740953,0.294785,0.417752,0.267772,0.210279,14.522001,17.026898,0.491616,0.205121,0.716740,0.773799,0.582649,0.592601,0.889740,0.901184,0.738059,0.408803,0.108128,39.292297,0.004729,0.012572,11.313689,0.004603,0.004603,0.000770,0.002079,11464511.125634,0.000000
-7624091.550402,1544173.225643,54074073.345265,33.478811,-0.711204,0.690186,0.882445,0.836123,0.068549,0.788219,0.806725,0.654044,0.567268,0.268468,0.837763,0.591016,0.439326,0.907906,0.733364,0.178405,0.787395,0.287904,0.146391,0.301423,0.735597,0.111729,0.971449,0.373618,0.017002,0.001844,0.111048,0.672895,0.955214,0.988488,0.415057,0.414963,0.221964,9.102996,19.875924,0.670487,0.266775,0.733183,0.737067,0.627167,0.630701,0.905147,0.907499,0.508947,0.613060,0.032539,46.521189,0.005234,0.001492,9.275123,0.004647,0.004652,0.000724,0.002125,7624091.550402,0.000000
-11413944.697781,1815997.120223,74487271.722736,36.986863,-1.399652,0.893137,0.759952,0.868109,0.564250,0.784283,0.718131,0.879098,0.574130,0.341707,0.143399,0.595458,0.965082,0.927246,0.940618,0.636005,0.617736,0.695538,0.991955,0.331731,0.742414,0.210443,0.829301,0.391733,0.007683,0.217295,0.697364,0.865065,0.954967,0.725212,0.420876,0.251971,0.196015,10.434346,13.541089,0.168661,0.209545,0.715543,0.754053,0.624887,0.657017,0.877366,0.886062,0.753317,0.509814,0.106359,43.013137,0.004111,0.012670,5.293908,0.003532,0.003536,0.000164,0.002685,11413944.697781,0.000000
-11935028.581213,1746502.989005,65181246.044888,43.531026,-1.579293,0.813082,0.835874,0.617032,0.688574,0.787549,0.695013,0.661102,0.568085,0.574492,0.823144,0.935303,0.707968,0.893546,0.759335,0.393369,0.537654,0.651132,0.259862,0.037854,0.680748,0.122372,0.847303,0.300347,0.036270,0.413943,0.644142,0.928394,0.948634,0.287117,0.417120,0.270163,0.225517,11.112861,7.610187,0.157450,0.199879,0.739695,0.752119,0.553279,0.562925,0.880429,0.889932,0.793879,0.339686,0.143941,36.468974,0.005159,0.000296,8.514851,0.004349,0.004358,0.000574,0.002275,11935028.581213,0.000000
-5570306.696065,1453498.404821,42120664.980174,33.508004,-0.701608,0.557953,0.890576,0.356197,0.371182,0.354888,0.806725,0.645486,0.568394,0.203050,0.822565,0.486872,0.439326,0.786890,0.574105,0.462273,0.791586,0.287654,0.108515,0.265744,0.593754,0.111748,0.971449,0.131981,0.017391,0.001844,0.611454,0.675992,0.960810,0.986855,0.411868,0.421791,0.221964,9.314917,19.834224,0.349197,0.274877,0.771932,0.746178,0.661011,0.640057,0.928761,0.912948,0.504213,0.610200,0.041050,46.491996,0.007010,0.003086,5.365846,0.004384,0.004379,0.000745,0.002104,5570306.696065,0.000000
-18781287.129236,1895230.561617,79894812.709950,51.798460,-1.409475,0.684971,0.976198,0.852044,0.076327,0.765054,0.936188,0.666928,0.343098,0.210849,0.771784,0.864653,0.484384,0.840642,0.368429,0.388973,0.788487,0.600275,0.983263,0.491220,0.306268,0.479884,0.186321,0.972149,0.076756,0.616524,0.640090,0.865106,0.982253,0.999297,0.422408,0.298636,0.222348,14.053160,2.074131,0.186405,0.186513,0.707311,0.745428,0.614588,0.646426,0.883272,0.909560,0.755728,0.606619,0.102809,28.201540,0.005287,0.014984,11.565163,0.004210,0.004178,0.000132,0.002717,18781287.129236,0.000000
-16160364.570592,1544717.311949,76762679.515119,60.762124,-1.625388,0.739868,0.977288,0.607598,0.070775,0.780493,0.694801,0.666875,0.220848,0.358110,0.792030,0.810962,0.707326,0.892693,0.759298,0.237378,0.578353,0.651153,0.792551,0.569958,0.686515,0.614933,0.477792,0.370004,0.314345,0.153958,0.644171,0.934568,0.952599,0.724988,0.421292,0.424240,0.238239,11.178841,15.819319,0.346369,0.217186,0.730639,0.795431,0.644432,0.698325,0.898066,0.938424,0.803165,0.510572,0.136648,19.237876,0.017303,0.005342,10.757198,0.004957,0.004929,0.000780,0.002069,16160364.570592,0.000000
-10815830.263093,1639935.837956,63973812.354487,40.867591,-1.469303,0.739878,0.621443,0.860155,0.543003,0.777754,0.939775,0.661429,0.551845,0.606295,0.804192,0.596559,0.705569,0.894763,0.968865,0.253876,0.725829,0.518687,0.429161,0.562290,0.699337,0.114769,0.854979,0.228749,0.077548,0.127455,0.011320,0.884282,0.954080,0.680121,0.422036,0.421277,0.239691,10.369028,16.254316,0.068583,0.230883,0.755105,0.789959,0.660416,0.689531,0.915581,0.936235,0.769914,0.492425,0.112284,39.132409,0.011680,0.007178,6.850575,0.003144,0.003157,0.000141,0.002708,10815830.263093,0.000000
-10997455.035867,1433240.034248,61675944.701272,60.599186,-1.583200,0.743114,0.977288,0.315050,0.078946,0.780403,0.744325,0.666875,0.577451,0.053558,0.140266,0.827870,0.823242,0.783868,0.170658,0.910803,0.578353,0.653268,0.986294,0.297569,0.701804,0.614933,0.477792,0.297922,0.312067,0.154658,0.646290,0.933655,0.952575,0.859584,0.415125,0.272821,0.438655,9.984000,15.776425,0.299941,0.198161,0.769617,0.785796,0.678435,0.692121,0.922919,0.932395,0.794683,0.563464,0.063942,19.400814,0.002821,0.014778,6.207671,0.004723,0.004738,0.000896,0.001953,10997455.035867,0.000000
-7280851.253943,1416790.096971,52514795.753931,39.382775,-0.859728,0.744528,0.969115,0.354710,0.388589,0.348447,0.183463,0.962562,0.495852,0.344860,0.822508,0.816780,0.385394,0.788186,0.166158,0.452119,0.784973,0.688087,0.426207,0.267596,0.334336,0.202754,0.201698,0.132164,0.078117,0.066222,0.612390,0.688030,0.960186,0.456081,0.430145,0.161773,0.210791,12.792042,18.572854,0.362254,0.221989,0.760175,0.771929,0.660382,0.670388,0.875183,0.919892,0.576723,0.402527,0.006952,40.617225,0.000677,0.010662,5.565377,0.004198,0.004200,0.000677,0.002172,7280851.253943,0.000000
-12986335.705546,1490475.853310,66352792.847123,60.376240,-1.213013,0.826825,0.976421,0.612371,0.514644,0.794829,0.976755,0.497731,0.566968,0.400997,0.953875,0.761644,0.586838,0.275471,0.185825,0.634277,0.992797,0.320395,0.842238,0.297309,0.842159,0.467124,0.668830,0.112317,0.308699,0.154535,0.764052,0.852394,0.749204,0.692121,0.398491,0.265912,0.103224,10.385441,15.672633,0.423872,0.161807,0.729618,0.737437,0.589081,0.593649,0.696026,0.715190,0.702700,0.557795,0.155270,19.623760,0.000569,0.010502,13.642085,0.004827,0.004833,0.000935,0.001914,12986335.705546,0.000000
-4843308.470382,1418382.598844,43037797.063117,33.485369,-1.245005,0.744372,0.982037,0.352976,0.067061,0.842989,0.274335,0.669235,0.490253,0.318373,0.779000,0.449011,0.393375,0.257271,0.813986,0.385775,0.782794,0.551166,0.988374,0.353807,0.058775,0.115100,0.886153,0.393241,0.008533,0.035264,0.694163,0.829345,0.952682,0.288390,0.414991,0.163256,0.220548,9.666645,18.890179,0.459126,0.261029,0.805008,0.810185,0.658588,0.681883,0.910582,0.947312,0.712060,0.339010,0.104000,46.514631,0.004554,0.013862,4.193612,0.004578,0.004597,0.000776,0.002073,4843308.470382,0.000000
-13326636.445796,1605042.305768,69873570.110620,43.004179,-1.601521,0.901417,0.636989,0.846070,0.373161,0.787024,0.742930,0.670364,0.563655,0.209359,0.965753,0.590641,0.357441,0.336306,0.754285,0.394074,0.780864,0.600503,0.779559,0.305431,0.739953,0.246662,0.447208,0.393033,0.079054,0.219236,0.644093,0.863430,0.840046,0.726320,0.454734,0.311210,0.243587,11.352746,13.799599,0.153739,0.225454,0.750832,0.796596,0.659352,0.697405,0.916827,0.942799,0.798410,0.553250,0.031840,36.995821,0.001471,0.010293,4.660420,0.003176,0.003217,0.000287,0.002562,13326636.445796,0.000000
-16523080.620362,1874462.893385,71196903.050096,51.857116,-1.309479,0.897031,0.976198,0.803475,0.071582,0.253018,0.936188,0.671780,0.345035,0.639095,0.325867,0.864653,0.479402,0.917733,0.368484,0.398204,0.783251,0.531565,0.983263,0.484513,0.022120,0.482446,0.474437,0.975420,0.076756,0.616524,0.641580,0.865106,0.989324,0.993311,0.406835,0.295659,0.243823,12.838205,1.827269,0.227586,0.185149,0.724001,0.738757,0.627027,0.639572,0.893024,0.903063,0.730039,0.601544,0.140187,28.142884,0.006187,0.010331,14.351165,0.004479,0.004489,0.000482,0.002367,16523080.620362,0.000000
-19838020.394374,1820178.072491,114297545.535327,51.361593,-1.410826,0.955814,0.976985,0.726429,0.071584,0.761674,0.851288,0.411183,0.243333,0.211877,0.148113,0.913104,0.458367,0.916084,0.369289,0.388854,0.780458,0.598892,0.139144,0.334541,0.333936,0.493476,0.473820,0.953420,0.075594,0.599958,0.637462,0.865106,0.982374,0.999299,0.422622,0.298335,0.242605,12.638127,2.308522,0.344050,0.209033,0.587167,0.776970,0.517493,0.674684,0.779769,0.929179,0.756058,0.606573,0.102312,28.638407,0.005776,0.002888,14.444085,0.004568,0.004580,0.000533,0.002316,19838020.394374,0.000000
-11937268.243289,1427213.493323,64928229.570869,56.620729,-1.508835,0.692095,0.976821,0.732452,0.075531,0.128609,0.939437,0.667691,0.556039,0.050361,0.775343,0.453745,0.394074,0.899995,0.180683,0.242597,0.575869,0.781542,0.989361,0.555959,0.753000,0.488104,0.478590,0.877537,0.308698,0.043141,0.639738,0.930788,0.950784,0.680612,0.405056,0.304851,0.243402,11.031572,19.164224,0.460700,0.207879,0.759026,0.773295,0.669709,0.681831,0.915083,0.923867,0.778833,0.493774,0.175209,23.379271,0.003186,0.005861,10.473959,0.004726,0.004724,0.000744,0.002105,11937268.243289,0.000000
-9847435.889226,1467740.723932,72912616.535296,39.591199,-1.626122,0.794929,0.959981,0.849830,0.165420,0.159236,0.233268,0.677444,0.567364,0.339637,0.140862,0.585994,0.736768,0.289714,0.337122,0.448780,0.702846,0.382262,0.419017,0.279664,0.017872,0.107629,0.644403,0.909714,0.078554,0.069898,0.644140,0.933321,0.814220,0.549723,0.422032,0.160205,0.199633,10.886042,18.132477,0.945986,0.222567,0.737925,0.822710,0.633810,0.693906,0.815880,0.931655,0.803309,0.490105,0.134315,40.408801,0.002692,0.010148,5.031980,0.004717,0.004716,0.000678,0.002171,9847435.889226,0.000000
-5179830.567488,1383586.405675,40964367.618164,32.973519,-0.688105,0.745011,0.758751,0.465748,0.088542,0.802512,0.180645,0.966112,0.570050,0.335828,0.140120,0.916352,0.693512,0.279117,0.686965,0.182468,0.572722,0.597025,0.250008,0.028783,0.683338,0.210651,0.439167,0.710078,0.009192,0.010741,0.062038,0.687559,0.975003,0.988774,0.429943,0.163313,0.213755,12.027537,20.000282,0.816274,0.228928,0.736342,0.710577,0.634754,0.613714,0.789220,0.740137,0.506860,0.605363,0.007165,47.026481,0.005186,0.001660,0.688105,0.004958,0.004935,0.000775,0.002074,5179830.567488,0.000000
-6076685.050319,1384227.725426,45399979.626341,38.095011,-0.843717,0.744386,0.960267,0.356530,0.170438,0.348645,0.183460,0.686490,0.496832,0.347857,0.822508,0.632684,0.385262,0.786510,0.721438,0.454799,0.908550,0.690890,0.424089,0.267602,0.501986,0.114893,0.208598,0.710460,0.078117,0.009731,0.612390,0.683400,0.975351,0.456081,0.430184,0.163371,0.251659,13.003710,20.253404,0.341550,0.233787,0.783697,0.798442,0.680487,0.692965,0.895770,0.937965,0.569891,0.397788,0.004826,41.904989,0.009669,0.018841,5.584371,0.004604,0.004610,0.000872,0.001977,6076685.050319,0.000000
-9928723.924761,1549292.228154,67652174.504818,38.080349,-0.852761,0.658233,0.983424,0.858085,0.385248,0.347408,0.873535,0.433316,0.496902,0.203745,0.822263,0.617850,0.385394,0.916533,0.845879,0.234086,0.293319,0.765936,0.979482,0.265601,0.807368,0.107888,0.193762,0.650981,0.079025,0.006236,0.849508,0.688030,0.960253,0.985737,0.429025,0.161379,0.189754,13.570871,20.439525,0.489052,0.207938,0.706905,0.785331,0.612367,0.677413,0.888583,0.923684,0.573764,0.609982,0.009293,41.919651,0.003652,0.002455,9.293180,0.004708,0.004674,0.000563,0.002286,9928723.924761,0.000000
-22002662.086964,1743888.244977,108358560.197368,75.799373,-1.410111,0.760349,0.976291,0.726429,0.071584,0.128235,0.718005,0.403107,0.243333,0.205201,0.209687,0.588024,0.666628,0.917733,0.800582,0.196272,0.780830,0.599780,0.979825,0.333284,0.333936,0.247392,0.473813,0.397494,0.310066,0.616524,0.641580,0.909959,0.969333,0.998274,0.400137,0.293321,0.212218,11.320494,1.934799,0.015238,0.146709,0.618075,0.797676,0.544945,0.693957,0.801675,0.924598,0.755884,0.611296,0.178170,4.200627,0.009342,0.004535,9.779367,0.004134,0.004096,0.000052,0.002797,22002662.086964,0.000000
-14189162.039595,1676457.268473,70625334.479838,44.129655,-1.742185,0.786764,0.959981,0.866248,0.368961,0.197911,0.854543,0.680014,0.567904,0.105390,0.141719,0.988331,0.739982,0.297640,0.182426,0.427255,0.777037,0.686915,0.954684,0.019493,0.058133,0.113315,0.836584,0.543232,0.079689,0.262567,0.699731,0.965744,0.635955,0.687594,0.424257,0.270638,0.201045,10.278022,12.187762,0.593002,0.197475,0.756402,0.793618,0.667742,0.677658,0.904249,0.910562,0.824863,0.471092,0.143516,35.870345,0.000850,0.000430,11.672721,0.004601,0.004574,0.000456,0.002393,14189162.039595,0.000000
-11269129.135730,1698086.303256,65437670.204099,42.790252,-1.620958,0.754444,0.990056,0.869840,0.070792,0.757322,0.734891,0.665301,0.570920,0.612677,0.815676,0.584214,0.674579,0.895324,0.340618,0.931189,0.698895,0.600503,0.986433,0.304563,0.020673,0.246475,0.215483,0.921528,0.076792,0.220327,0.644669,0.933265,0.953030,0.547101,0.421244,0.264285,0.212268,13.752038,13.986002,0.471240,0.214242,0.762655,0.791811,0.640563,0.647237,0.898777,0.904940,0.802291,0.440538,0.136177,37.209748,0.010355,0.018178,10.215040,0.004510,0.004510,0.000763,0.002086,11269129.135730,0.000000
-11781681.200235,1572327.425528,66725951.741867,42.945846,-1.510536,0.740888,0.886949,0.846046,0.387085,0.787040,0.738900,0.667730,0.562857,0.616648,0.814692,0.457530,0.357441,0.336730,0.173376,0.394074,0.780864,0.604468,0.779559,0.297368,0.276903,0.240766,0.469240,0.393033,0.078312,0.219236,0.644096,0.896088,0.840046,0.683141,0.422541,0.273641,0.243587,11.821768,13.791857,0.445076,0.214477,0.751369,0.781613,0.660204,0.685505,0.913012,0.931345,0.779209,0.535500,0.116398,37.054154,0.000733,0.013831,7.696784,0.003845,0.003859,0.000525,0.002324,11781681.200235,0.000000
-18730895.589639,1844142.236790,79936268.625278,51.699160,-0.583083,0.685236,0.976198,0.852044,0.076168,0.649530,0.936188,0.666928,0.341083,0.210877,0.771784,0.570145,0.390576,0.840642,0.368429,0.864978,0.784293,0.600020,0.983263,0.487840,0.333936,0.479842,0.199136,0.972149,0.076756,0.612047,0.641637,0.865106,0.982253,0.668482,0.308028,0.298636,0.222337,13.511835,2.192014,0.195772,0.165379,0.619497,0.672267,0.529654,0.573944,0.773001,0.825761,0.441825,0.478140,0.452555,28.300840,0.003046,0.019893,12.787317,0.003910,0.003925,0.000281,0.002568,18730895.589639,0.000000
-21946790.781866,1760008.781064,111677846.853510,75.991520,-1.555513,0.760349,0.976291,0.726429,0.079052,0.803011,0.735662,0.412921,0.243333,0.205701,0.216752,0.913207,0.391769,0.785727,0.778012,0.235570,0.783262,0.599780,0.995015,0.154635,0.333936,0.249002,0.473813,0.393241,0.311939,0.616524,0.641636,0.909959,0.981707,0.998274,0.422622,0.270297,0.229272,11.589931,1.945893,0.028111,0.145358,0.626273,0.804077,0.553481,0.700837,0.814926,0.932683,0.788919,0.606435,0.122430,4.008480,0.003705,0.005922,10.193330,0.004156,0.004119,0.000070,0.002779,21946790.781866,0.000000
-6763310.903887,1554876.982721,47456120.764467,37.924361,-1.618176,0.740736,0.975772,0.346714,0.071246,0.765018,0.959554,0.665268,0.564242,0.004575,0.814420,0.821173,0.663734,0.918333,0.367967,0.255806,0.578353,0.604495,0.983331,0.337266,0.286003,0.121836,0.030852,0.299717,0.036373,0.153045,0.644085,0.930312,0.953139,0.688018,0.422284,0.434035,0.221126,14.179169,16.069204,0.454077,0.290791,0.799571,0.773921,0.701188,0.680243,0.941033,0.926201,0.801740,0.495857,0.115020,42.075639,0.011924,0.006194,7.727640,0.004833,0.004844,0.000935,0.001914,6763310.903887,0.000000
-19722413.941478,1530905.572362,108013931.833823,66.963769,-1.715824,0.818341,0.758554,0.716284,0.435419,0.801301,0.941101,0.245026,0.349409,0.045800,0.320065,0.779926,0.471608,0.282335,0.176863,0.467078,0.771314,0.764408,0.420825,0.051267,0.022898,0.113916,0.983487,0.284852,0.302170,0.368124,0.180905,0.934625,0.897596,0.360313,0.435767,0.436444,0.199113,8.452827,8.965623,0.188885,0.196497,0.651939,0.803331,0.581323,0.633295,0.839469,0.918795,0.820185,0.384240,0.085320,13.036231,0.000653,0.001013,8.866254,0.003989,0.004016,0.000469,0.002380,19722413.941478,0.000000
-7076859.709625,1477781.434931,46174289.910827,37.196444,-0.770702,0.736330,0.621443,0.351084,0.555137,0.350354,0.941175,0.669318,0.410249,0.053653,0.825688,0.917647,0.824141,0.914351,0.963420,0.457333,0.120914,0.517723,0.431249,0.262623,0.692497,0.123519,0.201744,0.394466,0.033401,0.128183,0.694607,0.690040,0.953087,0.855467,0.414929,0.264929,0.216112,12.556611,16.661100,0.033086,0.241865,0.767901,0.759894,0.661683,0.655386,0.926435,0.921485,0.537312,0.561653,0.040637,42.803556,0.011199,0.001507,6.201421,0.003911,0.003910,0.000601,0.002248,7076859.709625,0.000000
-9356327.753528,1548776.146578,58104213.087937,39.279732,-1.309479,0.754135,0.969205,0.726429,0.075036,0.649530,0.936188,0.671780,0.340622,0.210726,0.771784,0.864653,0.480707,0.917733,0.368484,0.388974,0.783262,0.534029,0.983263,0.264920,0.225082,0.114526,0.473913,0.975420,0.076801,0.063751,0.641580,0.865106,0.982278,0.993311,0.406835,0.160039,0.242495,12.024395,18.461462,0.673485,0.220148,0.760959,0.773616,0.667855,0.678631,0.873603,0.919584,0.730039,0.604285,0.140187,40.720268,0.006846,0.013636,13.137488,0.005023,0.005025,0.000862,0.001987,9356327.753528,0.000000
-9159400.673090,1520446.923507,56344958.860825,43.838704,-1.683711,0.745315,0.975203,0.358307,0.068146,0.788411,0.930303,0.661307,0.232746,0.351197,0.774587,0.503116,0.957248,0.848058,0.263274,0.243087,0.687991,0.733665,0.794229,0.044709,0.070847,0.247322,0.856659,0.265266,0.088163,0.218274,0.693163,0.952805,0.953009,0.725296,0.421419,0.294611,0.403351,9.905927,13.443877,0.496722,0.258215,0.779488,0.783638,0.687205,0.690905,0.929197,0.931459,0.814316,0.510547,0.083542,36.161296,0.006557,0.004182,7.046319,0.004787,0.004799,0.000834,0.002015,9159400.673090,0.000000
-18208104.908714,1886031.651217,76645519.227923,51.857116,-1.309479,0.961406,0.976198,0.726429,0.076336,0.649530,0.936188,0.671820,0.340622,0.210877,0.771784,0.864653,0.467962,0.918279,0.368483,0.388974,0.683427,0.531565,0.983263,0.487378,0.333936,0.482426,0.474437,0.972154,0.076756,0.616524,0.641580,0.865106,0.982278,0.993311,0.406835,0.298636,0.242495,12.473107,1.820720,0.223947,0.187715,0.707052,0.731085,0.613147,0.633366,0.880614,0.897763,0.730039,0.604285,0.140187,28.142884,0.006223,0.008331,16.771607,0.004518,0.004528,0.000716,0.002133,18208104.908714,0.000000
-17966047.327221,1862443.444220,78134793.280840,51.801069,-0.583083,0.680110,0.976198,0.852044,0.076217,0.649530,0.936188,0.734670,0.340622,0.210877,0.771784,0.864653,0.390576,0.840096,0.368430,0.388974,0.784295,0.600020,0.983263,0.487378,0.333936,0.479862,0.199136,0.975415,0.076756,0.616524,0.641580,0.865106,0.982253,0.999170,0.308028,0.298636,0.222337,13.889655,2.062408,0.197460,0.163891,0.625391,0.649423,0.533528,0.553936,0.779299,0.803303,0.441825,0.606570,0.452555,28.198931,0.003178,0.015097,11.510166,0.004206,0.004174,0.000129,0.002720,17966047.327221,0.000000
-16951732.874600,1875485.952877,73081907.071909,51.673466,-1.374455,0.946591,0.852258,0.852044,0.070805,0.646371,0.937930,0.666928,0.339353,0.645784,0.758594,0.915296,0.383166,0.841475,0.172232,0.383851,0.713287,0.599994,0.983263,0.487378,0.333931,0.247738,0.199136,0.959934,0.076793,0.610755,0.641580,0.858307,0.982417,0.999170,0.420376,0.299234,0.222337,14.108608,2.236460,0.147711,0.186502,0.725126,0.746873,0.628693,0.647001,0.895940,0.910404,0.747023,0.606506,0.104483,28.326534,0.003022,0.008431,14.755004,0.004140,0.004158,0.000624,0.002225,16951732.874600,0.000000
-12440641.806677,1645720.759652,75245691.471773,41.467242,-0.852761,0.658430,0.976617,0.858085,0.381842,0.153179,0.690638,0.664462,0.583757,0.203715,0.825827,0.589633,0.385394,0.916533,0.802954,0.454452,0.283992,0.601063,0.979808,0.265523,0.807368,0.245402,0.198884,0.111499,0.079025,0.154338,0.849508,0.688030,0.752704,0.985644,0.429025,0.296791,0.210756,13.721214,15.972269,0.365509,0.191046,0.681490,0.753639,0.585899,0.645762,0.869985,0.919154,0.573764,0.628358,0.009293,38.532758,0.003452,0.003379,9.718649,0.004593,0.004592,0.000521,0.002328,12440641.806677,0.000000
-6925205.079834,1499051.198692,49806341.951113,36.555937,-1.458671,0.948053,0.686324,0.521663,0.377244,0.145987,0.686921,0.666326,0.237499,0.613354,0.064829,0.914061,0.559934,0.919084,0.357874,0.295584,0.810992,0.627619,0.979947,0.327427,0.012759,0.246304,0.654533,0.392646,0.046610,0.044510,0.206751,0.927471,0.954525,0.994199,0.399048,0.298423,0.222067,10.306704,18.847483,0.246153,0.260045,0.787846,0.810621,0.693072,0.712225,0.932237,0.944802,0.767455,0.610735,0.189276,43.444063,0.002810,0.006492,3.701633,0.004427,0.004441,0.000802,0.002047,6925205.079834,0.000000
-18208612.154047,1887235.517817,76627092.988815,51.857116,-1.309479,0.956761,0.976198,0.726429,0.076227,0.649530,0.936188,0.671734,0.340622,0.210877,0.771784,0.864653,0.482964,0.839454,0.368484,0.388974,0.784296,0.529080,0.983263,0.487378,0.333936,0.482446,0.474437,0.975356,0.076756,0.616524,0.641580,0.865106,0.982254,0.993311,0.406835,0.298636,0.242495,12.495150,1.820721,0.241020,0.188004,0.707136,0.731271,0.613198,0.633501,0.880676,0.897893,0.730039,0.604294,0.140187,28.142884,0.006606,0.009151,16.846312,0.004519,0.004530,0.000721,0.002128,18208612.154047,0.000000
-18757828.472817,1860253.920293,79769680.572981,51.801069,-0.583083,0.684757,0.976198,0.852044,0.076327,0.649530,0.936188,0.666975,0.340622,0.210877,0.771784,0.864653,0.387014,0.918920,0.368429,0.352912,0.783259,0.602505,0.983263,0.487378,0.333936,0.479842,0.199136,0.972213,0.076756,0.616524,0.641580,0.865106,0.982277,0.999170,0.308028,0.236947,0.222337,13.873071,2.060278,0.187831,0.154402,0.621871,0.669853,0.532064,0.572384,0.775521,0.823410,0.441825,0.606561,0.452555,28.198931,0.003152,0.012877,11.451174,0.004200,0.004167,0.000124,0.002725,18757828.472817,0.000000
-6223183.817669,1362028.726549,42518418.101649,38.605379,-1.246878,0.738970,0.676922,0.352976,0.012161,0.787025,0.946048,0.724975,0.568036,0.399970,0.770157,0.450230,0.393375,0.277619,0.172921,0.389559,0.792005,0.621322,0.988030,0.330550,0.058775,0.580658,0.851908,0.300708,0.073677,0.041294,0.694163,0.829345,0.953622,0.823872,0.415283,0.302711,0.220652,8.853180,18.755502,0.476655,0.280101,0.800972,0.771926,0.701138,0.677409,0.942699,0.926133,0.712599,0.549042,0.103311,41.394621,0.004676,0.014154,5.474966,0.004520,0.004531,0.000859,0.001990,6223183.817669,0.000000
-5696300.313355,1450640.610453,44849695.014444,36.536695,-1.804202,0.762464,0.990665,0.301186,0.372239,0.137976,0.689328,0.664246,0.231710,0.611018,0.953490,0.599927,0.659464,0.330262,0.811480,0.298441,0.769186,0.555887,0.977702,0.554027,0.507374,0.101744,0.660077,0.394023,0.046119,0.045329,0.205069,0.927430,0.932746,0.685827,0.454208,0.266853,0.243079,10.819377,18.799822,0.156467,0.263308,0.823343,0.823997,0.718330,0.728095,0.934261,0.948217,0.835394,0.502223,0.059828,43.463305,0.010736,0.009247,2.107872,0.003899,0.003924,0.000393,0.002456,5696300.313355,0.000000
-15255236.450430,1969883.405796,76760102.425201,43.406310,-1.682067,0.906748,0.975635,0.838186,0.664251,0.777172,0.649389,0.963381,0.232782,0.618833,0.673105,0.983292,0.704973,0.789290,0.740677,0.390715,0.686807,0.733967,0.670542,0.039113,0.291751,0.113226,0.597698,0.266542,0.026736,0.453634,0.693461,0.952476,0.958741,0.443038,0.421322,0.420521,0.225933,12.495957,6.614608,0.247332,0.219430,0.729673,0.747310,0.585637,0.592484,0.880371,0.887212,0.814011,0.397869,0.144630,36.593690,0.005187,0.000398,10.930622,0.004426,0.004434,0.000534,0.002315,15255236.450430,0.000000
-15403875.303043,1839705.877712,79072266.668843,44.121057,-1.641217,0.900202,0.972789,0.859133,0.684969,0.776858,0.603330,0.963381,0.236420,0.617642,0.127901,0.819273,0.704369,0.267832,0.769971,0.926757,0.580699,0.692773,0.394048,0.220065,0.293919,0.110770,0.597698,0.396830,0.034292,0.453365,0.021234,0.937384,0.954068,0.689965,0.422386,0.421142,0.212224,12.337372,6.613411,0.306580,0.215353,0.721886,0.743509,0.633160,0.651341,0.891957,0.906707,0.806256,0.496294,0.135292,35.878943,0.001125,0.003202,9.230304,0.004192,0.004205,0.000437,0.002412,15403875.303043,0.000000
-5588642.034552,1395055.516711,39734251.688388,36.534517,-1.464466,0.762464,0.687858,0.301186,0.371314,0.137976,0.939433,0.722141,0.231710,0.400332,0.953490,0.591882,0.647648,0.277629,0.806190,0.296957,0.782770,0.555887,0.977916,0.554027,0.560166,0.118962,0.660077,0.301490,0.046119,0.045227,0.205069,0.928374,0.933182,0.831988,0.399489,0.264503,0.243156,10.601213,18.776237,0.098099,0.266785,0.819011,0.792828,0.721513,0.700120,0.939753,0.934977,0.768799,0.559935,0.188541,43.465483,0.007317,0.009321,1.900568,0.003752,0.003785,0.000320,0.002529,5588642.034552,0.000000
-13562387.213921,1576397.193080,71322124.795450,43.010106,-1.542713,0.740888,0.722560,0.846046,0.376057,0.787040,0.728727,0.667721,0.562857,0.206502,0.965753,0.590641,0.344108,0.338381,0.173376,0.394074,0.777035,0.600503,0.779559,0.305431,0.266837,0.239174,0.472038,0.393033,0.079050,0.219288,0.751247,0.843896,0.922201,0.683054,0.455593,0.311210,0.243587,11.468621,13.769701,0.282949,0.237720,0.742158,0.794545,0.651193,0.694708,0.911860,0.942062,0.786200,0.504904,0.021904,36.989894,0.000760,0.013863,5.348811,0.003577,0.003608,0.000457,0.002392,13562387.213921,0.000000
-19001957.686951,1403944.377914,100000683.488394,76.744495,-1.743389,0.658998,0.855921,0.491526,0.072669,0.347711,0.458331,0.443798,0.129715,0.197853,0.143216,0.586892,0.466389,0.781847,0.175137,0.395932,0.693823,0.769149,0.986332,0.551960,0.031152,0.234077,0.199241,0.081097,0.478526,0.218970,0.847573,0.930110,0.960071,0.676146,0.442631,0.298663,0.221749,10.781839,14.102075,0.039467,0.191389,0.678713,0.844145,0.606355,0.743338,0.862830,0.961589,0.825073,0.488773,0.085755,3.255505,0.003074,0.015019,4.283711,0.004612,0.004620,0.000511,0.002338,19001957.686951,0.000000
-10480363.217964,1488386.643942,68159809.094546,38.909094,-1.455730,0.742704,0.640541,0.838410,0.376489,0.787040,0.791628,0.666857,0.562857,0.205879,0.963268,0.459420,0.393072,0.338381,0.173368,0.390269,0.782792,0.600503,0.997212,0.305492,0.283943,0.114367,0.885384,0.393033,0.079050,0.036215,0.644093,0.891938,0.954124,0.683099,0.416020,0.311210,0.243587,9.159939,18.938492,0.300702,0.260810,0.734366,0.794639,0.647380,0.697511,0.900940,0.938189,0.766770,0.493579,0.130044,41.090906,0.000758,0.013830,3.817109,0.003271,0.003296,0.000245,0.002604,10480363.217964,0.000000
-10345413.422333,1606395.292686,68109343.749683,37.941974,-1.226948,0.792945,0.976292,0.852829,0.530671,0.798607,0.743867,0.673047,0.340622,0.259742,0.764361,0.864653,0.394144,0.840642,0.368429,0.237067,0.720734,0.600020,0.393291,0.841895,0.336733,0.479112,0.199136,0.406004,0.076756,0.007586,0.641580,0.865106,0.982253,0.999170,0.394367,0.300296,0.248900,13.088767,20.399451,0.571579,0.238663,0.718428,0.776924,0.628538,0.677272,0.886992,0.926111,0.706814,0.606570,0.171989,42.058026,0.001894,0.005805,11.740143,0.004906,0.004908,0.000789,0.002060,10345413.422333,0.000000
-7602672.307187,1609154.443241,51083095.357809,37.163242,-1.595202,0.743349,0.863797,0.355508,0.553733,0.013011,0.937730,0.661429,0.410249,0.625828,0.129278,0.917647,0.822096,0.786534,0.970656,0.926366,0.714507,0.519476,0.431249,0.293749,0.698787,0.247593,0.072744,0.394466,0.033401,0.127741,0.011155,0.884282,0.954056,0.849003,0.442380,0.423554,0.441463,12.671624,16.816306,0.137205,0.270202,0.788913,0.790374,0.688880,0.690351,0.937590,0.938250,0.797132,0.558748,0.053331,42.836758,0.009598,0.008130,5.746144,0.004067,0.004075,0.000651,0.002198,7602672.307187,0.000000
-12290762.627855,1604650.919541,79581801.473527,42.786203,-1.686021,0.754514,0.613551,0.865513,0.072761,0.784998,0.767308,0.410499,0.567925,0.040078,0.094848,0.573339,0.674579,0.904057,0.149920,0.872842,0.725636,0.600503,0.986788,0.559334,0.761652,0.124107,0.344965,0.546634,0.076792,0.218991,0.644686,0.965689,0.934328,0.682820,0.415439,0.270952,0.179418,11.771765,13.877387,0.112053,0.239252,0.716724,0.821443,0.635647,0.687571,0.886393,0.909136,0.814745,0.500469,0.165033,37.213797,0.002349,0.031402,2.514796,0.003142,0.003174,0.000037,0.002812,12290762.627855,0.000000
-9609406.232706,1449215.062114,63557648.247249,38.605379,-1.245658,0.741404,0.676922,0.858226,0.013332,0.787025,0.946048,0.724516,0.568036,0.399970,0.821962,0.450230,0.393375,0.277619,0.172921,0.389559,0.277597,0.688923,0.988047,0.331164,0.805724,0.580658,0.851908,0.297739,0.073677,0.041294,0.694163,0.829345,0.953622,0.973359,0.415093,0.307684,0.220760,8.937277,18.803768,0.374039,0.257801,0.734106,0.752101,0.643575,0.658742,0.902133,0.913818,0.712248,0.607751,0.103760,41.394621,0.001772,0.005417,6.774705,0.003640,0.003659,0.000477,0.002372,9609406.232706,0.000000
-4837608.006410,1419012.374837,38179095.862314,33.789088,-0.649888,0.743183,0.969115,0.305864,0.194694,0.154312,0.728585,0.666287,0.584564,0.347840,0.831179,0.590810,0.420628,0.788186,0.716972,0.949636,0.780895,0.136312,0.412562,0.331160,0.512815,0.120086,0.208598,0.340155,0.020845,0.009731,0.612390,0.684749,0.975280,0.298823,0.399262,0.265204,0.101074,12.780308,20.230244,0.262867,0.257861,0.710279,0.753091,0.500512,0.535733,0.735948,0.787193,0.477896,0.336569,0.074221,46.210912,0.013563,0.004966,2.852853,0.004333,0.004340,0.000748,0.002101,4837608.006410,0.000000
-12374574.971144,1673833.835312,76990973.553506,41.551955,-1.626175,0.893775,0.977288,0.869840,0.081147,0.791641,0.875139,0.666875,0.493724,0.319234,0.774236,0.827462,0.388464,0.899615,0.167119,0.242549,0.579556,0.686781,0.792551,0.569958,0.697765,0.101876,0.477792,0.876068,0.081916,0.145256,0.610537,0.934568,0.952599,0.451882,0.421416,0.434169,0.238239,12.105608,16.019151,0.565986,0.255774,0.718484,0.780710,0.632489,0.674293,0.889427,0.930039,0.803320,0.403270,0.114476,38.448045,0.002682,0.004024,14.344495,0.004859,0.004862,0.000850,0.001999,12374574.971144,0.000000
-12798402.369278,1705140.139332,67412387.034046,42.860446,-1.604806,0.952567,0.955888,0.853864,0.183729,0.260284,0.856270,0.650402,0.569862,0.319838,0.151113,0.981475,0.595589,0.905185,0.707687,0.836398,0.531413,0.563968,0.850371,0.333080,0.504249,0.113805,0.036682,0.339992,0.078640,0.218151,0.653207,0.935721,0.750011,0.294785,0.417480,0.267772,0.210279,14.768333,14.192582,0.416313,0.196371,0.732389,0.743571,0.548349,0.556855,0.867869,0.877494,0.799072,0.405675,0.146388,37.139554,0.008575,0.013262,14.018511,0.004858,0.004861,0.000853,0.001996,12798402.369278,0.000000
-19629584.271154,1517584.620399,107854157.358926,66.960222,-1.719802,0.818519,0.758554,0.716284,0.435348,0.794479,0.941101,0.245026,0.351118,0.049584,0.320065,0.608628,0.471608,0.282335,0.186200,0.467078,0.771314,0.764408,0.420540,0.051267,0.022898,0.113916,0.983301,0.397297,0.302131,0.368124,0.180905,0.934654,0.897596,0.360308,0.436400,0.436667,0.199895,8.307227,8.961407,0.177940,0.198213,0.652579,0.808515,0.582095,0.639040,0.840139,0.922586,0.820898,0.384238,0.084826,13.039778,0.000715,0.001013,8.238447,0.003642,0.003673,0.000377,0.002472,19629584.271154,0.000000
-18420404.171894,1743512.629683,85296749.584158,51.637959,-0.593014,0.955814,0.972459,0.726432,0.385614,0.160743,0.948943,0.410276,0.243333,0.642055,0.373693,0.913109,0.473079,0.270429,0.369289,0.238158,0.720919,0.598868,0.379369,0.832088,0.333936,0.210674,0.471162,0.395378,0.075674,0.611796,0.641580,0.865106,0.969311,0.275876,0.309224,0.298348,0.221128,12.571081,1.940771,0.214046,0.179832,0.596544,0.717176,0.514143,0.573127,0.748378,0.866754,0.447341,0.329328,0.447755,28.362041,0.001700,0.003969,12.494062,0.004290,0.004289,0.000498,0.002351,18420404.171894,0.000000
-19436031.983013,1968783.085348,87594338.631592,47.581874,-1.507201,0.742317,0.977635,0.706434,0.565894,0.677498,0.939354,0.409486,0.410249,0.060881,0.999624,0.913194,0.824141,0.914351,0.966438,0.926280,0.120914,0.519476,0.431249,0.331238,0.686012,0.123350,0.299732,0.394466,0.033401,0.626444,0.640807,0.910162,0.982076,0.848615,0.414929,0.264929,0.441463,13.799632,1.639749,0.087810,0.187927,0.685150,0.779582,0.597881,0.676316,0.863716,0.929124,0.778471,0.548164,0.053164,32.418126,0.010966,0.000360,14.272822,0.004319,0.004325,0.000395,0.002454,19436031.983013,0.000000
-11602206.431297,1655926.632415,63285282.941390,46.641427,-1.742099,0.754444,0.993281,0.869840,0.070792,0.786986,0.735777,0.665301,0.567925,0.613334,0.815676,0.590641,0.674579,0.899688,0.770670,0.909669,0.469761,0.600503,0.986433,0.290924,0.089520,0.246968,0.201144,0.545812,0.122313,0.220327,0.035322,0.965689,0.968907,0.682457,0.424271,0.264237,0.211927,13.686705,14.022056,0.372654,0.182744,0.762815,0.801782,0.664457,0.676871,0.889542,0.911165,0.824848,0.488171,0.143458,33.358573,0.010428,0.009437,9.845208,0.004514,0.004512,0.000737,0.002112,11602206.431297,0.000000
-5075198.762199,1371059.447455,36303600.903921,35.570026,-1.568594,0.738970,0.676922,0.351964,0.012161,0.148839,0.957072,0.732435,0.561790,0.406449,0.770157,0.447560,0.391367,0.277619,0.176382,0.220279,0.810832,0.621326,0.988030,0.330550,0.058775,0.592549,0.851908,0.301863,0.033568,0.043583,0.694163,0.928727,0.953628,0.991916,0.415283,0.302785,0.220652,8.423471,18.655693,0.398918,0.305282,0.829912,0.787661,0.730608,0.695926,0.955995,0.933612,0.791662,0.609876,0.148584,44.429974,0.004841,0.006829,3.377394,0.004336,0.004355,0.000781,0.002068,5075198.762199,0.000000
-6453971.859471,1330133.753596,43100690.208755,39.004936,-1.246834,0.752560,0.676922,0.352976,0.011619,0.787025,0.946048,0.724975,0.493761,0.404211,0.770157,0.460257,0.393375,0.277626,0.172921,0.455270,0.275769,0.621322,0.988030,0.330550,0.336764,0.580658,0.851908,0.216070,0.078075,0.043989,0.650051,0.829327,0.953628,0.453411,0.415285,0.302711,0.220652,8.842818,18.666616,0.470306,0.286326,0.800616,0.773065,0.702019,0.679520,0.942511,0.926816,0.712587,0.403545,0.103297,40.995064,0.004697,0.005723,5.236680,0.004511,0.004523,0.000874,0.001975,6453971.859471,0.000000
-18552848.866014,1723977.534137,85776629.038520,51.660423,-1.605490,0.955814,0.976198,0.726429,0.103656,0.760092,0.948989,0.410691,0.244250,0.577161,0.134994,0.925986,0.458115,0.299817,0.369289,0.388898,0.720719,0.598868,0.417851,0.333269,0.333936,0.211252,0.984683,0.393001,0.075674,0.608191,0.206067,0.936672,0.982211,0.361899,0.417115,0.295619,0.199406,10.302677,1.613662,0.432081,0.198877,0.701724,0.768477,0.574896,0.583963,0.876084,0.889789,0.799209,0.359084,0.147709,28.339577,0.002413,0.008395,14.044562,0.004572,0.004586,0.000514,0.002335,18552848.866014,0.000000
-5102345.579728,1441826.006001,37169734.430579,35.780398,-0.853533,0.952936,0.969115,0.304424,0.166829,0.321059,0.694623,0.968588,0.496309,0.226529,0.822508,0.586028,0.381778,0.902355,0.721083,0.454855,0.785751,0.690890,0.413640,0.267602,0.675282,0.114893,0.208598,0.710436,0.046749,0.011774,0.612390,0.688030,0.987288,0.456081,0.429149,0.295580,0.251659,12.932537,20.186157,0.266329,0.258622,0.807581,0.738408,0.696086,0.639300,0.949045,0.909673,0.574093,0.394096,0.009033,44.219602,0.009635,0.011768,3.410265,0.004441,0.004458,0.000748,0.002101,5102345.579728,0.000000
-5949747.173575,1381583.656626,44046439.107272,38.153042,-1.459327,0.948224,0.971609,0.356762,0.070499,0.365389,0.724547,0.675402,0.563238,0.347840,0.822550,0.458802,0.385262,0.795155,0.164475,0.454855,0.780456,0.604495,0.424089,0.297205,0.490216,0.239765,0.480717,0.715217,0.078119,0.009831,0.612514,0.865560,0.978837,0.456081,0.430130,0.190946,0.251659,11.259011,20.032081,0.534422,0.262809,0.813472,0.798409,0.716074,0.703902,0.929349,0.941847,0.767607,0.396706,0.085370,41.846958,0.002795,0.011986,5.747610,0.004738,0.004734,0.000940,0.001909,5949747.173575,0.000000
-10353822.571344,1618372.310128,63290779.383438,37.888108,-1.626925,0.739798,0.630140,0.869840,0.070775,0.783421,0.728984,0.666646,0.404504,0.349668,0.787772,0.915471,0.823559,0.900603,0.145728,0.907140,0.725928,0.652480,0.444732,0.289747,0.712033,0.610629,0.031613,0.388494,0.035558,0.154486,0.684470,0.934632,0.954143,0.686635,0.421503,0.272961,0.237728,13.881063,16.052263,0.273440,0.253312,0.759820,0.805990,0.669553,0.708018,0.917488,0.944162,0.803467,0.494960,0.136171,42.111892,0.002267,0.011771,4.430810,0.004115,0.004137,0.000758,0.002091,10353822.571344,0.000000
-5694481.929436,1444565.476081,46640165.642368,36.536695,-1.851924,0.762464,0.990665,0.301186,0.372239,0.139857,0.737284,0.664246,0.571320,0.617312,0.981874,0.571295,0.674351,0.330993,0.127396,0.317025,0.715348,0.555887,0.977702,0.554027,0.507374,0.101744,0.660077,0.394023,0.046119,0.045329,0.646853,0.965048,0.934337,0.682564,0.442383,0.266628,0.242887,10.271502,18.808185,0.293721,0.284302,0.818723,0.813084,0.723805,0.719400,0.951962,0.949035,0.843065,0.500364,0.101343,43.463305,0.000455,0.009552,3.670132,0.004077,0.004087,0.000517,0.002332,5694481.929436,0.000000
-17192575.111359,1882704.332483,74118816.985988,51.801069,-1.410047,0.684971,0.976290,0.869853,0.070718,0.649530,0.934200,0.666921,0.340622,0.619734,0.771784,0.864653,0.390576,0.903913,0.173199,0.395455,0.784293,0.637284,0.983263,0.490365,0.065297,0.479842,0.199136,0.972149,0.076756,0.616524,0.641580,0.863176,0.953012,0.998897,0.423495,0.298636,0.222337,14.300838,2.064024,0.202380,0.183212,0.725023,0.749378,0.629188,0.649646,0.896176,0.912303,0.755868,0.618025,0.099428,28.198931,0.003053,0.015207,11.657798,0.004225,0.004195,0.000145,0.002704,17192575.111359,0.000000
-10946853.183126,1747510.085506,65642124.414378,41.674031,-1.312362,0.795170,0.975638,0.725339,0.063599,0.161229,0.750187,0.949060,0.576508,0.266054,0.116451,0.846022,0.586036,0.802982,0.798028,0.124855,0.725093,0.200483,0.645734,0.254274,0.851760,0.405655,0.597698,0.396798,0.008566,0.453634,0.774854,0.848663,0.750047,0.687979,0.415584,0.425212,0.222816,12.176096,6.568608,0.383934,0.216340,0.733076,0.694565,0.635542,0.603989,0.901041,0.872857,0.730817,0.559604,0.045011,38.325969,0.006952,0.002638,10.078810,0.004407,0.004372,0.000290,0.002559,10946853.183126,0.000000
-19513075.103839,1816765.938807,88887701.383125,51.719526,-0.629270,0.690538,0.976198,0.852044,0.071673,0.649530,0.740029,0.666929,0.231538,0.210877,0.771784,0.446489,0.391549,0.840642,0.368429,0.388974,0.793895,0.601140,0.983263,0.300478,0.333936,0.479842,0.201586,0.972149,0.076756,0.612920,0.641580,0.870136,0.982253,0.999170,0.311632,0.298636,0.222337,13.256848,2.151803,0.197782,0.172981,0.586431,0.690703,0.503795,0.590878,0.737761,0.844021,0.467019,0.606570,0.441127,28.280474,0.002545,0.014847,9.258533,0.003538,0.003551,0.000077,0.002772,19513075.103839,0.000000
-6559585.526802,1409715.236762,45363123.532167,37.874058,-1.289261,0.740736,0.691250,0.352982,0.076471,0.802828,0.943854,0.666875,0.564259,0.001496,0.821484,0.450629,0.396783,0.272595,0.775905,0.387845,0.581018,0.604495,0.995008,0.058639,0.287444,0.556966,0.036046,0.299717,0.035745,0.153045,0.644141,0.828739,0.952595,0.688018,0.422257,0.270548,0.229121,12.646180,16.026335,0.271892,0.273621,0.794640,0.771660,0.695951,0.677238,0.939890,0.926700,0.724526,0.496048,0.086836,42.125942,0.005097,0.005683,4.751574,0.004379,0.004395,0.000745,0.002104,6559585.526802,0.000000
-9881115.274241,1616939.166901,68999143.807602,35.121786,-1.376324,0.743312,0.977255,0.801280,0.371269,0.774777,0.809153,0.667961,0.577436,0.308636,0.823248,0.596158,0.398046,0.786865,0.174149,0.238204,0.799604,0.573013,0.137998,0.298182,0.754870,0.640381,0.477792,0.379949,0.000850,0.153958,0.643507,0.864651,0.924189,0.688621,0.417419,0.268076,0.238807,11.855025,15.702916,0.683942,0.241290,0.726770,0.762694,0.637394,0.667382,0.896524,0.920034,0.747495,0.506401,0.114307,44.878214,0.000778,0.001808,11.693181,0.004566,0.004576,0.000639,0.002210,9881115.274241,0.000000
-8177923.778238,1402932.520361,56726056.372334,38.930863,-0.852000,0.752812,0.969115,0.519143,0.435135,0.352506,0.946856,0.644255,0.235308,0.319262,0.823645,0.817267,0.385394,0.265788,0.189855,0.452119,0.283992,0.688124,0.977923,0.553712,0.508326,0.587010,0.201698,0.299833,0.078117,0.046419,0.206327,0.688030,0.934544,0.447422,0.428903,0.161773,0.210791,12.621343,19.169404,0.451228,0.200851,0.701874,0.762642,0.603044,0.654287,0.740451,0.810701,0.573439,0.407243,0.009549,41.069137,0.000740,0.003785,8.393762,0.004454,0.004466,0.000784,0.002065,8177923.778238,0.000000
-5323076.466912,1293127.817104,45036808.439576,41.610132,-1.244979,0.743183,0.768468,0.284241,0.071442,0.780463,0.728585,0.939217,0.584564,0.599101,0.829491,0.590810,0.414923,0.273160,0.730204,0.454855,0.780545,0.690254,0.412562,0.300919,0.502165,0.113167,0.155401,0.291831,0.124985,0.009860,0.612390,0.860612,0.975280,0.456081,0.399262,0.161773,0.252469,12.641855,20.310639,0.319622,0.242553,0.798701,0.762223,0.703380,0.673485,0.892890,0.897787,0.712053,0.397810,0.157176,38.389868,0.007109,0.017300,1.849904,0.004362,0.004390,0.000675,0.002174,5323076.466912,0.000000
-6634830.146923,1371876.138958,48737568.482568,38.618969,-1.296783,0.738970,0.993071,0.354016,0.068614,0.786555,0.745181,0.662372,0.568036,0.209434,0.088870,0.455282,0.738323,0.333713,0.173369,0.235643,0.723689,0.600748,0.165959,0.777199,0.312908,0.113461,0.907682,0.393241,0.073677,0.041396,0.694544,0.845073,0.958740,0.287062,0.414990,0.264285,0.248894,9.357206,18.714630,0.708533,0.275262,0.787211,0.783300,0.691402,0.688448,0.934875,0.932478,0.726590,0.336734,0.111172,41.381031,0.002597,0.006491,6.430791,0.004909,0.004921,0.000768,0.002081,6634830.146923,0.000000
-9412494.876426,1674746.564191,60125496.492855,37.205490,-1.571133,0.742317,0.624782,0.806940,0.553013,0.687855,0.900289,0.953322,0.417228,0.055242,0.999624,0.917647,0.824141,0.794253,0.963420,0.926280,0.120914,0.519476,0.777461,0.123849,0.692497,0.123350,0.299732,0.394466,0.033401,0.127741,0.694021,0.930243,0.953087,0.849295,0.414929,0.310388,0.441718,12.605406,16.657748,0.085508,0.242443,0.762011,0.758976,0.668101,0.665871,0.918200,0.916067,0.792190,0.559228,0.052914,42.794510,0.011260,0.001171,6.881926,0.003821,0.003831,0.000703,0.002146,9412494.876426,0.000000
-11363599.563544,1713492.584152,65508775.511768,42.787482,-1.742099,0.754444,0.990056,0.869840,0.070792,0.786986,0.735777,0.665301,0.567925,0.613334,0.815884,0.590641,0.674579,0.903175,0.173728,0.909669,0.784605,0.600497,0.986433,0.290924,0.058775,0.235407,0.201157,0.545812,0.076794,0.220327,0.644669,0.965689,0.953030,0.999787,0.424271,0.264285,0.222723,13.806866,13.997872,0.492752,0.219412,0.767396,0.793165,0.675471,0.697084,0.921923,0.933767,0.824848,0.595052,0.143458,37.212518,0.003068,0.019826,10.346839,0.004512,0.004513,0.000765,0.002084,11363599.563544,0.000000
-17963329.311157,1851537.124569,78119899.732005,51.800888,-0.583083,0.680110,0.976198,0.852044,0.076217,0.649530,0.936188,0.734670,0.340622,0.210877,0.771576,0.864653,0.390576,0.840172,0.366098,0.388974,0.774457,0.600026,0.983263,0.487378,0.333936,0.490931,0.199123,0.975415,0.076754,0.616524,0.641580,0.865106,0.982253,0.667745,0.308028,0.298636,0.212132,13.876324,2.062405,0.196988,0.163564,0.627002,0.655941,0.535586,0.560067,0.780998,0.809829,0.441825,0.477853,0.452555,28.199112,0.003179,0.014972,11.498950,0.004205,0.004174,0.000128,0.002721,17963329.311157,0.000000
-9637240.257302,1456303.171652,62185919.675948,38.605379,-0.770518,0.739174,0.676922,0.860375,0.012161,0.787025,0.946048,0.724975,0.568036,0.399970,0.821926,0.822266,0.393375,0.296123,0.172921,0.452371,0.780089,0.621322,0.979524,0.330550,0.058775,0.580658,0.851908,0.300708,0.073677,0.041294,0.694163,0.689609,0.959899,0.826978,0.415136,0.160083,0.220779,9.459365,18.817397,0.460718,0.210235,0.716530,0.748520,0.621251,0.647992,0.874852,0.914468,0.537227,0.547925,0.039980,41.394621,0.001934,0.017281,10.205661,0.004372,0.004388,0.000786,0.002063,9637240.257302,0.000000
-9371956.729333,1453396.540414,61760194.879785,38.026156,-1.319640,0.728219,0.960346,0.837851,0.076778,0.644962,0.852588,0.680904,0.335201,0.418899,0.140440,0.864118,0.479959,0.283133,0.747426,0.213767,0.701887,0.527933,0.196534,0.130758,0.286625,0.471526,0.983512,0.686514,0.076793,0.004146,0.657280,0.865477,0.836438,0.629136,0.408208,0.270720,0.242572,8.662835,19.829880,1.020457,0.247635,0.747655,0.778573,0.657762,0.683622,0.909471,0.928659,0.732769,0.514656,0.136962,41.973844,0.001752,0.002939,8.917582,0.004709,0.004685,0.000553,0.002296,9371956.729333,0.000000
-18720231.656499,1856079.998132,79508084.764925,51.796423,-0.583083,0.685153,0.977650,0.852044,0.074881,0.649530,0.936188,0.664839,0.340622,0.210877,0.773747,0.855680,0.387014,0.923173,0.368429,0.352912,0.783259,0.602505,0.983263,0.763896,0.503171,0.479842,0.018014,0.972213,0.076756,0.617940,0.641580,0.865106,0.982277,0.601499,0.308028,0.235903,0.222337,14.640292,2.166099,0.175882,0.152590,0.624777,0.675436,0.535068,0.577606,0.778606,0.828735,0.441825,0.452118,0.452555,28.203577,0.003177,0.012882,11.461786,0.004218,0.004185,0.000141,0.002708,18720231.656499,0.000000
-12215292.267854,1630162.871918,75431915.402910,40.811700,-1.467944,0.739878,0.621443,0.860155,0.543003,0.777754,0.939741,0.661429,0.343615,0.604542,0.804192,0.608594,0.705569,0.894763,0.968865,0.253876,0.725829,0.518687,0.429161,0.570038,0.699337,0.114769,0.854979,0.228578,0.076856,0.127455,0.009872,0.883861,0.900142,0.356914,0.422036,0.421315,0.239725,10.277531,16.247792,0.069195,0.222184,0.717824,0.805700,0.630938,0.643928,0.890348,0.931556,0.769601,0.382075,0.112095,39.188300,0.011680,0.007169,6.947689,0.003131,0.003150,0.000181,0.002668,12215292.267854,0.000000
-6973704.881393,1392871.359055,46712126.669062,36.594503,-1.248016,0.756433,0.679226,0.352962,0.379192,0.787025,0.946048,0.727307,0.493720,0.432278,0.770157,0.605640,0.395166,0.277626,0.172843,0.455270,0.275769,0.553825,0.988030,0.330295,0.438121,0.581066,0.856878,0.216070,0.045700,0.047785,0.644242,0.829685,0.953092,0.688652,0.415285,0.302711,0.220652,8.616381,18.554396,0.319228,0.279596,0.787808,0.769188,0.689897,0.674786,0.935498,0.924482,0.712926,0.496122,0.103460,43.405497,0.000748,0.005892,5.302755,0.004084,0.004099,0.000554,0.002295,6973704.881393,0.000000
-13024411.085129,1644855.122638,71685685.566987,42.789520,-1.742099,0.754444,0.979589,0.869840,0.070785,0.786986,0.749615,0.665301,0.567925,0.208544,0.817624,0.590641,0.675990,0.281670,0.134046,0.909669,0.784605,0.575883,0.978253,0.290931,0.058775,0.235407,0.201157,0.538866,0.076818,0.220327,0.641653,0.965689,0.906580,0.981998,0.424271,0.264285,0.222723,13.775483,13.974269,0.646841,0.229285,0.748621,0.791934,0.661364,0.697479,0.909935,0.936246,0.824848,0.576895,0.143458,37.210480,0.001595,0.018701,10.366718,0.004480,0.004488,0.000760,0.002089,13024411.085129,0.000000
-15136306.887451,2005725.179051,75694816.140236,43.406310,-1.682064,0.906712,0.975635,0.838186,0.664251,0.776824,0.649389,0.963381,0.233962,0.644621,0.673105,0.983292,0.704973,0.789290,0.811026,0.390715,0.686807,0.733967,0.984561,0.039113,0.291751,0.113227,0.597698,0.266542,0.026736,0.453634,0.693461,0.952475,0.958741,0.443038,0.421322,0.420611,0.225933,12.549153,6.621702,0.216766,0.215194,0.733291,0.743993,0.575938,0.582431,0.873002,0.879608,0.814010,0.397869,0.144629,36.593690,0.006183,0.000398,10.930531,0.004421,0.004426,0.000531,0.002318,15136306.887451,0.000000
-9130877.820761,1557230.857581,58949895.712885,38.634482,-1.528152,0.818341,0.758554,0.716284,0.433914,0.801301,0.941055,0.665818,0.348493,0.046880,0.308608,0.767721,0.471985,0.899332,0.130324,0.467078,0.771314,0.764408,0.645091,0.051823,0.022898,0.113577,0.661096,0.286233,0.074390,0.041867,0.616418,0.863058,0.934495,0.676100,0.442676,0.442578,0.220941,10.633378,18.945893,0.442075,0.280046,0.767348,0.797803,0.672184,0.697603,0.925668,0.942550,0.783064,0.497750,0.056800,41.365518,0.000389,0.001032,11.404157,0.004452,0.004464,0.000732,0.002117,9130877.820761,0.000000
-12225026.768719,1731591.993250,77015085.604467,39.709202,-1.590196,0.907361,0.968867,0.848900,0.380271,0.253617,0.862342,0.649425,0.569379,0.373218,0.130589,0.978604,0.462472,0.783318,0.736462,0.399898,0.555850,0.670170,0.990029,0.130626,0.501974,0.490653,0.036393,0.342334,0.041216,0.218680,0.628078,0.930958,0.959638,0.442912,0.417554,0.264878,0.220643,14.413328,14.160928,0.412006,0.218808,0.722028,0.782029,0.616037,0.624303,0.891481,0.904429,0.796114,0.397540,0.144047,40.290798,0.005467,0.004968,13.224866,0.004841,0.004811,0.000673,0.002176,12225026.768719,0.000000
-7489004.339885,1628704.927798,47950457.408215,37.205646,-1.420111,0.949672,0.979069,0.348964,0.448384,0.342887,0.939272,0.661429,0.410249,0.227286,0.822084,0.914933,0.825982,0.786978,0.968865,0.926280,0.665257,0.519476,0.413485,0.534222,0.699337,0.114273,0.300575,0.706137,0.033401,0.127741,0.011155,0.883064,0.950213,0.849295,0.414929,0.421064,0.250734,12.863814,16.633169,0.190248,0.268300,0.791699,0.774152,0.690744,0.676519,0.936760,0.926404,0.758313,0.560312,0.128635,42.794354,0.015152,0.022176,5.583862,0.004146,0.004165,0.000597,0.002252,7489004.339885,0.000000
-9946373.338596,1568951.156063,61186930.133229,37.144675,-1.389668,0.740460,0.621443,0.735760,0.555700,0.777144,0.939223,0.661429,0.488130,0.053653,0.377788,0.918636,0.822096,0.279717,0.995884,0.224315,0.725829,0.509903,0.431249,0.824883,0.699337,0.123198,0.478598,0.394383,0.033401,0.123218,0.011155,0.852360,0.954056,0.849295,0.425871,0.421064,0.106754,11.935493,16.623505,0.164276,0.267054,0.753657,0.786414,0.648882,0.663721,0.750580,0.779489,0.750842,0.558863,0.089150,42.855325,0.001941,0.006013,8.604498,0.003910,0.003936,0.000418,0.002431,9946373.338596,0.000000
-11980889.310809,1438268.094395,60295228.216603,59.288169,-1.472810,0.760349,0.959558,0.371080,0.074469,0.765201,0.954845,0.670092,0.484099,0.197992,0.209687,0.574435,0.660932,0.917733,0.728701,0.170645,0.777955,0.599780,0.983265,0.333715,0.340421,0.247387,0.473813,0.393241,0.311939,0.115701,0.641032,0.884222,0.968516,0.998133,0.422622,0.433784,0.221236,11.229512,16.950743,0.199572,0.228812,0.767153,0.771119,0.672858,0.676441,0.923172,0.925381,0.770720,0.611564,0.110886,20.711831,0.009987,0.004434,8.584815,0.004906,0.004913,0.000757,0.002092,11980889.310809,0.000000
-8496407.058605,1265091.123779,54228220.680953,56.243672,-1.247433,0.738970,0.759015,0.352933,0.012161,0.794304,0.946048,0.724975,0.568036,0.399970,0.770157,0.450230,0.392867,0.282401,0.172921,0.389559,0.791875,0.764061,0.415346,0.330550,0.058775,0.580658,0.858320,0.300708,0.303123,0.041294,0.694163,0.829513,0.953622,0.389732,0.415283,0.302711,0.220652,8.093720,18.853685,0.487739,0.232674,0.775085,0.778185,0.681167,0.684029,0.928174,0.929811,0.712759,0.378538,0.103387,23.756328,0.004676,0.013765,5.115857,0.004721,0.004730,0.000893,0.001956,8496407.058605,0.000000
-11085641.387744,1682857.809516,61451312.018075,46.869132,-1.596187,0.820720,0.887927,0.868474,0.071578,0.786681,0.697272,0.729112,0.570595,0.608005,0.820831,0.582825,0.984164,0.811239,0.989896,0.389511,0.569589,0.670308,0.992188,0.330653,0.771401,0.617372,0.213437,0.300520,0.125184,0.219603,0.606864,0.866954,0.943144,0.686071,0.451900,0.291317,0.214898,13.133034,14.032932,0.276672,0.203601,0.779056,0.783116,0.676959,0.681755,0.912447,0.915214,0.797332,0.498620,0.039125,33.130868,0.014460,0.009617,7.487713,0.004320,0.004324,0.000719,0.002130,11085641.387744,0.000000
-18006849.083318,1732857.477633,80634301.429723,51.660423,-0.820670,0.955814,0.976198,0.726429,0.075816,0.760092,0.948989,0.410691,0.338867,0.560429,0.134994,0.858246,0.387906,0.299817,0.368440,0.352549,0.783269,0.602438,0.417851,0.487697,0.333936,0.482782,0.984683,0.404505,0.075674,0.608191,0.206067,0.936672,0.982208,0.999642,0.308986,0.295619,0.235895,9.905163,1.622783,0.403967,0.191505,0.630531,0.709942,0.548135,0.614564,0.780842,0.857471,0.559863,0.606771,0.490892,28.339577,0.001927,0.007620,13.681155,0.004518,0.004532,0.000502,0.002347,18006849.083318,0.000000
-19296308.299411,1869533.249015,85800185.660253,51.801069,-1.369737,0.684757,0.976198,0.852044,0.104166,0.649530,0.936188,0.666975,0.246004,0.227610,0.771784,0.929420,0.457222,0.918920,0.369278,0.389260,0.720709,0.598936,0.983263,0.332950,0.333936,0.208312,0.199136,0.960443,0.076756,0.616524,0.641580,0.865106,0.982281,0.331741,0.416157,0.236947,0.221777,14.378616,2.061414,0.186508,0.174225,0.689364,0.730437,0.538597,0.544733,0.858415,0.867561,0.745826,0.347351,0.117514,28.198931,0.004674,0.014148,11.598730,0.004190,0.004158,0.000117,0.002732,19296308.299411,0.000000
-17791234.569314,1663500.708794,81428271.372930,70.198288,-1.410111,0.759779,0.968658,0.726429,0.074444,0.351841,0.726671,0.403107,0.487423,0.205201,0.208553,0.985537,0.668067,0.917733,0.740739,0.196272,0.779506,0.599780,0.977649,0.332552,0.338772,0.247392,0.596064,0.397494,0.310066,0.447065,0.641572,0.909959,0.969333,0.991941,0.400137,0.163753,0.252109,11.850187,6.931728,0.119462,0.131726,0.706819,0.811093,0.621623,0.708289,0.829797,0.928003,0.755884,0.608825,0.178170,9.801712,0.013757,0.004781,10.170779,0.004418,0.004381,0.000300,0.002549,17791234.569314,0.000000
-18730714.106092,1961933.041697,83835234.877660,46.736682,-1.730957,0.907318,0.976444,0.838186,0.665141,0.772366,0.649389,0.648700,0.232624,0.662688,0.674239,0.583308,0.703533,0.789290,0.752721,0.390715,0.685204,0.742584,0.672664,0.036184,0.296060,0.114931,0.473130,0.270944,0.026736,0.617153,0.612587,0.952476,0.958848,0.444497,0.429109,0.158552,0.225933,13.207005,1.791153,0.153435,0.163993,0.721811,0.733065,0.558209,0.564467,0.782216,0.864606,0.822885,0.398408,0.126127,33.263318,0.005340,0.000362,9.255554,0.003501,0.003513,0.000307,0.002542,18730714.106092,0.000000
-6878356.360444,1510154.166027,69141199.017779,33.468085,-1.681364,0.548597,0.883983,0.869318,0.689425,0.780235,0.744810,0.030648,0.567318,0.259052,0.833475,0.496642,0.436013,0.270279,0.569584,0.542569,0.755052,0.271874,0.569536,0.301301,0.858370,0.112275,0.798904,0.298867,0.017272,0.001844,0.439735,0.965878,0.931099,0.973341,0.414621,0.262986,0.221396,9.729224,20.018733,0.518681,0.269533,0.744426,0.830184,0.660415,0.731659,0.905884,0.955471,0.813880,0.586407,0.167160,46.531915,0.001185,0.005312,7.237540,0.004224,0.004229,0.000403,0.002446,6878356.360444,0.000000
-6035090.908110,1377270.061886,42428367.392530,39.104409,-1.568331,0.738970,0.962912,0.351964,0.012161,0.186169,0.957072,0.732435,0.561790,0.406449,0.770157,0.593435,0.391367,0.277540,0.147535,0.213890,0.811886,0.620999,0.988030,0.130657,0.058775,0.472844,0.851908,0.308118,0.079734,0.042756,0.694163,0.928727,0.838113,0.631889,0.415242,0.302785,0.220652,8.843104,18.723119,0.562062,0.280077,0.816623,0.785556,0.719737,0.694302,0.949440,0.932380,0.791607,0.515159,0.148685,40.895591,0.003557,0.006589,2.969710,0.004584,0.004594,0.000795,0.002054,6035090.908110,0.000000
-18906677.404434,1362279.935780,100891295.932820,77.093774,-1.743389,0.658998,0.855921,0.491227,0.067057,0.347711,0.458331,0.443798,0.128097,0.197853,0.143216,0.586892,0.466286,0.200863,0.175137,0.395932,0.783288,0.553496,0.986332,0.551960,0.058812,0.233248,0.199241,0.398863,0.478526,0.227519,0.847573,0.930110,0.960071,0.299884,0.442631,0.299992,0.221759,10.251578,13.834440,0.097544,0.202340,0.676342,0.845031,0.605219,0.699790,0.860956,0.957162,0.825073,0.341373,0.085755,2.906226,0.002694,0.016885,4.551901,0.004590,0.004616,0.000536,0.002313,18906677.404434,0.000000
-6606749.991422,1283925.315752,43402066.538351,41.610128,-0.557783,0.743183,0.768056,0.284241,0.076283,0.780463,0.728585,0.665138,0.334913,0.217626,0.830899,0.590810,0.414923,0.273160,0.365225,0.454855,0.780545,0.601185,0.415264,0.300919,0.496231,0.113167,0.155383,0.965065,0.124985,0.009860,0.612390,0.865214,0.975263,0.466218,0.398548,0.162511,0.252469,12.722741,20.284519,0.445349,0.257385,0.804018,0.793263,0.708918,0.700310,0.896660,0.921095,0.714990,0.401763,0.161179,38.389872,0.008529,0.017558,0.557783,0.004362,0.004391,0.000686,0.002163,6606749.991422,0.000000
-7958208.039669,1490485.823940,51610139.016236,38.955551,-1.468540,0.762497,0.687748,0.522299,0.367321,0.145784,0.942452,0.716996,0.237685,0.634435,0.953490,0.594875,0.659464,0.864341,0.816589,0.298444,0.811743,0.629102,0.977916,0.546070,0.507074,0.567302,0.641278,0.301490,0.077625,0.045227,0.205114,0.929592,0.934449,0.828684,0.399521,0.305214,0.242757,9.730869,18.854937,0.171621,0.248148,0.784521,0.791341,0.690508,0.696444,0.930283,0.934079,0.769739,0.558147,0.189033,41.044449,0.014002,0.009398,8.202605,0.004111,0.004127,0.000713,0.002136,7958208.039669,0.000000
-14603887.918488,1498996.120851,81655738.535143,53.870243,-0.649888,0.744893,0.969115,0.718617,0.431028,0.157097,0.941795,0.235004,0.350756,0.350391,0.837665,0.781604,0.471400,0.788186,0.722621,0.466794,0.781092,0.688923,0.412562,0.047111,0.023915,0.113910,0.208598,0.282365,0.291254,0.002040,0.612390,0.684749,0.975280,0.456081,0.399262,0.436759,0.252469,13.095125,20.625659,0.468998,0.196428,0.639929,0.796604,0.549791,0.679648,0.830886,0.940999,0.477896,0.397810,0.074221,26.129757,0.007600,0.000918,10.755455,0.004879,0.004872,0.000901,0.001948,14603887.918488,0.000000
-7187644.840532,1579664.817187,46889491.971965,37.205646,-1.424046,0.743349,0.621443,0.351084,0.555700,0.777144,0.939272,0.661429,0.410249,0.053653,0.129278,0.917647,0.822096,0.786978,0.968865,0.926280,0.725829,0.519476,0.431249,0.561596,0.699337,0.123584,0.300575,0.394466,0.033401,0.127741,0.011155,0.884282,0.954056,0.849295,0.414929,0.421064,0.441463,12.462913,16.606144,0.108178,0.275663,0.789262,0.782342,0.687917,0.682473,0.935391,0.931250,0.759262,0.558863,0.053457,42.794354,0.009588,0.023403,6.957887,0.004137,0.004145,0.000609,0.002240,7187644.840532,0.000000
-7562498.123648,1530910.923622,47238017.361420,37.138273,-1.302972,0.935129,0.621555,0.351084,0.551817,0.699396,0.939272,0.646771,0.410249,0.209772,0.134339,0.917647,0.805520,0.786978,0.968865,0.197991,0.693402,0.757811,0.431249,0.565834,0.708933,0.123587,0.017215,0.394466,0.033401,0.127038,0.011155,0.847078,0.954056,0.849295,0.414929,0.440530,0.119633,13.092958,16.858801,0.100534,0.281763,0.789593,0.782143,0.679451,0.683790,0.830913,0.845518,0.728277,0.558863,0.100732,42.861727,0.006838,0.003238,6.566929,0.004102,0.004102,0.000634,0.002215,7562498.123648,0.000000
-12104798.564705,1297253.809311,67231289.887305,56.181067,-1.585608,0.735854,0.991830,0.359781,0.060123,0.786519,0.937972,0.662372,0.351487,0.209434,0.088870,0.455282,0.739892,0.333713,0.173369,0.235643,0.721024,0.763465,0.165959,0.777199,0.309156,0.113461,0.907682,0.394717,0.302037,0.041486,0.694544,0.934688,0.895863,0.295656,0.414990,0.264285,0.227754,9.210377,18.791881,0.554798,0.239713,0.753449,0.792433,0.669753,0.702283,0.912629,0.936177,0.795177,0.358803,0.152021,23.818933,0.002587,0.006190,5.609111,0.004919,0.004901,0.000742,0.002107,12104798.564705,0.000000
-5103911.865876,1404010.609152,44418893.692322,33.485272,-1.245005,0.744372,0.982037,0.356561,0.166545,0.768894,0.274335,0.669235,0.490253,0.318373,0.822240,0.449011,0.385321,0.257271,0.813986,0.384960,0.280532,0.734461,0.976990,0.353807,0.058775,0.115100,0.885603,0.405691,0.008533,0.035264,0.694163,0.829345,0.952682,0.451971,0.414991,0.163256,0.220548,9.690171,18.887077,0.386258,0.262713,0.799519,0.807404,0.701767,0.708575,0.906508,0.945884,0.712060,0.403278,0.104000,46.514728,0.004245,0.003113,4.207525,0.004394,0.004416,0.000668,0.002181,5103911.865876,0.000000
-12348610.930729,1307130.076848,66309143.808760,56.769428,-1.354347,0.738970,0.757533,0.708099,0.068614,0.786555,0.940816,0.669897,0.568036,0.046312,0.075354,0.455282,0.478969,0.333713,0.176990,0.235643,0.723689,0.601477,0.165959,0.780961,0.312908,0.113461,0.459353,0.287928,0.306310,0.053348,0.619079,0.862677,0.956809,0.287062,0.414990,0.257709,0.248894,11.192140,18.849913,0.484293,0.212660,0.748287,0.782725,0.660768,0.689552,0.910820,0.931829,0.741884,0.337292,0.119196,23.230572,0.002342,0.002796,6.392319,0.004050,0.004065,0.000396,0.002453,12348610.930729,0.000000
-13399299.104106,1723116.477962,80990188.335586,41.641850,-1.727402,0.900719,0.991515,0.867373,0.377822,0.851053,0.890172,0.700677,0.268985,0.322716,0.813855,0.587365,0.674672,0.897551,0.171283,0.638005,0.774767,0.599157,0.389167,0.824522,0.890872,0.246475,0.201144,0.545812,0.065838,0.210538,0.644684,0.960993,0.952660,0.682529,0.424271,0.264285,0.208899,13.582241,14.274865,0.480448,0.230747,0.717992,0.780717,0.635257,0.683007,0.888788,0.914403,0.822254,0.493869,0.141360,38.358150,0.000739,0.008086,13.638301,0.004426,0.004434,0.000839,0.002010,13399299.104106,0.000000
-15023934.759384,1955750.608129,76354985.070737,42.332705,-1.689507,0.944079,0.968810,0.838186,0.665141,0.772366,0.655199,0.967099,0.232643,0.618228,0.673105,0.978622,0.705478,0.789290,0.740677,0.924845,0.686807,0.690988,0.668694,0.218692,0.296060,0.113228,0.595381,0.270944,0.015479,0.453634,0.612587,0.952451,0.980090,0.439595,0.422511,0.162583,0.225933,12.543581,6.615918,0.244430,0.175688,0.718805,0.728584,0.554701,0.562008,0.824936,0.859952,0.815390,0.389910,0.141754,37.667295,0.005176,0.004612,11.242004,0.004411,0.004419,0.000714,0.002135,15023934.759384,0.000000
-6626336.579812,1404019.877980,48087043.895757,38.618041,-1.296783,0.744610,0.993071,0.354016,0.068614,0.786540,0.745181,0.662372,0.567926,0.209434,0.759398,0.455282,0.738323,0.333713,0.173784,0.235718,0.723689,0.577822,0.985623,0.290624,0.312908,0.066565,0.898028,0.393241,0.073677,0.041441,0.694544,0.845073,0.958740,0.287062,0.414990,0.264285,0.248894,9.463046,18.728173,0.725681,0.269067,0.789997,0.785819,0.690717,0.689871,0.936435,0.933911,0.726590,0.336734,0.111172,41.381959,0.003115,0.006641,7.268142,0.004926,0.004938,0.000976,0.001873,6626336.579812,0.000000
-6384663.062414,1420674.915728,46843839.283746,38.894394,-1.352919,0.794403,0.968277,0.353148,0.013242,0.787104,0.677375,0.658326,0.548164,0.041710,0.128098,0.590104,0.479560,0.795510,0.797785,0.550746,0.499936,0.684363,0.988155,0.299014,0.067127,0.133951,0.437070,0.393397,0.076892,0.046844,0.644129,0.864336,0.958290,0.478088,0.413926,0.302757,0.220776,11.961327,18.949577,0.453285,0.274154,0.795087,0.794670,0.697533,0.697472,0.938855,0.938459,0.741515,0.411751,0.122505,41.105606,0.005778,0.010963,7.934183,0.004979,0.004988,0.000928,0.001921,6384663.062414,0.000000
-12830991.459273,1416519.166258,66563526.423245,58.403747,-1.076766,0.822264,0.775662,0.617194,0.059019,0.653809,0.730188,0.518396,0.569132,0.196369,0.815976,0.816305,0.380543,0.790897,0.748120,0.112344,0.568323,0.200541,0.395982,0.298753,0.825219,0.474656,0.676629,0.489692,0.299617,0.117000,0.641412,0.811459,0.875993,0.298447,0.398315,0.425935,0.319450,10.164392,16.758349,0.247318,0.203686,0.723519,0.789895,0.630651,0.685886,0.892825,0.935167,0.659304,0.366042,0.083337,21.596253,0.005651,0.002069,7.576815,0.004706,0.004699,0.000882,0.001967,12830991.459273,0.000000
-9876930.250004,1591776.990675,62358249.989947,38.589738,-1.602735,0.762744,0.976196,0.737613,0.384796,0.765054,0.936188,0.666928,0.343098,0.210849,0.771784,0.601013,0.487904,0.840642,0.815291,0.388973,0.769024,0.600275,0.977962,0.491220,0.306268,0.479884,0.187817,0.981083,0.075929,0.038930,0.183326,0.925201,0.982780,0.695025,0.422408,0.298696,0.221662,12.959098,19.451666,0.489779,0.238763,0.765371,0.793983,0.674750,0.698693,0.921235,0.937855,0.798655,0.488267,0.129774,41.410262,0.006904,0.013044,12.811657,0.004767,0.004767,0.000811,0.002038,9876930.250004,0.000000
-8226912.369626,1581153.751348,64441858.234184,33.983333,-1.861140,0.690488,0.995760,0.865431,0.364198,0.146687,0.853861,0.681426,0.740383,0.210366,0.140440,0.590734,0.401050,0.805349,0.746329,0.386796,0.571027,0.652250,0.186362,0.134527,0.288724,0.471526,0.983512,0.320303,0.012103,0.045701,0.730597,0.922978,0.836631,0.629136,0.466360,0.270720,0.200852,8.719045,18.572633,0.724993,0.255977,0.775216,0.787147,0.684920,0.695013,0.920778,0.930003,0.844505,0.514584,0.033184,46.016667,0.004077,0.001692,8.761297,0.004543,0.004517,0.000406,0.002443,8226912.369626,0.000000
-15365774.896514,1816758.223093,103127202.654532,42.974789,-1.364371,0.891018,0.839206,0.868110,0.986255,0.770411,0.736697,0.401701,0.442161,0.098264,0.134649,0.581382,0.990673,0.904343,0.767950,0.364355,0.573289,0.524753,0.967722,0.195407,0.265769,0.105622,0.842366,0.393837,0.078137,0.217818,0.644676,0.860078,0.951782,0.636097,0.417882,0.298106,0.211990,10.664175,13.553260,0.123141,0.206178,0.625287,0.789873,0.549837,0.655589,0.814914,0.901271,0.744459,0.475928,0.111139,37.025211,0.003012,0.002513,6.761012,0.003474,0.003467,0.000038,0.002811,15365774.896514,0.000000
-19896560.926242,1548741.553738,110371306.265618,70.377444,-1.715824,0.818887,0.758554,0.716284,0.435419,0.348824,0.941101,0.400308,0.349409,0.012965,0.320065,0.787321,0.471608,0.282335,0.176863,0.409330,0.771314,0.605267,0.420825,0.061467,0.022898,0.114377,0.983487,0.284852,0.309805,0.449733,0.180905,0.934625,0.897596,0.360313,0.435767,0.436444,0.199113,7.994118,6.521966,0.112155,0.184980,0.644810,0.795810,0.574670,0.622959,0.833344,0.913385,0.820185,0.384240,0.085320,9.622556,0.000653,0.001299,10.313684,0.003785,0.003818,0.000359,0.002490,19896560.926242,0.000000
-8589060.842281,1383621.467186,55732208.210880,39.005450,-1.351442,0.752560,0.676922,0.352976,0.686215,0.785978,0.946048,0.664644,0.443278,0.404211,0.777558,0.460257,0.393375,0.277626,0.172921,0.455268,0.262104,0.621322,0.986879,0.330550,0.336764,0.481731,0.854429,0.415159,0.078075,0.043989,0.647565,0.861148,0.953628,0.453411,0.415314,0.304834,0.220652,8.391712,18.691306,0.188903,0.276824,0.766488,0.788266,0.674542,0.692828,0.922418,0.935071,0.741133,0.403545,0.117724,40.994550,0.000332,0.004983,4.809624,0.003653,0.003672,0.000312,0.002537,8589060.842281,0.000000
-11179602.811765,1466181.996697,72729112.395090,41.494163,-1.302236,0.752560,0.676922,0.858234,0.000456,0.787035,0.949862,0.724975,0.493761,0.612163,0.816716,0.460257,0.393375,0.272173,0.174164,0.455270,0.275769,0.621322,0.932141,0.330550,0.071114,0.604881,0.484774,0.216070,0.078075,0.156360,0.650051,0.832550,0.953638,0.464522,0.422320,0.268639,0.220652,11.100546,15.647369,0.293659,0.239550,0.712631,0.772927,0.626812,0.676926,0.888015,0.927368,0.728077,0.407906,0.088402,38.505837,0.001676,0.005562,7.069484,0.003406,0.003431,0.000366,0.002483,11179602.811765,0.000000
-5454358.960352,1467330.413181,39818767.924272,35.665845,-0.853533,0.952936,0.969115,0.304424,0.166829,0.792558,0.695559,0.968588,0.496309,0.257109,0.822508,0.586028,0.434280,0.904405,0.721083,0.542384,0.754838,0.690890,0.561851,0.267602,0.674014,0.114893,0.795160,0.304344,0.046651,0.001519,0.612390,0.688030,0.929856,0.456081,0.429149,0.295580,0.221058,10.564380,20.023274,0.385657,0.249049,0.799960,0.731050,0.689447,0.632877,0.944854,0.904895,0.574093,0.412176,0.009033,44.334155,0.008679,0.015093,5.597646,0.004690,0.004701,0.000866,0.001983,5454358.960352,0.000000
-6388033.010989,1623776.833456,57828680.277352,32.465876,-0.092826,0.795850,0.972787,0.831981,0.499089,0.801296,0.744651,0.951069,0.110285,0.633977,0.573222,0.783334,0.738767,0.892393,0.168120,0.236864,0.721495,0.647701,0.396267,0.431856,0.908777,0.477879,0.768396,0.284325,0.002309,0.008351,0.773897,0.846123,0.696595,0.476096,0.260052,0.399778,0.247884,9.983921,19.870927,0.721652,0.206745,0.644633,0.631763,0.547772,0.537468,0.776328,0.760332,0.088648,0.503678,0.078577,47.534124,0.000498,0.005631,11.110675,0.004829,0.004833,0.000716,0.002133,6388033.010989,0.000000
-6911221.574812,1367189.275195,52798125.142928,37.276577,-0.338535,0.752812,0.969115,0.354710,0.402068,0.660577,0.194578,0.641454,0.495284,0.213138,0.775202,0.625740,0.386097,0.258720,0.173240,0.449388,0.283992,0.746868,0.979482,0.274328,0.330905,0.115697,0.020046,0.215443,0.052223,0.063524,0.051091,0.840018,0.958311,0.625073,0.289016,0.161773,0.210791,13.646606,18.773741,0.409076,0.201098,0.682583,0.748287,0.590536,0.650804,0.718359,0.822305,0.287186,0.469365,0.517735,42.723423,0.000698,0.003492,4.134637,0.004071,0.004101,0.000505,0.002344,6911221.574812,0.000000
-5442956.024691,1417310.377482,44890088.414569,36.582733,-1.569233,0.739112,0.687268,0.331275,0.371314,0.149332,0.942452,0.439397,0.237851,0.613354,0.953490,0.599339,0.659464,0.282679,0.816589,0.301675,0.811743,0.628257,0.974587,0.546801,0.510760,0.579545,0.896256,0.393918,0.045760,0.046664,0.205069,0.929592,0.959660,0.828762,0.414954,0.304851,0.248907,8.119637,18.550322,0.129189,0.279593,0.808393,0.813351,0.712653,0.717031,0.945146,0.947574,0.791795,0.548713,0.149786,43.417267,0.006811,0.010078,1.606313,0.004042,0.004069,0.000485,0.002364,5442956.024691,0.000000
-5732023.931145,1442138.214879,47070349.558419,36.534367,-1.851924,0.762464,0.960013,0.301186,0.372239,0.219348,0.737284,0.664246,0.576246,0.613312,0.981874,0.571006,0.662414,0.336499,0.127966,0.317619,0.718853,0.555887,0.977702,0.554265,0.078343,0.101744,0.660916,0.543997,0.046087,0.045329,0.652903,0.965048,0.934337,0.682564,0.442383,0.266628,0.241540,10.155671,18.806936,0.299092,0.284542,0.817494,0.818525,0.722814,0.723921,0.951359,0.951739,0.843065,0.500364,0.101343,43.465633,0.000458,0.009605,3.812393,0.004091,0.004101,0.000520,0.002329,5732023.931145,0.000000
-12488953.111721,1430611.128828,62704249.262727,57.076393,-1.579963,0.744487,0.977603,0.352745,0.560736,0.675941,0.935502,0.666758,0.412931,0.414015,0.767851,0.591218,0.828490,0.913055,0.972410,0.232184,0.776015,0.577751,0.461880,0.332722,0.753385,0.064876,0.162953,0.392841,0.317375,0.039693,0.641116,0.909927,0.981610,0.481297,0.426528,0.265803,0.220775,12.929712,19.524801,0.053323,0.204258,0.774430,0.796595,0.683517,0.697673,0.927457,0.939890,0.794017,0.405643,0.113267,22.923607,0.011244,0.006841,7.029439,0.004360,0.004374,0.000704,0.002145,12488953.111721,0.000000
-5813843.154905,1313854.953209,42190354.690353,38.737487,-0.534720,0.690618,0.979558,0.305032,0.071584,0.151960,0.755032,0.667108,0.513507,0.209336,0.092535,0.455001,0.391298,0.291606,0.749005,0.390304,0.575422,0.572156,0.979756,0.299204,0.478878,0.246591,0.201618,0.298680,0.076844,0.042222,0.641580,0.924358,0.954577,0.455419,0.417584,0.158029,0.214810,11.958094,19.251292,0.225953,0.270941,0.821632,0.803728,0.721240,0.712468,0.900145,0.919190,0.791838,0.404034,0.140982,41.262513,0.003955,0.011721,0.534720,0.004215,0.004247,0.000589,0.002260,5813843.154905,0.000000
-15107789.906999,1661781.741169,71883122.203019,51.459085,-1.654390,0.739745,0.977267,0.354560,0.076177,0.781343,0.943080,0.666646,0.302913,0.354083,0.822351,0.571934,0.706907,0.900603,0.370847,0.384650,0.783858,0.599943,0.977253,0.293656,0.717995,0.642485,0.208260,0.711798,0.073785,0.614791,0.644173,0.940806,0.976036,0.680872,0.422760,0.161700,0.237728,10.967375,2.036472,0.135479,0.197847,0.742387,0.756351,0.655007,0.666846,0.831499,0.887842,0.808791,0.485089,0.135934,28.540915,0.011715,0.013458,7.169184,0.004376,0.004396,0.000651,0.002198,15107789.906999,0.000000
-13931957.133120,1678386.658255,72278660.161799,43.127827,-0.775381,0.684757,0.976198,0.852044,0.166579,0.648754,0.936188,0.666975,0.499695,0.226189,0.822553,0.929420,0.456091,0.924865,0.368385,0.454602,0.720709,0.462753,0.971374,0.332950,0.501266,0.111478,0.208908,0.703580,0.076756,0.235353,0.641580,0.688983,0.983147,0.331741,0.416238,0.238165,0.221777,14.201158,13.519876,0.420514,0.191047,0.689692,0.740665,0.592018,0.600663,0.874166,0.902325,0.539472,0.347099,0.037253,36.872173,0.004942,0.012823,12.083487,0.004729,0.004704,0.000586,0.002263,13931957.133120,0.000000
-6260329.294572,1376743.911605,46502971.853731,38.079976,-0.853603,0.750669,0.841108,0.356530,0.166829,0.860130,0.183463,0.649161,0.496331,0.206725,0.822729,0.588758,0.666650,0.788186,0.728520,0.454855,0.279914,0.743026,0.976862,0.268858,0.498998,0.114659,0.208598,0.705141,0.078117,0.009072,0.643456,0.688030,0.975280,0.456081,0.429160,0.161782,0.251659,13.207579,20.271052,0.413990,0.235281,0.779820,0.798566,0.677787,0.693566,0.901202,0.943060,0.574122,0.397810,0.009010,41.920024,0.016856,0.004144,1.418745,0.004889,0.004899,0.000980,0.001869,6260329.294572,0.000000
-13591736.642233,1482191.998557,66859043.119148,58.726380,-1.452188,0.760451,0.977359,0.723110,0.071427,0.783368,0.944783,0.666646,0.487479,0.200558,0.189172,0.780755,0.658676,0.790409,0.752615,0.249019,0.779846,0.689475,0.795307,0.332498,0.712033,0.132831,0.147485,0.549462,0.291079,0.152815,0.641579,0.934632,0.975941,0.687002,0.400335,0.095107,0.237894,13.571786,16.140088,0.405965,0.147330,0.728665,0.778435,0.613306,0.687576,0.602260,0.749767,0.765942,0.487508,0.189267,21.273620,0.011417,0.006737,10.080545,0.004723,0.004691,0.000572,0.002277,13591736.642233,0.000000
-5289117.433443,1285237.708788,44890614.952587,41.610132,-1.246555,0.743097,0.768468,0.282292,0.063727,0.780463,0.728585,0.939217,0.584564,0.598393,0.374734,0.590241,0.413568,0.276047,0.730204,0.462320,0.780545,0.768321,0.412562,0.300919,0.502095,0.108226,0.155401,0.291831,0.124985,0.009860,0.612803,0.860686,0.975287,0.460996,0.399463,0.161199,0.252469,12.650794,20.310900,0.323007,0.243841,0.799065,0.761780,0.703858,0.673294,0.891864,0.896062,0.712507,0.399722,0.156695,38.389868,0.007321,0.017441,1.807488,0.004375,0.004403,0.000681,0.002168,5289117.433443,0.000000
-5168210.946175,1419496.850994,37568743.650173,35.780430,-0.853533,0.829385,0.969115,0.304424,0.167629,0.321059,0.694834,0.954397,0.496309,0.226529,0.185489,0.755502,0.381778,0.902355,0.721083,0.467351,0.785761,0.690890,0.413640,0.266447,0.675282,0.114893,0.208764,0.336553,0.046749,0.011774,0.624885,0.688030,0.989994,0.456081,0.429149,0.260870,0.246131,12.976343,20.182751,0.279540,0.256186,0.806897,0.741581,0.696800,0.643197,0.948708,0.911697,0.574093,0.393264,0.009033,44.219570,0.010722,0.015188,3.660344,0.004430,0.004438,0.000761,0.002088,5168210.946175,0.000000
-18781287.129236,1895230.561617,79894812.709950,51.798460,-1.409475,0.684971,0.976198,0.852044,0.076327,0.765054,0.936188,0.666928,0.343098,0.210849,0.771784,0.864653,0.484384,0.840642,0.368429,0.388973,0.788487,0.600275,0.983263,0.491220,0.306268,0.479884,0.186321,0.972149,0.076756,0.616524,0.640090,0.865106,0.982253,0.999297,0.422408,0.298636,0.222348,14.053160,2.074131,0.186405,0.186513,0.707311,0.745428,0.614588,0.646426,0.883272,0.909560,0.755728,0.606619,0.102809,28.201540,0.005287,0.014984,11.565163,0.004210,0.004178,0.000132,0.002717,18781287.129236,0.000000
-18781287.129236,1892236.939702,79894812.709950,51.798460,-0.983673,0.684971,0.976198,0.852044,0.076327,0.765054,0.936188,0.666928,0.343098,0.210849,0.771784,0.864653,0.484384,0.840642,0.368429,0.388973,0.788487,0.600275,0.983263,0.491220,0.306268,0.479884,0.186321,0.972149,0.076756,0.616524,0.640090,0.737714,0.982253,0.999297,0.422408,0.298636,0.222348,14.207209,2.074131,0.186405,0.173403,0.678813,0.721665,0.579665,0.615409,0.865393,0.896540,0.626065,0.606619,0.045646,28.201540,0.005287,0.014984,11.565163,0.004210,0.004178,0.000132,0.002717,18781287.129236,0.000000
-13762152.048282,1935364.078938,65192193.794573,43.406310,-1.467917,0.906712,0.975635,0.838186,0.664251,0.776824,0.940233,0.957499,0.411130,0.644621,0.618662,0.982366,0.821503,0.789290,0.809219,0.411877,0.686807,0.517407,0.454616,0.052700,0.291751,0.113227,0.597698,0.266542,0.026736,0.453634,0.693461,0.885251,0.958741,0.860323,0.421322,0.281910,0.225933,12.636781,6.641952,0.252136,0.188284,0.755691,0.706948,0.655588,0.615605,0.902921,0.882011,0.769595,0.561425,0.114396,36.593690,0.006156,0.000583,15.409756,0.004438,0.004445,0.000529,0.002320,13762152.048282,0.000000
-10400106.807204,1619310.092711,82272344.676618,37.339859,-1.814009,0.905846,0.976390,0.870464,0.665141,0.798311,0.694451,0.498211,0.232624,0.662583,0.673105,0.754740,0.586222,0.263007,0.823509,0.390715,0.713861,0.314810,0.230492,0.349233,0.682761,0.466842,0.595460,0.277078,0.026736,0.157824,0.612587,0.952499,0.747510,0.294189,0.442620,0.164602,0.225933,11.163864,15.519229,0.536541,0.205269,0.707271,0.784611,0.584492,0.602608,0.766521,0.912593,0.837001,0.406282,0.095416,42.660141,0.001027,0.002581,10.899102,0.004576,0.004586,0.000765,0.002084,10400106.807204,0.000000
-15496378.265254,1494101.017867,72789559.672468,60.610145,-1.206632,0.844896,0.976421,0.611933,0.513089,0.870010,0.976755,0.448071,0.483738,0.319400,0.953875,0.755373,0.586838,0.257361,0.788849,0.634277,0.680953,0.309436,0.842810,0.352918,0.856648,0.447760,0.069343,0.112707,0.314009,0.153890,0.958220,0.852394,0.965683,0.294776,0.397532,0.160531,0.102998,12.722120,16.182141,0.232077,0.164869,0.639995,0.649741,0.430932,0.437000,0.581272,0.625589,0.700797,0.337750,0.157730,19.389855,0.001980,0.008709,13.169367,0.004785,0.004802,0.000920,0.001929,15496378.265254,0.000000
-14365292.987386,1747905.575237,68292807.882733,46.125852,-1.075969,0.686329,0.997377,0.837085,0.073066,0.851198,0.724153,0.665246,0.485393,0.617360,0.777581,0.596894,0.460132,0.921016,0.727986,0.384040,0.578589,0.781776,0.715371,0.217769,0.265006,0.614073,0.493159,0.416207,0.053805,0.460965,0.018266,0.860734,0.659327,0.687003,0.399652,0.305003,0.243365,12.397835,6.486484,0.278441,0.152076,0.707894,0.768855,0.591851,0.644930,0.867964,0.914072,0.659033,0.517904,0.156235,33.874148,0.004667,0.011297,9.519462,0.004206,0.004212,0.000230,0.002619,14365292.987386,0.000000
-10681796.776954,1891097.865402,60057358.696805,47.329400,-0.759986,0.685335,0.979051,0.351084,0.555700,0.649810,0.939272,0.661429,0.596795,0.604678,0.129278,0.917647,0.935326,0.792062,0.737500,0.925000,0.725829,0.692652,0.977025,0.562290,0.699337,0.473417,0.300575,0.298843,0.032688,0.617821,0.011155,0.686984,0.954056,0.978087,0.414929,0.421064,0.441463,10.523694,1.901530,0.003439,0.197515,0.717220,0.688894,0.599175,0.576132,0.893983,0.873209,0.532327,0.609436,0.039244,32.670600,0.006658,0.023457,8.203592,0.003429,0.003463,0.000194,0.002655,10681796.776954,0.000000
-5636034.284408,1437074.512499,46259614.779141,36.171992,-1.850829,0.762358,0.960122,0.301186,0.372239,0.139857,0.679608,0.664246,0.568510,0.617312,0.981387,0.571350,0.674351,0.330993,0.123976,0.317025,0.715348,0.601304,0.977702,0.550640,0.507374,0.101744,0.146427,0.394023,0.042648,0.045329,0.646853,0.964698,0.934337,0.468672,0.442383,0.266628,0.242887,12.534353,19.226289,0.292919,0.286875,0.820398,0.818889,0.719255,0.724470,0.952783,0.951922,0.842893,0.415719,0.101192,43.828008,0.000435,0.009461,3.728486,0.004070,0.004084,0.000535,0.002314,5636034.284408,0.000000
-6756379.513454,1287902.218825,43545656.735649,41.973622,-0.596294,0.743289,0.768056,0.284241,0.076283,0.780463,0.778199,0.665138,0.337724,0.217626,0.831385,0.590754,0.414923,0.273160,0.368646,0.454855,0.780545,0.555767,0.459182,0.300919,0.496231,0.113167,0.612377,0.965065,0.128456,0.009860,0.612390,0.865564,0.975263,0.680111,0.398548,0.162511,0.252469,10.622376,19.909865,0.432804,0.255352,0.802682,0.787489,0.707574,0.695295,0.895263,0.916825,0.715315,0.485059,0.161344,38.026378,0.008542,0.017689,0.596294,0.004384,0.004412,0.000693,0.002156,6756379.513454,0.000000
-11044573.512407,1709910.855860,74985936.300910,38.197883,-1.640539,0.824735,0.975638,0.838186,0.684969,0.784439,0.603330,0.644970,0.565347,0.606705,0.127448,0.996259,0.704967,0.789290,0.183206,0.554521,0.570080,0.745613,0.155657,0.302696,0.071801,0.593574,0.597698,0.373907,0.034535,0.168277,0.026804,0.937408,0.953956,0.691275,0.422267,0.417111,0.225933,11.267319,15.229469,0.554025,0.237072,0.729537,0.802260,0.641710,0.698663,0.897343,0.931653,0.806125,0.496849,0.135589,41.802117,0.000368,0.001202,9.476362,0.004692,0.004665,0.000536,0.002313,11044573.512407,0.000000
-16686725.669098,1879929.956857,82412189.228997,43.406555,-0.565014,0.905846,0.968810,0.870464,0.665141,0.798319,0.854323,0.642991,0.232714,0.662583,0.673105,0.913164,0.809565,0.789803,0.740874,0.390715,0.713861,0.742584,0.399416,0.036184,0.682761,0.096969,0.599036,0.278714,0.026736,0.453634,0.612587,0.952388,0.967320,0.435772,0.274006,0.158552,0.225933,12.479677,6.605246,0.264605,0.151393,0.600472,0.695728,0.520322,0.578731,0.725100,0.829401,0.431648,0.392357,0.552105,36.593445,0.005179,0.000362,14.238430,0.004336,0.004345,0.000520,0.002329,16686725.669098,0.000000
-10826094.655307,1599035.820087,71544960.218343,38.267992,-1.925322,0.789115,0.956617,0.850649,0.072738,0.265731,0.859552,0.670100,0.542075,0.208902,0.143828,0.589683,0.391799,0.290915,0.149884,0.633484,0.569643,0.670170,0.990029,0.130262,0.501974,0.490896,0.036393,0.547132,0.024215,0.218477,0.844305,0.930764,0.962621,0.289746,0.473231,0.265249,0.179108,14.594001,14.120434,0.734862,0.268198,0.759139,0.782054,0.575706,0.592789,0.874243,0.894132,0.854171,0.336666,0.022839,41.732008,0.002348,0.014389,11.407648,0.004588,0.004593,0.000578,0.002271,10826094.655307,0.000000
-12673027.361441,1540732.900231,97429532.786274,45.157846,-1.714249,0.818341,0.751888,0.716284,0.436404,0.801301,0.939817,0.245026,0.349409,0.607316,0.161143,0.779926,0.311542,0.282335,0.171345,0.433122,0.774759,0.764408,0.420934,0.051267,0.022898,0.113916,0.983487,0.284852,0.064213,0.368124,0.180905,0.960872,0.897596,0.360313,0.422244,0.269169,0.174524,8.849955,8.857938,0.364795,0.203825,0.665145,0.785642,0.582687,0.599275,0.801090,0.892550,0.819901,0.384240,0.146175,34.842154,0.000616,0.001010,8.170591,0.003993,0.004001,0.000396,0.002453,12673027.361441,0.000000
-6738348.092016,1321046.252977,45279331.129051,39.138667,-0.314213,0.752560,0.686005,0.352976,0.074311,0.787302,0.899639,0.732397,0.493294,0.412524,0.769292,0.460257,0.393375,0.278397,0.172921,0.455270,0.275769,0.621322,0.988030,0.330510,0.721586,0.580658,0.852119,0.396395,0.077715,0.051069,0.659635,0.829327,0.953628,0.452907,0.290261,0.303089,0.211714,8.815962,18.457806,0.425603,0.248372,0.722997,0.689826,0.626364,0.599159,0.868198,0.837698,0.269636,0.403347,0.505577,40.861333,0.002974,0.005605,5.289225,0.004479,0.004492,0.000817,0.002032,6738348.092016,0.000000
-7116492.615791,1584588.723371,47945011.864982,35.836526,-0.386920,0.743349,0.626660,0.486328,0.551757,0.667097,0.890699,0.661429,0.410249,0.054527,0.138407,0.930799,0.822096,0.786978,0.968865,0.926280,0.725490,0.519476,0.431249,0.640871,0.332157,0.123584,0.300575,0.386516,0.033401,0.061940,0.011155,0.884282,0.958411,0.849295,0.278270,0.421117,0.447127,12.316155,18.606693,0.155808,0.254998,0.701750,0.709666,0.599206,0.606196,0.842232,0.848713,0.320855,0.557226,0.041518,44.163474,0.010356,0.020538,7.763095,0.004341,0.004357,0.000748,0.002101,7116492.615791,0.000000
-10439752.559991,1625927.585259,77517211.630742,37.283397,-1.681992,0.743154,0.976795,0.838186,0.684507,0.777142,0.603330,0.645000,0.236402,0.646596,0.127448,0.983313,0.823235,0.278080,0.769425,0.383977,0.581253,0.506333,0.366281,0.046447,0.291581,0.114928,0.481192,0.381213,0.034541,0.125452,0.011472,0.937408,0.954057,0.691275,0.428874,0.417111,0.106265,12.028265,16.595678,0.569255,0.253957,0.722908,0.742396,0.580090,0.593856,0.676578,0.728114,0.813997,0.496813,0.120006,42.716603,0.001771,0.000472,9.130781,0.004465,0.004435,0.000337,0.002512,10439752.559991,0.000000
-14571909.057906,1735009.748177,101895357.497592,41.935941,-0.141357,0.788502,0.965807,0.837661,0.667324,0.786512,0.646599,0.507576,0.233927,0.665129,0.662071,0.593883,0.704973,0.270423,0.863291,0.626738,0.686807,0.742584,0.670542,0.037563,0.296060,0.115160,0.595489,0.272216,0.026736,0.381951,0.087666,0.952476,0.834567,0.289696,0.428912,0.158923,0.225935,11.848166,8.771222,0.314563,0.143142,0.422681,0.750322,0.340928,0.556704,0.232312,0.814830,0.131820,0.375511,0.126589,38.064059,0.001255,0.000377,8.646349,0.003935,0.003946,0.000413,0.002436,14571909.057906,0.000000
-15155830.226765,1809835.306744,76666421.251767,46.082690,-1.399331,0.823501,0.976846,0.837970,0.691762,0.784385,0.076340,0.661226,0.442533,0.617457,0.778426,0.596894,0.460132,0.788352,0.768610,0.384040,0.576012,0.781776,0.151555,0.309297,0.283610,0.486818,0.597698,0.396093,0.053805,0.458043,0.642636,0.862283,0.660367,0.685682,0.422257,0.304862,0.243363,11.573971,6.505135,0.203541,0.170443,0.717543,0.810288,0.625192,0.681402,0.890741,0.926665,0.753238,0.517749,0.101892,33.917310,0.005084,0.001087,3.627168,0.003886,0.003897,0.000377,0.002472,15155830.226765,0.000000
-19379762.435655,1860603.202079,85408409.643268,52.814312,-1.570348,0.956011,0.976985,0.725370,0.197986,0.774856,0.851288,0.668293,0.240423,0.318107,0.151851,0.912468,0.475738,0.916095,0.188652,0.388965,0.686428,0.322559,0.154650,0.325508,0.511565,0.486984,0.972933,0.638050,0.079124,0.643300,0.636883,0.866013,0.982234,0.999494,0.448084,0.437078,0.242441,10.150216,0.599597,0.283898,0.219195,0.699331,0.747321,0.608964,0.648888,0.881160,0.913734,0.792027,0.606703,0.046644,27.185688,0.001760,0.002202,14.405329,0.004448,0.004458,0.000441,0.002408,19379762.435655,0.000000
-11490299.757290,1588944.335101,66502999.503417,43.149990,-1.875889,0.820470,0.835536,0.841926,0.682442,0.756224,0.738849,0.661692,0.566692,0.614856,0.103147,0.461208,0.394960,0.278757,0.733186,0.391244,0.710779,0.504712,0.156763,0.297569,0.085358,0.610087,0.070584,0.552083,0.081500,0.219932,0.644680,0.970608,0.951799,0.688324,0.443473,0.418249,0.220207,12.926064,14.101716,0.291017,0.257168,0.769627,0.798073,0.678794,0.702577,0.925219,0.941231,0.846781,0.496449,0.101314,36.850010,0.001061,0.001622,6.049115,0.003553,0.003581,0.000171,0.002678,11490299.757290,0.000000
-18662746.674419,1796151.901894,98879177.741872,48.440893,-0.629270,0.688958,0.975388,0.851284,0.690107,0.644328,0.005438,0.667108,0.233962,0.239535,0.771784,0.443711,0.315485,0.829621,0.351824,0.389409,0.793895,0.462091,0.983263,0.300478,0.333936,0.117529,0.197770,0.973247,0.076750,0.468923,0.043094,0.870136,0.982253,0.494923,0.311632,0.298716,0.222337,13.115890,6.493931,0.121595,0.167973,0.552116,0.764514,0.478135,0.624644,0.697119,0.902390,0.467019,0.410734,0.441127,31.559107,0.000793,0.009108,3.210633,0.003359,0.003371,0.000063,0.002786,18662746.674419,0.000000
-19095138.085600,1839190.688686,83049895.045054,48.593842,-1.533119,0.684971,0.858710,0.852979,0.072565,0.765054,0.936188,0.446665,0.343131,0.210792,0.791575,0.864653,0.484384,0.840642,0.368429,0.388973,0.788487,0.600275,0.983263,0.490183,0.034169,0.479884,0.199258,0.972149,0.063975,0.531009,0.836615,0.865302,0.982253,0.999297,0.442290,0.298636,0.222348,13.657681,4.594898,0.154658,0.210669,0.706324,0.799514,0.617147,0.694420,0.885444,0.933932,0.784139,0.606619,0.058591,31.406158,0.005875,0.015128,11.126157,0.004132,0.004149,0.000215,0.002634,19095138.085600,0.000000
-13180258.486954,1437066.245900,65384503.877825,60.387128,-1.198365,0.826905,0.976411,0.617193,0.075775,0.791914,0.976755,0.662270,0.491342,0.220662,0.953875,0.755373,0.586838,0.257716,0.826047,0.384455,0.995283,0.321816,0.842810,0.353548,0.842159,0.467124,0.646197,0.290295,0.308699,0.155065,0.777365,0.852394,0.748700,0.294776,0.396294,0.164883,0.102998,10.644675,15.656495,0.453710,0.148489,0.645027,0.656455,0.425725,0.433687,0.601091,0.634463,0.698313,0.406123,0.160925,19.612872,0.002515,0.009757,13.598504,0.004984,0.004990,0.000965,0.001884,13180258.486954,0.000000
-9923702.750014,1438101.915590,61806534.631279,39.009157,-1.389102,0.752560,0.675648,0.848843,0.011178,0.786246,0.735436,0.724975,0.491399,0.220380,0.769106,0.456793,0.393375,0.277626,0.173202,0.455270,0.567295,0.621322,0.988030,0.330550,0.332436,0.607504,0.872587,0.216070,0.078075,0.043989,0.650051,0.872782,0.953628,0.453411,0.415285,0.273530,0.220652,8.843286,18.701935,0.414624,0.261829,0.751678,0.789647,0.662303,0.693982,0.912834,0.935643,0.750701,0.403545,0.123092,40.990843,0.001802,0.014448,3.126604,0.003653,0.003675,0.000455,0.002394,9923702.750014,0.000000
-16860322.043404,1927404.205512,81909749.146978,44.091525,-1.682508,0.902002,0.975638,0.838186,0.684969,0.777063,0.762222,0.644970,0.236402,0.661996,0.127539,0.983313,0.704967,0.779431,0.769425,0.386748,0.583823,0.742026,0.985123,0.037557,0.291751,0.114928,0.597698,0.395867,0.033924,0.453634,0.028427,0.937438,0.960288,0.691275,0.428942,0.269139,0.225821,12.512829,6.613561,0.205168,0.176214,0.703407,0.784632,0.609413,0.652020,0.841358,0.898666,0.814093,0.494624,0.119862,35.908475,0.005334,0.000362,12.274556,0.004372,0.004333,0.000251,0.002598,16860322.043404,0.000000
-10041954.162640,1301684.145426,58444918.820988,56.316732,-1.246834,0.751466,0.996672,0.323667,0.000206,0.784501,0.946048,0.660746,0.493761,0.404211,0.770556,0.460257,0.718918,0.277626,0.172921,0.458867,0.275769,0.605758,0.988030,0.330550,0.336764,0.604642,0.851908,0.379080,0.302943,0.043989,0.650035,0.829327,0.953628,0.453411,0.415285,0.302711,0.220652,8.653472,18.779270,0.553772,0.228040,0.761655,0.771248,0.669649,0.677879,0.920053,0.925707,0.712587,0.403545,0.103297,23.683268,0.005169,0.003211,5.200473,0.004875,0.004889,0.000964,0.001885,10041954.162640,0.000000
-10474552.216283,1518550.783311,66044208.759158,41.047263,-1.628438,0.826459,0.653180,0.899148,0.011625,0.787021,0.809153,0.725622,0.566760,0.606785,0.816619,0.827870,0.380284,0.786865,0.174149,0.233924,0.576002,0.621361,0.147242,0.306584,0.076023,0.581104,0.477792,0.210619,0.073299,0.153958,0.644189,0.933655,0.953014,0.685723,0.422232,0.266842,0.238807,11.439779,15.732222,0.332168,0.243759,0.755659,0.787655,0.667133,0.693879,0.914955,0.934163,0.803764,0.494999,0.133989,38.952737,0.004037,0.002016,6.356720,0.004098,0.004121,0.000733,0.002116,10474552.216283,0.000000
-4861777.976631,1490422.973208,41135058.841937,33.529984,-1.900786,0.904444,0.973090,0.354253,0.064525,0.811743,0.135776,0.883303,0.553354,0.416992,0.242615,0.742184,0.670064,0.882830,0.176641,0.894563,0.683936,0.580267,0.988370,0.437173,0.770006,0.244517,0.165796,0.389925,0.009410,0.040563,0.693953,0.930925,0.735121,0.481193,0.468859,0.158746,0.102387,13.339014,19.344999,0.659240,0.249419,0.706049,0.739249,0.527126,0.554200,0.686873,0.728625,0.850549,0.490911,0.031480,46.470016,0.003293,0.020347,6.089619,0.004995,0.005004,0.001043,0.001806,4861777.976631,0.000000
-7813426.745660,1373597.364636,55331538.691277,43.069991,-0.811576,0.846007,0.758554,0.303530,0.075833,0.779351,0.591886,0.647774,0.581214,0.043249,0.128634,0.589131,0.454994,0.798080,0.178861,0.430209,0.587319,0.766375,0.577944,0.271758,0.345577,0.113997,0.084052,0.712942,0.078158,0.228693,0.181970,0.934625,0.897596,0.459726,0.435767,0.161458,0.199113,13.131984,13.734273,0.296751,0.210401,0.691793,0.769074,0.590802,0.655832,0.732832,0.824281,0.555843,0.424162,0.102986,36.930009,0.003124,0.010864,4.519389,0.004516,0.004535,0.000786,0.002063,7813426.745660,0.000000
-12631611.338739,1504900.527188,70127344.164896,43.128754,-1.635970,0.795882,0.960348,0.852027,0.387085,0.224915,0.939905,0.667481,0.567359,0.214593,0.146153,0.865443,0.310125,0.281956,0.173376,0.449453,0.788573,0.600266,0.408873,0.828519,0.306176,0.210483,0.499294,0.393033,0.123291,0.073007,0.035368,0.935683,0.839293,0.682722,0.422408,0.298804,0.243714,11.588253,18.191635,0.699852,0.208453,0.735964,0.787046,0.640889,0.688500,0.884490,0.924083,0.805237,0.535618,0.134478,36.871246,0.000733,0.009762,12.107490,0.004838,0.004817,0.000668,0.002181,12631611.338739,0.000000
-17421099.594206,1843166.454970,76304574.858556,52.075391,-1.410317,0.686291,0.976198,0.846188,0.075012,0.764684,0.735183,0.666928,0.343098,0.612904,0.769326,0.626316,0.483504,0.840642,0.358128,0.388973,0.780687,0.603222,0.984080,0.324347,0.276994,0.478180,0.860386,0.972149,0.078115,0.616524,0.640987,0.865106,0.983004,0.830693,0.422541,0.273489,0.222384,10.927527,1.512722,0.187825,0.183625,0.718329,0.764852,0.624941,0.663726,0.891279,0.917283,0.755934,0.540864,0.102499,27.924609,0.005393,0.014794,10.032060,0.003938,0.003950,0.000057,0.002792,17421099.594206,0.000000
-15459994.276918,1663336.018651,71256342.604512,48.440896,-1.382893,0.688958,0.979478,0.851284,0.056502,0.175349,0.711018,0.667108,0.514296,0.240422,0.771784,0.443711,0.315485,0.292179,0.752039,0.389409,0.793895,0.572905,0.983352,0.300478,0.333936,0.248510,0.197784,0.973247,0.076750,0.468923,0.043094,0.870136,0.982212,0.457030,0.415657,0.302636,0.222366,13.599785,6.481813,0.316683,0.188594,0.732030,0.770207,0.635520,0.643784,0.896261,0.920312,0.749148,0.396030,0.120996,31.559104,0.001137,0.015232,10.219020,0.004078,0.004088,0.000351,0.002498,15459994.276918,0.000000
-8596167.509122,1556006.483052,59368195.572148,32.943115,-1.681567,0.548597,0.882385,0.869318,0.689425,0.793988,0.744810,0.979325,0.567318,0.290424,0.833475,0.496642,0.436013,0.275439,0.573238,0.549504,0.772998,0.271874,0.569536,0.436143,0.858370,0.112275,0.796218,0.552612,0.010285,0.001844,0.439735,0.965878,0.931099,0.973000,0.414652,0.329477,0.220947,9.818390,20.033692,0.501952,0.269855,0.770323,0.751181,0.679978,0.664411,0.922678,0.910203,0.813918,0.586407,0.167081,47.056885,0.001233,0.005296,7.187345,0.004178,0.004189,0.000383,0.002466,8596167.509122,0.000000
-15642848.810104,1994122.432421,83460331.398467,42.751079,-1.816780,0.944511,0.968810,0.868836,0.665141,0.871370,0.655199,0.967099,0.232643,0.346938,0.673105,0.978622,0.705478,0.789290,0.737371,0.948172,0.678346,0.690988,0.668694,0.230016,0.295855,0.131057,0.612713,0.271788,0.015479,0.474398,0.963124,0.952451,0.980090,0.439595,0.443103,0.163201,0.225933,12.484773,5.974522,0.232472,0.196030,0.718390,0.727895,0.557852,0.564740,0.847281,0.856472,0.837452,0.389910,0.094329,37.248921,0.005132,0.004878,11.186490,0.004343,0.004353,0.000684,0.002165,15642848.810104,0.000000
-15221023.636764,1730121.134768,84320583.811622,42.629609,-1.679028,0.790602,0.960306,0.866998,0.396110,0.784208,0.691964,0.512168,0.559774,0.010541,0.662456,0.593882,0.737132,0.295324,0.855454,0.626738,0.687278,0.764539,0.674455,0.037823,0.300558,0.115175,0.595381,0.284930,0.036000,0.374328,0.781468,0.934140,0.899911,0.289696,0.430060,0.158923,0.225933,12.045216,8.989514,0.370960,0.200445,0.713504,0.760460,0.564100,0.573804,0.842749,0.893927,0.813445,0.355180,0.115812,37.370391,0.001787,0.000779,9.002591,0.004042,0.004053,0.000479,0.002370,15221023.636764,0.000000
-16975311.262784,1849732.855670,79231595.115584,48.017885,-1.688652,0.905846,0.976095,0.870464,0.099766,0.798319,0.694451,0.648290,0.232624,0.662583,0.673105,0.983292,0.483917,0.789803,0.746163,0.390715,0.712383,0.742584,0.962770,0.036184,0.682761,0.097337,0.595381,0.941923,0.075114,0.453634,0.640317,0.952388,0.982212,0.442863,0.422407,0.298105,0.225933,12.453895,6.622643,0.306940,0.209273,0.727487,0.767598,0.602150,0.607891,0.889027,0.896076,0.815231,0.390528,0.141976,31.982115,0.005330,0.002644,11.603604,0.004635,0.004642,0.000668,0.002181,16975311.262784,0.000000
-7386829.374392,1402785.672600,52934155.100887,37.294691,-1.329016,0.752841,0.969115,0.357104,0.402068,0.660577,0.745633,0.640827,0.562277,0.213138,0.775896,0.625740,0.357370,0.258720,0.173240,0.394524,0.283992,0.604196,0.979482,0.297317,0.276456,0.115697,0.019908,0.388560,0.052223,0.064362,0.051091,0.840018,0.960828,0.625073,0.422665,0.274895,0.210791,13.616748,18.758568,0.390272,0.251880,0.777893,0.791313,0.684239,0.695611,0.909238,0.931792,0.735262,0.468507,0.090960,42.705309,0.000698,0.003592,4.761215,0.004022,0.004041,0.000490,0.002359,7386829.374392,0.000000
-13423823.259059,1485542.625737,66566310.059585,58.726380,-1.387195,0.764715,0.977325,0.722919,0.071427,0.799125,0.944783,0.666646,0.499975,0.179140,0.189172,0.780755,0.657366,0.790409,0.752615,0.385762,0.779846,0.687659,0.795307,0.332498,0.712033,0.132831,0.147485,0.549485,0.291079,0.152815,0.642888,0.934599,0.975941,0.687002,0.400335,0.092051,0.225567,13.575909,16.143885,0.408179,0.145681,0.726458,0.778374,0.610416,0.686642,0.583339,0.735400,0.750225,0.487508,0.189252,21.273620,0.011405,0.012558,10.787289,0.004788,0.004760,0.000630,0.002219,13423823.259059,0.000000
-16730745.293788,1924067.854816,81648944.205999,44.091525,-1.682614,0.897738,0.975672,0.838376,0.684969,0.776876,0.762222,0.644970,0.236402,0.683414,0.127539,0.983313,0.706278,0.795270,0.769425,0.250006,0.583823,0.743842,0.985123,0.037557,0.291751,0.114928,0.597698,0.395844,0.033924,0.453634,0.005089,0.937472,0.960288,0.691275,0.428942,0.272195,0.238148,12.520381,6.613245,0.201999,0.176461,0.699316,0.794259,0.605239,0.663059,0.837106,0.910385,0.814113,0.494624,0.119877,35.908475,0.005334,0.000362,12.025699,0.004276,0.004233,0.000165,0.002684,16730745.293788,0.000000
-16052202.360755,1431492.072185,80197897.921530,62.850881,-1.754720,0.658998,0.856529,0.491526,0.072669,0.347711,0.803788,0.443798,0.129715,0.651206,0.157251,0.586892,0.466389,0.782010,0.720553,0.396916,0.693823,0.773447,0.974337,0.551960,0.031152,0.234077,0.199241,0.400142,0.314307,0.218970,0.847573,0.933686,0.953040,0.685518,0.442631,0.298663,0.239225,11.975119,14.039451,0.084945,0.227292,0.730377,0.827128,0.648851,0.729077,0.900726,0.956231,0.827044,0.494909,0.087294,17.149119,0.009289,0.015057,7.566337,0.004616,0.004623,0.000506,0.002343,16052202.360755,0.000000
-10782909.482580,1526549.591740,64878522.358441,40.655610,-0.809145,0.742771,0.618868,0.852044,0.075463,0.776864,0.936188,0.515539,0.412566,0.041452,0.770376,0.848555,0.350145,0.913837,0.964772,0.633102,0.781296,0.520675,0.433477,0.467351,0.339871,0.130009,0.199154,0.284515,0.078548,0.120506,0.652210,0.933673,0.982275,0.855173,0.308741,0.236209,0.222337,12.863897,16.956724,0.180776,0.221222,0.684588,0.762188,0.600016,0.664908,0.835091,0.900207,0.554762,0.550637,0.490134,39.344390,0.003646,0.009808,7.988552,0.003992,0.004018,0.000740,0.002109,10782909.482580,0.000000
-18853991.317805,1407463.092953,96063391.308318,76.744495,-1.835442,0.658998,0.855921,0.491526,0.072669,0.347711,0.458331,0.443798,0.129715,0.350227,0.138901,0.586892,0.466389,0.781847,0.175137,0.392508,0.784142,0.769149,0.986332,0.286013,0.031288,0.234077,0.199241,0.081097,0.478526,0.218970,0.855361,0.959305,0.960071,0.676146,0.442631,0.298601,0.248571,11.026313,14.104215,0.071731,0.194336,0.695923,0.846900,0.621802,0.746863,0.875300,0.964789,0.840457,0.488773,0.098321,3.255505,0.003074,0.015997,4.498192,0.004616,0.004624,0.000528,0.002321,18853991.317805,0.000000
-9636574.486917,1666443.078444,60237892.849388,37.205646,-1.423036,0.743349,0.620576,0.847655,0.060651,0.777144,0.939272,0.661429,0.570061,0.328913,0.133830,0.917647,0.822096,0.899872,0.968865,0.926280,0.725829,0.519476,0.431249,0.562290,0.699337,0.123584,0.300575,0.393055,0.033401,0.127741,0.011155,0.883969,0.951913,0.845062,0.414929,0.421064,0.443867,12.703724,16.653833,0.213929,0.257186,0.749737,0.774891,0.653196,0.674282,0.911291,0.926843,0.759019,0.558007,0.046538,42.794354,0.009765,0.009590,8.518959,0.004101,0.004120,0.000593,0.002256,9636574.486917,0.000000
-20765469.147592,1689465.322598,97868187.498792,74.872823,-1.409475,0.686291,0.975652,0.727739,0.071904,0.207699,0.951915,0.345384,0.343098,0.211002,0.769326,0.868685,0.483504,0.276793,0.974294,0.169194,0.788487,0.603786,0.983263,0.833055,0.292136,0.350057,0.860386,0.968265,0.303989,0.603884,0.033207,0.865106,0.982253,0.820218,0.422408,0.298636,0.220279,10.240450,1.997118,0.023391,0.140247,0.657280,0.792890,0.577860,0.690295,0.831357,0.925430,0.755728,0.537070,0.102809,5.127177,0.001654,0.004709,10.513365,0.004261,0.004225,0.000171,0.002678,20765469.147592,0.000000
-3634889.057585,1553431.908021,34167984.625518,32.894738,-1.269736,0.893084,0.976208,0.349648,0.058818,0.240342,0.854635,0.980282,0.128157,0.637706,0.122872,0.913090,0.668607,0.897589,0.832920,0.934684,0.772513,0.515559,0.395540,0.837170,0.502094,0.123216,0.021399,0.548873,0.009881,0.007858,0.073266,0.845635,0.976789,0.860931,0.410508,0.437893,0.434486,13.898049,20.446308,0.371794,0.291848,0.821002,0.741997,0.711196,0.646144,0.952355,0.906278,0.719094,0.554908,0.073637,47.105262,0.007383,0.031833,3.276432,0.004796,0.004806,0.000951,0.001898,3634889.057585,0.000000
-11248311.610243,1734924.310813,66424012.432703,40.240524,-0.165815,0.892937,0.835962,0.714346,0.070141,0.787040,0.937587,0.880306,0.567471,0.321046,0.572288,0.901411,0.667609,0.899268,0.147632,0.633581,0.787020,0.652657,0.980713,0.431876,0.040755,0.475501,0.599991,0.543307,0.004521,0.399889,0.643446,0.861736,0.951952,0.482071,0.262346,0.163510,0.197650,11.938012,8.198504,0.330120,0.157803,0.621462,0.605413,0.530120,0.517202,0.749886,0.729138,0.152797,0.415338,0.660940,39.759476,0.002328,0.021650,14.197078,0.004506,0.004515,0.000777,0.002072,11248311.610243,0.000000
-6560225.416859,1372870.439177,45363711.427581,37.874332,-0.279024,0.900052,0.767160,0.591360,0.013866,0.264380,0.851293,0.936011,0.242568,0.635050,0.380869,0.620120,0.296733,0.276042,0.748154,0.213332,0.777431,0.765883,0.988440,0.042630,0.296613,0.108237,0.021399,0.705538,0.076215,0.007989,0.015202,0.856356,0.954206,0.610853,0.276380,0.270141,0.250775,13.900915,20.467589,0.540747,0.228045,0.721010,0.672822,0.624210,0.584499,0.860512,0.813522,0.243478,0.465183,0.548029,42.125668,0.001940,0.004351,8.010442,0.004644,0.004657,0.000924,0.001925,6560225.416859,0.000000
-9693463.648871,1499834.251269,59566726.706320,42.776591,-1.672530,0.659741,0.613625,0.520493,0.072768,0.784998,0.765619,0.443603,0.406259,0.054681,0.138287,0.587125,0.821119,0.786970,0.975762,0.872842,0.726139,0.519611,0.995972,0.640452,0.322182,0.124107,0.300221,0.386964,0.076792,0.218969,0.644686,0.962178,0.958309,0.678108,0.415048,0.273245,0.180327,12.300436,13.863770,0.113768,0.264643,0.771816,0.826560,0.682852,0.721203,0.923715,0.934230,0.812229,0.490156,0.164407,37.223409,0.007024,0.033705,2.432178,0.003768,0.003791,0.000305,0.002544,9693463.648871,0.000000
-10628273.713889,1340798.459009,59555041.440982,60.879820,-1.700216,0.739686,0.977185,0.350286,0.070686,0.793315,0.904029,0.734629,0.492553,0.349567,0.768906,0.460280,0.392084,0.336455,0.179708,0.852076,0.269592,0.651429,0.987674,0.329417,0.472019,0.610629,0.839335,0.398149,0.314345,0.154242,0.644173,0.957732,0.975884,0.682942,0.421582,0.274830,0.237836,8.272206,15.479174,0.296728,0.225774,0.784335,0.777163,0.694616,0.688974,0.931975,0.927557,0.817356,0.485947,0.146366,19.120180,0.003257,0.003191,5.677400,0.004601,0.004623,0.000805,0.002044,10628273.713889,0.000000
-4754985.100024,1363022.099343,37847118.751659,35.435099,-0.649888,0.743021,0.969213,0.306009,0.063332,0.153749,0.728585,0.666287,0.584490,0.352995,0.831179,0.533509,0.422235,0.788186,0.724620,0.317112,0.792767,0.690890,0.416071,0.267602,0.513340,0.113747,0.208598,0.710460,0.042738,0.009731,0.612390,0.684749,0.975280,0.456081,0.399262,0.160524,0.252469,12.827054,20.228926,0.306168,0.236479,0.795971,0.762172,0.688571,0.660960,0.903882,0.917715,0.477896,0.397810,0.074221,44.564901,0.012295,0.010430,2.536739,0.004591,0.004598,0.000826,0.002023,4754985.100024,0.000000
-10537700.213986,1514232.549941,66202862.639644,40.429950,-0.575936,0.742771,0.624321,0.852044,0.071486,0.776864,0.738194,0.492699,0.403726,0.041441,0.770575,0.824779,0.395784,0.913837,0.973405,0.352620,0.783259,0.605065,0.143481,0.488709,0.337317,0.130009,0.053475,0.381738,0.074303,0.126871,0.641580,0.860504,0.981877,0.855173,0.308972,0.272532,0.214629,13.716218,16.872825,0.207902,0.223433,0.660704,0.761476,0.574491,0.658632,0.816002,0.902023,0.437822,0.550784,0.446049,39.570050,0.004880,0.001951,4.262922,0.003994,0.004022,0.000677,0.002172,10537700.213986,0.000000
-5263879.090324,1405903.938067,48490144.156113,36.533158,-1.989812,0.762464,0.960152,0.301186,0.372239,0.219348,0.105893,0.664246,0.574757,0.613312,0.981874,0.571006,0.475330,0.336563,0.264722,0.303748,0.625829,0.613122,0.173043,0.558355,0.078343,0.247298,0.643217,0.542897,0.046115,0.045329,0.652903,0.965048,0.934337,0.682295,0.465667,0.266797,0.241540,9.752286,18.805944,0.307749,0.301834,0.820918,0.840974,0.727458,0.744258,0.954469,0.963376,0.863279,0.500257,0.051868,43.466842,0.001637,0.008122,2.224801,0.003858,0.003876,0.000450,0.002399,5263879.090324,0.000000
-15660769.018604,1934709.004150,97657964.040618,41.767778,-1.682508,0.825512,0.973037,0.838186,0.696562,0.777063,0.762222,0.888753,0.236402,0.417368,0.127539,0.751166,0.668240,0.781707,0.762506,0.893702,0.583823,0.742026,0.985123,0.037557,0.291751,0.125112,0.597698,0.395966,0.009549,0.453634,0.028427,0.937438,0.962554,0.697208,0.428942,0.269139,0.225821,12.208381,6.617092,0.207876,0.179302,0.646434,0.759507,0.561764,0.653077,0.783089,0.892023,0.814093,0.496152,0.119862,38.232222,0.005111,0.000353,10.947852,0.004053,0.004056,0.000246,0.002603,15660769.018604,0.000000
-7771449.942910,1659622.181286,56587675.705657,33.526734,-1.993154,0.881877,0.973090,0.874461,0.064525,0.786068,0.135776,0.883303,0.553354,0.351366,0.242615,0.742184,0.670064,0.925861,0.176641,0.851930,0.683936,0.580267,0.988370,0.430363,0.769182,0.610601,0.147382,0.389925,0.009410,0.040563,0.693953,0.960231,0.735121,0.481193,0.468859,0.275698,0.102387,13.595810,19.411426,0.725770,0.247708,0.656718,0.680404,0.475484,0.494217,0.614331,0.655798,0.863735,0.490911,0.043459,46.473266,0.003293,0.018136,4.681420,0.004902,0.004902,0.000930,0.001919,7771449.942910,0.000000
-18986989.233908,1414020.132897,99235548.083603,76.843252,-1.641576,0.753725,0.856494,0.491526,0.059506,0.347711,0.458331,0.443798,0.129715,0.197853,0.803436,0.586892,0.461988,0.781847,0.161606,0.395932,0.693823,0.652764,0.986332,0.549554,0.047389,0.233496,0.199305,0.081097,0.479693,0.218970,0.643941,0.938824,0.960071,0.676057,0.421723,0.298663,0.222197,10.864745,14.106908,0.053793,0.180759,0.670838,0.840583,0.599179,0.739885,0.852457,0.958375,0.806325,0.488738,0.137529,3.156748,0.002920,0.012775,4.839135,0.004641,0.004639,0.000879,0.001970,18986989.233908,0.000000
-9481156.830812,1440366.179689,59891347.512072,42.777005,-1.889505,0.660375,0.613551,0.500991,0.071160,0.784998,0.767308,0.665632,0.558624,0.040078,0.094848,0.586945,0.675151,0.782909,0.149920,0.872842,0.518894,0.654781,0.986969,0.551984,0.832611,0.124107,0.338564,0.546634,0.076792,0.218644,0.644686,0.965689,0.961309,0.682820,0.448289,0.162520,0.180327,11.982355,13.843151,0.169263,0.250640,0.788139,0.815542,0.689575,0.723135,0.866903,0.926170,0.848853,0.490956,0.088632,37.222995,0.002373,0.024555,2.111853,0.003888,0.003912,0.000371,0.002478,9481156.830812,0.000000
-7392162.709689,1422540.052107,53509914.765466,41.035063,-1.577159,0.739745,0.977288,0.354560,0.076305,0.781330,0.727588,0.665130,0.226111,0.216302,0.822351,0.571934,0.706907,0.267545,0.171919,0.488859,0.514096,0.652480,0.977253,0.289747,0.713697,0.644118,0.208159,0.709144,0.073785,0.154073,0.644173,0.862589,0.975958,0.682942,0.451090,0.161700,0.252183,12.750953,15.888523,0.595384,0.253738,0.791626,0.793197,0.698430,0.699992,0.882084,0.917270,0.793439,0.485922,0.038949,38.964937,0.002906,0.011408,5.604334,0.004731,0.004751,0.000889,0.001960,7392162.709689,0.000000
-5315997.704878,1341169.028166,46752792.079083,37.238473,-1.244810,0.743225,0.969115,0.283085,0.082664,0.780044,0.194578,0.638975,0.591405,0.213138,0.828552,0.590075,0.386097,0.258720,0.173240,0.454796,0.311085,0.746913,0.422857,0.274193,0.330905,0.115697,0.020046,0.291867,0.052223,0.061765,0.613765,0.860181,0.958311,0.563240,0.399448,0.161773,0.251269,13.796423,18.808070,0.607163,0.260294,0.790287,0.800489,0.695955,0.704691,0.879919,0.924300,0.712004,0.445125,0.156494,42.761527,0.002828,0.004169,1.792539,0.004327,0.004360,0.000662,0.002187,5315997.704878,0.000000
-11043754.537945,1427229.851468,61396572.709987,58.083773,-1.491289,0.760451,0.765220,0.723110,0.071427,0.783368,0.944783,0.666646,0.487479,0.632276,0.375004,0.777632,0.635207,0.790409,0.752615,0.237206,0.779848,0.689475,0.795307,0.322193,0.712033,0.132405,0.018380,0.389518,0.283658,0.152815,0.641579,0.935069,0.975941,0.280723,0.400335,0.100126,0.238060,13.784139,16.238487,0.176919,0.152211,0.752507,0.794801,0.627603,0.632487,0.677692,0.803299,0.774918,0.329333,0.189473,21.916227,0.013788,0.006417,10.040300,0.004525,0.004538,0.000619,0.002230,11043754.537945,0.000000
-13174173.577615,1730495.524897,96454911.671891,41.786023,-1.756891,0.788405,0.976379,0.871366,0.667324,0.784208,0.691966,0.539944,0.233962,0.013092,0.662082,0.593883,0.706375,0.270423,0.855454,0.384049,0.687083,0.766688,0.670542,0.037823,0.301177,0.115175,0.595381,0.284930,0.026806,0.374328,0.611662,0.934167,0.745287,0.294157,0.442738,0.164661,0.225933,11.914444,8.979232,0.325452,0.190297,0.664182,0.764355,0.543181,0.576250,0.704097,0.897926,0.827419,0.407034,0.087267,38.213977,0.001168,0.000380,9.298319,0.003909,0.003924,0.000297,0.002552,13174173.577615,0.000000
-15955161.278035,1457260.287081,80217581.360271,56.774781,-0.461794,0.903693,0.973014,0.724913,0.071584,0.765897,0.956367,0.411144,0.231996,0.339843,0.209687,0.913204,0.402630,0.913971,0.370077,0.451986,0.784668,0.466367,0.399297,0.333284,0.858101,0.105834,0.645808,0.908220,0.299863,0.067022,0.694921,0.909808,0.978498,0.654589,0.277482,0.295511,0.105853,10.936601,18.289916,0.619043,0.180324,0.603885,0.723703,0.528940,0.624445,0.735274,0.772511,0.369848,0.474019,0.574206,23.225219,0.004678,0.011763,13.862495,0.005040,0.005033,0.000924,0.001925,15955161.278035,0.000000
-11627516.601521,1563942.135882,66714540.664293,42.945846,-1.850156,0.739679,0.886949,0.846046,0.387085,0.777150,0.738900,0.667730,0.562857,0.632986,0.814692,0.457530,0.357441,0.336730,0.173376,0.237878,0.785257,0.604468,0.776265,0.035342,0.276903,0.129252,0.469240,0.393033,0.078312,0.219236,0.644096,0.932679,0.842810,0.685676,0.459183,0.273641,0.238825,11.870693,13.787899,0.484546,0.227793,0.773798,0.800040,0.683389,0.705322,0.929752,0.943978,0.842787,0.535479,0.051712,37.054154,0.000733,0.000740,7.667089,0.003855,0.003870,0.000488,0.002361,11627516.601521,0.000000
-11880002.605912,1576025.313174,76443107.556970,40.704538,-0.806412,0.742771,0.983525,0.852044,0.372267,0.153059,0.936188,0.491049,0.469983,0.041441,0.770376,0.848767,0.369482,0.263960,0.964772,0.504811,0.783259,0.517052,0.444672,0.487378,0.342349,0.130009,0.199163,0.394120,0.077470,0.126444,0.615804,0.932810,0.954371,0.994550,0.308741,0.235881,0.222261,13.496663,16.802829,0.536764,0.211071,0.640805,0.745910,0.562244,0.650005,0.791665,0.887628,0.553543,0.608538,0.489625,39.295462,0.000649,0.011469,13.678629,0.004830,0.004835,0.000764,0.002085,11880002.605912,0.000000
-5068014.135446,1485885.828135,38780139.716828,34.852947,-1.394924,0.794418,0.968191,0.339058,0.187194,0.081172,0.747962,0.850559,0.547471,0.033447,0.153549,0.783743,0.741976,0.805321,0.792886,0.037151,0.721526,0.691698,0.396866,0.736830,0.812358,0.379805,0.764897,0.391604,0.024015,0.045254,0.772973,0.864692,0.844656,0.982489,0.420322,0.389963,0.221003,9.990468,18.700236,0.268986,0.282364,0.816378,0.762088,0.712838,0.668228,0.950530,0.920014,0.752148,0.591846,0.107486,45.147053,0.008486,0.000890,5.400165,0.004488,0.004503,0.000779,0.002070,5068014.135446,0.000000
-15838511.858160,1738107.284996,104962568.166949,43.195077,-0.143890,0.735750,0.960306,0.838186,0.667324,0.772519,0.646599,0.508695,0.233927,0.191021,0.387089,0.593883,0.487255,0.270521,0.994829,0.626738,0.780682,0.767515,0.670542,0.037728,0.914419,0.115175,0.595381,0.272007,0.024525,0.453634,0.093894,0.852602,0.834567,0.289696,0.428912,0.158923,0.225933,12.152764,6.580795,0.238098,0.146881,0.404478,0.746477,0.327138,0.568916,0.189173,0.796622,0.134017,0.375511,0.082380,36.804923,0.000640,0.000379,8.380082,0.003775,0.003795,0.000116,0.002733,15838511.858160,0.000000
-4467389.475093,1320320.276584,44852407.533842,37.970707,-1.478090,0.745359,0.776630,0.311416,0.071443,0.760887,0.728436,0.661694,0.741764,0.597406,0.079349,0.455001,0.394921,0.291275,0.197967,0.390304,0.570031,0.577063,0.979919,0.305719,0.435278,0.231414,0.033741,0.298680,0.076905,0.009836,0.641580,0.933473,0.954491,0.432803,0.399107,0.272544,0.250015,13.109091,20.390159,0.476132,0.285243,0.804030,0.784698,0.709657,0.693928,0.941355,0.930096,0.771927,0.395182,0.191953,42.029293,0.003016,0.011639,4.132028,0.004647,0.004670,0.000837,0.002012,4467389.475093,0.000000
-5944620.148795,1494918.033143,40188172.954109,37.205646,-1.421405,0.828688,0.621443,0.351084,0.031730,0.777144,0.939606,0.661429,0.488232,0.030020,0.122037,0.754817,0.822096,0.781535,0.822480,0.638377,0.775604,0.519476,0.397731,0.561596,0.701231,0.123209,0.300575,0.115012,0.033401,0.127741,0.753292,0.884158,0.753400,0.849431,0.414580,0.422201,0.448182,12.602045,16.585572,0.313225,0.268414,0.810013,0.778799,0.707110,0.681560,0.946613,0.929159,0.758625,0.547206,0.039382,42.794354,0.006011,0.025168,7.115030,0.004662,0.004677,0.000906,0.001943,5944620.148795,0.000000
-4780360.730573,1437264.891615,42766637.101551,33.490174,-1.860846,0.690488,0.988247,0.269964,0.364198,0.772456,0.853583,0.681426,0.273975,0.210233,0.140440,0.590734,0.414867,0.805349,0.746329,0.453797,0.569032,0.652250,0.423481,0.134527,0.288724,0.057192,0.975300,0.320303,0.005727,0.045701,0.730597,0.922886,0.836631,0.635101,0.466360,0.161701,0.252778,9.489092,18.498882,0.284189,0.271509,0.829937,0.811699,0.705996,0.719140,0.901128,0.925890,0.844459,0.517039,0.033146,46.509826,0.008004,0.004602,2.033289,0.004092,0.004115,0.000550,0.002299,4780360.730573,0.000000
-5303519.797395,1450425.038353,43910866.711628,34.684812,-1.848901,0.780420,0.867965,0.301186,0.372239,0.219479,0.737284,0.657243,0.576246,0.613312,0.981874,0.450829,0.662414,0.336499,0.728155,0.313171,0.561719,0.555887,0.977702,0.554010,0.078343,0.101744,0.660916,0.534559,0.021528,0.047339,0.652795,0.965048,0.952932,0.682564,0.441885,0.266628,0.241540,10.424254,18.728797,0.169648,0.290565,0.824828,0.819996,0.728789,0.725051,0.954880,0.952428,0.842590,0.493787,0.102453,45.315188,0.011034,0.007762,3.556251,0.003989,0.004011,0.000439,0.002410,5303519.797395,0.000000
-6759871.933308,1314064.072826,45284275.384315,39.138667,-0.391407,0.752560,0.686005,0.355857,0.074311,0.787302,0.899639,0.732397,0.493294,0.412524,0.770524,0.462794,0.393375,0.278489,0.159372,0.449034,0.274379,0.621322,0.988030,0.813802,0.721586,0.580658,0.852119,0.396395,0.077715,0.051069,0.659635,0.852810,0.953628,0.284207,0.290261,0.258856,0.211714,8.855643,18.461154,0.348516,0.243808,0.730575,0.700771,0.635697,0.611285,0.873646,0.846670,0.323895,0.337092,0.513376,40.861333,0.002582,0.005530,5.367921,0.004476,0.004487,0.000815,0.002034,6759871.933308,0.000000
-13894764.305340,1367718.246005,67865010.946780,63.547480,-1.810438,0.904845,0.977288,0.323672,0.001510,0.781308,0.802785,0.661042,0.226117,0.349668,0.822351,0.570249,0.706907,0.786427,0.171919,0.225281,0.518632,0.652480,0.977253,0.046725,0.731044,0.642485,0.207836,0.709144,0.349386,0.154073,0.644173,0.940602,0.975928,0.685844,0.448250,0.161700,0.237728,11.189531,16.001149,0.368121,0.198446,0.774616,0.801856,0.688761,0.711548,0.862117,0.921760,0.836418,0.487062,0.078040,16.452520,0.005060,0.003450,5.345922,0.004889,0.004901,0.000987,0.001862,13894764.305340,0.000000
-16614159.429591,1822205.934418,83430736.525999,47.713186,-1.641547,0.737026,0.977288,0.900727,0.070446,0.777156,0.209789,0.666997,0.237809,0.662077,0.817018,0.829416,0.705827,0.901041,0.728213,0.237272,0.576060,0.602211,0.974246,0.284469,0.278626,0.126443,0.478116,0.396552,0.075578,0.439315,0.644173,0.933859,0.953018,0.682821,0.424208,0.266842,0.238807,13.036751,7.147690,0.242571,0.203476,0.712069,0.815058,0.626514,0.685812,0.885185,0.926271,0.806320,0.493858,0.129379,32.286814,0.011411,0.005018,4.376703,0.004434,0.004401,0.000324,0.002525,16614159.429591,0.000000
-15010974.636451,1716320.770388,98955405.070290,42.792318,-0.345752,0.780561,0.960306,0.838186,0.667324,0.784208,0.691410,0.507495,0.312218,0.018565,0.662071,0.593883,0.704973,0.270423,0.863505,0.626738,0.686807,0.764453,0.670542,0.037823,0.301177,0.115175,0.595486,0.284930,0.036031,0.381964,0.088338,0.934180,0.897754,0.289696,0.428912,0.158923,0.225933,11.878948,8.749739,0.302339,0.158550,0.461608,0.763788,0.384255,0.574312,0.298024,0.812600,0.292312,0.355834,0.118491,37.207682,0.001229,0.000380,9.106924,0.003893,0.003909,0.000389,0.002460,15010974.636451,0.000000
-14475867.821076,1731570.184410,100697765.689650,41.776429,-0.141366,0.788502,0.965807,0.837661,0.667324,0.786512,0.672516,0.511541,0.233927,0.661310,0.662071,0.593883,0.704973,0.270423,0.855240,0.626738,0.686807,0.742584,0.670542,0.037563,0.296060,0.115160,0.595384,0.272216,0.026705,0.374315,0.087689,0.952476,0.834567,0.289696,0.428912,0.158923,0.225935,11.878699,9.009466,0.320839,0.143553,0.429556,0.748653,0.346687,0.555331,0.247584,0.812774,0.131829,0.375511,0.126589,38.223571,0.001267,0.000377,8.989139,0.003949,0.003959,0.000420,0.002429,14475867.821076,0.000000
-16644210.928359,1896337.502332,81476165.945529,43.792387,-1.859888,0.902002,0.975638,0.838186,0.684969,0.777120,0.810009,0.661874,0.237758,0.661996,0.127539,0.828766,0.704964,0.786998,0.769425,0.390068,0.575997,0.515354,0.985508,0.041521,0.291751,0.114842,0.597698,0.396558,0.033924,0.439273,0.059533,0.937438,0.960061,0.691302,0.458275,0.269139,0.225850,12.432946,7.040788,0.202042,0.182755,0.713021,0.792450,0.615737,0.659971,0.843260,0.904632,0.844310,0.494714,0.055568,36.207613,0.005334,0.000409,12.474238,0.004236,0.004242,0.000231,0.002618,16644210.928359,0.000000
-7804747.296092,1386030.406171,61809790.672180,38.565325,-1.709114,0.794267,0.685786,0.727951,0.435441,0.219109,0.940482,0.245898,0.344269,0.049584,0.320373,0.608628,0.472116,0.277553,0.166148,0.467078,0.777078,0.621669,0.969197,0.051267,0.017585,0.113916,0.975521,0.397297,0.080450,0.015733,0.180905,0.935811,0.897596,0.287850,0.434066,0.266095,0.094787,8.507045,19.458932,0.446528,0.245611,0.696220,0.732917,0.477093,0.505879,0.666021,0.747236,0.818974,0.355141,0.107359,41.434675,0.000586,0.001013,6.508235,0.004005,0.004026,0.000573,0.002276,7804747.296092,0.000000
-9115980.154792,1404573.916389,61573764.288807,38.118710,-1.351751,0.743332,0.768468,0.809519,0.069746,0.766129,0.728585,0.692528,0.571014,0.335230,0.825607,0.590810,0.414923,0.282157,0.727474,0.455739,0.780545,0.690254,0.412562,0.312331,0.295057,0.112724,0.167473,0.392819,0.078504,0.009860,0.641307,0.862248,0.960366,0.452878,0.414803,0.123641,0.201168,13.304796,20.323622,0.628332,0.227328,0.755766,0.792588,0.649449,0.691188,0.758694,0.868462,0.741213,0.401216,0.119449,41.881290,0.001581,0.012052,6.195003,0.004396,0.004413,0.000826,0.002023,9115980.154792,0.000000
-9167734.988451,1538248.082260,62674655.991241,35.937689,-0.355618,0.794929,0.761840,0.806657,0.369001,0.227687,0.586220,0.677055,0.568109,0.340341,0.140440,0.845828,0.825744,0.272927,0.114849,0.444369,0.702249,0.518884,0.431426,0.838305,0.866758,0.123382,0.302733,0.963727,0.034724,0.061851,0.043720,0.884309,0.958410,0.872660,0.274826,0.419242,0.200858,12.768139,18.630849,0.556330,0.256923,0.641915,0.697122,0.553028,0.599401,0.779292,0.835292,0.299260,0.566386,0.152356,44.062311,0.000387,0.010008,4.496093,0.004509,0.004524,0.000623,0.002226,9167734.988451,0.000000
-5377502.725750,1281969.361569,43804580.454835,39.017344,-0.829313,0.818756,0.758554,0.303530,0.075833,0.797954,0.856353,0.676309,0.583217,0.592169,0.312975,0.589131,0.300318,0.276039,0.178861,0.217275,0.771117,0.766375,0.421270,0.271758,0.512518,0.113997,0.944601,0.712947,0.089032,0.007507,0.180905,0.934424,0.897596,0.613405,0.435767,0.161458,0.199113,8.568239,19.706511,0.566265,0.231298,0.740587,0.751988,0.635989,0.645986,0.800284,0.802510,0.563651,0.485876,0.102898,40.982656,0.003124,0.005198,2.080508,0.004506,0.004516,0.000757,0.002092,5377502.725750,0.000000
-11189094.038978,1689520.748674,71344983.185886,37.260826,-1.423036,0.743349,0.616691,0.847655,0.656466,0.777144,0.939272,0.674237,0.570061,0.328913,0.657301,0.917647,0.820624,0.789581,0.968865,0.926280,0.725829,0.735752,0.431258,0.046554,0.699337,0.123584,0.597050,0.265739,0.033401,0.127741,0.011155,0.883969,0.952379,0.451492,0.414929,0.421064,0.227170,11.246552,16.433783,0.136878,0.235556,0.724750,0.791705,0.634897,0.650365,0.894248,0.923751,0.759019,0.403186,0.129048,42.739174,0.008889,0.000504,8.620343,0.003696,0.003719,0.000553,0.002296,11189094.038978,0.000000
-11042548.428768,1567443.036472,66904129.825092,41.592934,-1.727635,0.893960,0.979416,0.856762,0.071443,0.780757,0.739987,0.677941,0.343098,0.210836,0.769326,0.843345,0.483504,0.839021,0.179932,0.913032,0.775444,0.273708,0.983284,0.323734,0.306268,0.479884,0.860819,0.972149,0.123098,0.008568,0.032260,0.964507,0.954484,0.833331,0.422562,0.268434,0.220976,9.356144,19.847936,0.739946,0.219631,0.743818,0.809998,0.651258,0.710347,0.877575,0.930132,0.822296,0.552434,0.147040,38.407066,0.003248,0.005559,12.290437,0.004981,0.004983,0.001034,0.001815,11042548.428768,0.000000
-18786501.300011,1645051.287810,101078498.616308,76.099916,-1.915393,0.752809,0.973160,0.724342,0.066053,0.811598,0.807027,0.662142,0.216059,0.196863,0.820255,0.567916,0.390946,0.327099,0.161807,0.202369,0.780621,0.652468,0.832565,0.293763,0.732438,0.118120,0.170822,0.398519,0.312278,0.621438,0.678591,0.938286,0.978694,0.643605,0.467351,0.272788,0.212101,11.723770,2.039901,0.169383,0.168595,0.690854,0.786511,0.613281,0.679428,0.875660,0.918580,0.852716,0.469680,0.037491,3.900084,0.002799,0.005015,11.400897,0.004046,0.004068,0.000296,0.002553,18786501.300011,0.000000
-15307982.950691,1451458.962535,72907642.885211,61.093092,-1.829111,0.903693,0.973026,0.359883,0.071584,0.765201,0.956367,0.415484,0.261503,0.326971,0.187149,0.913204,0.402630,0.917733,0.369970,0.903661,0.579522,0.600078,0.990869,0.332957,0.329591,0.249002,0.353979,0.965293,0.321323,0.147967,0.694921,0.911058,0.975944,0.658643,0.467394,0.295627,0.104461,11.481143,16.068740,0.220014,0.233087,0.760673,0.781428,0.632807,0.638421,0.761492,0.789212,0.839444,0.476466,0.026244,18.906908,0.009143,0.014926,5.867366,0.004823,0.004826,0.000956,0.001893,15307982.950691,0.000000
-15514270.194771,1566699.363647,73815991.151494,59.486165,-1.413842,0.760349,0.976291,0.726429,0.074444,0.351841,0.726671,0.402616,0.487423,0.208458,0.209687,0.586080,0.666628,0.918355,0.731981,0.197269,0.777903,0.518358,0.979825,0.332552,0.338772,0.247392,0.301632,0.397494,0.310066,0.127699,0.015047,0.910253,0.969333,0.998362,0.400559,0.419264,0.441807,12.534735,16.771445,0.373117,0.204310,0.718659,0.807549,0.629255,0.703163,0.886971,0.943542,0.756793,0.611331,0.116990,20.513835,0.009944,0.005237,9.476602,0.004752,0.004720,0.000591,0.002258,15514270.194771,0.000000
-11280894.244873,1564359.509420,68543756.980707,42.776591,-1.672530,0.659741,0.613625,0.511434,0.556301,0.777163,0.765619,0.443603,0.406259,0.053650,0.138280,0.583662,0.821116,0.786970,0.975661,0.927238,0.726139,0.519615,0.995972,0.548012,0.706857,0.124107,0.300221,0.386936,0.076792,0.218969,0.018188,0.962178,0.954004,0.678108,0.415048,0.328469,0.180354,12.122464,13.884187,0.005539,0.234889,0.748676,0.830258,0.663280,0.699330,0.908044,0.919196,0.812229,0.491661,0.164407,37.223409,0.006858,0.029127,2.438874,0.003307,0.003336,0.000080,0.002769,11280894.244873,0.000000
-14275779.082215,1642382.573327,81056901.282811,45.507517,-1.682108,0.893960,0.976198,0.857552,0.075082,0.780757,0.936188,0.677941,0.343098,0.179194,0.184858,0.870115,0.483504,0.843343,0.358128,0.913032,0.775444,0.274445,0.983263,0.324375,0.306268,0.131229,0.859383,0.972149,0.123098,0.166131,0.015025,0.951543,0.982253,0.830693,0.421792,0.268785,0.222348,10.098157,15.094427,0.519949,0.205964,0.699047,0.786993,0.613116,0.690569,0.835535,0.912402,0.814018,0.541138,0.143077,34.492483,0.005715,0.005543,15.356344,0.004831,0.004835,0.000847,0.002002,14275779.082215,0.000000
-7394773.888957,1468884.142625,52648295.374840,34.863226,-1.489050,0.879720,0.764463,0.843748,0.071554,0.784801,0.854635,0.939290,0.594036,0.016094,0.655231,0.620120,0.288552,0.276042,0.854000,0.213332,0.684224,0.767503,0.672106,0.051560,0.502166,0.113193,0.019553,0.697786,0.036362,0.007005,0.093310,0.860420,0.974257,0.610080,0.437666,0.270141,0.250793,14.105586,20.515354,0.624188,0.246584,0.788690,0.748855,0.692135,0.660929,0.910689,0.894835,0.774413,0.458123,0.066453,45.136774,0.000726,0.003933,9.059864,0.004450,0.004467,0.000876,0.001973,7394773.888957,0.000000
-5649837.374784,1532520.764054,61215056.107885,33.281867,-2.003124,0.550867,0.974498,0.868081,0.074179,0.136488,0.744810,0.401020,0.261242,0.259052,0.773406,0.902393,0.436013,0.270279,0.182274,0.199255,0.755518,0.264971,0.558870,0.333510,0.858370,0.623737,0.798904,0.296001,0.003933,0.043686,0.694389,0.968102,0.741142,0.986407,0.466317,0.295979,0.222049,9.699447,18.740239,1.161966,0.283591,0.788190,0.831801,0.698798,0.735040,0.937851,0.959370,0.865087,0.511368,0.051803,46.718133,0.002213,0.004816,6.472570,0.004461,0.004432,0.000351,0.002498,5649837.374784,0.000000
-5563948.728157,1383902.401968,39525198.583879,35.880364,-1.568594,0.738970,0.676922,0.353201,0.012161,0.792587,0.957072,0.732435,0.561790,0.406449,0.211194,0.453686,0.391367,0.277619,0.563693,0.563593,0.810832,0.621440,0.994788,0.330612,0.106941,0.215686,0.851908,0.634607,0.033786,0.057680,0.688358,0.928727,0.953628,0.666482,0.415283,0.302785,0.100819,9.393692,18.242545,0.387327,0.304457,0.801252,0.786148,0.659643,0.688550,0.820903,0.850134,0.791662,0.487226,0.148584,44.119636,0.006136,0.024823,5.005368,0.004472,0.004482,0.000776,0.002073,5563948.728157,0.000000
-10902758.092496,1515627.331589,64397889.609180,40.760884,-0.791821,0.742771,0.618868,0.870861,0.071486,0.800769,0.936188,0.941053,0.403726,0.282761,0.254454,0.848555,0.366542,0.907340,0.835874,0.357005,0.783259,0.518625,0.433477,0.435071,0.339871,0.130009,0.199154,0.393100,0.078170,0.126444,0.641580,0.928208,0.982294,0.855173,0.308741,0.236209,0.210469,12.908566,16.786212,0.183130,0.215550,0.684998,0.693682,0.599775,0.607364,0.835741,0.843099,0.546981,0.550630,0.486910,39.239116,0.003988,0.009508,8.300271,0.003944,0.003969,0.000469,0.002380,10902758.092496,0.000000
-5624695.236312,1402355.978791,50552442.257727,37.851736,-1.693452,0.720925,0.763640,0.592172,0.073510,0.248243,0.854635,0.936011,0.689425,0.634160,0.295519,0.619962,0.819470,0.276042,0.746341,0.210424,0.777403,0.765099,0.395768,0.757162,0.321930,0.124434,0.021399,0.718363,0.076215,0.006995,0.660808,0.963658,0.974517,0.606961,0.417594,0.270141,0.179233,13.966150,20.525049,0.612365,0.274722,0.799870,0.763550,0.705102,0.677462,0.928142,0.918629,0.816116,0.456821,0.158773,42.148264,0.004571,0.005945,7.678668,0.004678,0.004688,0.000717,0.002132,5624695.236312,0.000000
-10127973.323734,1455781.845129,61599012.917864,38.927172,-1.389102,0.752821,0.675648,0.848837,0.074488,0.786246,0.934865,0.724975,0.494679,0.220380,0.756113,0.476568,0.281452,0.277626,0.380709,0.454217,0.783563,0.621322,0.983270,0.330550,0.332436,0.607504,0.471994,0.215093,0.078072,0.043989,0.641353,0.872782,0.953595,0.451400,0.415285,0.288354,0.220652,10.847263,19.036387,0.397114,0.260508,0.752201,0.780083,0.662170,0.685508,0.913170,0.930149,0.750701,0.402766,0.123092,41.072828,0.001169,0.016923,7.451479,0.003701,0.003727,0.000499,0.002350,10127973.323734,0.000000
-10478152.372937,1416631.774396,72514955.813935,39.624518,-0.254100,0.794940,0.761179,0.806657,0.370853,0.227687,0.586220,0.676827,0.567824,0.314089,0.203086,0.759498,0.311446,0.271917,0.153235,0.449445,0.702249,0.320730,0.422021,0.838305,0.921258,0.104348,0.628022,0.921629,0.079383,0.068674,0.043720,0.852477,0.958397,0.234260,0.275040,0.260978,0.200858,10.944997,18.170360,0.493276,0.200459,0.603942,0.715998,0.526229,0.619905,0.738421,0.854712,0.224386,0.316135,0.536191,40.375482,0.000624,0.007255,4.434882,0.004422,0.004440,0.000653,0.002196,10478152.372937,0.000000
-4782980.061911,1398298.833085,39309270.826989,33.546031,-1.439330,0.731918,0.773319,0.354253,0.068160,0.811743,0.135776,0.883303,0.559045,0.416992,0.314341,0.742184,0.403634,0.907230,0.173118,0.225934,0.788867,0.299427,0.967203,0.437402,0.770006,0.243990,0.165617,0.389755,0.009410,0.041378,0.742866,0.943629,0.741825,0.478747,0.413903,0.154254,0.102387,13.011212,19.292113,0.485291,0.256406,0.744554,0.787053,0.569777,0.604632,0.749219,0.797788,0.799488,0.487304,0.158789,46.453969,0.003103,0.007486,1.439330,0.004815,0.004810,0.000909,0.001940,4782980.061911,0.000000
-10896162.446223,1902745.209509,71931300.120205,37.112435,-1.534816,0.954796,0.975401,0.870039,0.674239,0.243945,0.785968,0.980354,0.289759,0.289993,0.214601,0.741919,0.677158,0.907195,0.839942,0.907324,0.772507,0.580455,0.983006,0.435649,0.016117,0.214320,0.003250,0.551422,0.010296,0.219827,0.695563,0.931183,0.975625,0.987118,0.408844,0.331982,0.210363,14.650487,14.153782,0.322511,0.226771,0.726655,0.744933,0.635160,0.650582,0.893470,0.905964,0.784505,0.604475,0.165743,42.887565,0.006472,0.014937,12.142091,0.004465,0.004467,0.000724,0.002125,10896162.446223,0.000000
-6111604.914113,1306452.242368,42231588.942304,39.656189,-0.232574,0.794929,0.761179,0.347550,0.007307,0.227687,0.953637,0.732158,0.567824,0.339849,0.140440,0.864611,0.311446,0.271399,0.133111,0.449445,0.811518,0.459935,0.421912,0.838305,0.870643,0.472939,0.643127,0.914481,0.079383,0.069923,0.043720,0.845907,0.958541,0.231671,0.275040,0.271089,0.200858,9.990110,18.062194,0.385722,0.229944,0.734647,0.689534,0.637711,0.600544,0.872492,0.830214,0.207509,0.315080,0.534015,40.343811,0.003112,0.016191,1.613904,0.004266,0.004283,0.000678,0.002171,6111604.914113,0.000000
-15328640.316966,1885900.419718,96028883.943147,41.264729,-0.500407,0.825512,0.973037,0.838472,0.679376,0.777063,0.762222,0.888753,0.236280,0.419824,0.127539,0.757188,0.475259,0.783429,0.762506,0.880033,0.583823,0.742026,0.985247,0.037557,0.291751,0.125112,0.597698,0.395966,0.004272,0.453634,0.028427,0.853197,0.962554,0.684828,0.302798,0.260964,0.099744,12.270750,6.607261,0.212228,0.157427,0.536266,0.627049,0.453382,0.464644,0.372904,0.456062,0.393716,0.491307,0.466786,38.735271,0.005306,0.000367,11.088532,0.004081,0.004090,0.000258,0.002591,15328640.316966,0.000000
-6921271.312579,1497576.498415,50597319.886269,33.326116,-1.444061,0.686768,0.883983,0.726174,0.074694,0.764853,0.746553,0.643434,0.592047,0.259052,0.833475,0.589342,0.818106,0.270279,0.579977,0.390282,0.788652,0.602333,0.568589,0.301301,0.858370,0.115721,0.024361,0.447888,0.017272,0.001702,0.053756,0.891101,0.966947,0.860339,0.414621,0.298762,0.218187,14.319643,20.656854,0.866013,0.261988,0.787521,0.786177,0.692159,0.691334,0.928873,0.933293,0.764033,0.558349,0.133047,46.673884,0.003080,0.015724,8.374857,0.004760,0.004768,0.000830,0.002019,6921271.312579,0.000000
-5304760.048939,1491973.514571,40708226.237296,33.667983,-1.901384,0.904444,0.973051,0.354253,0.064525,0.834652,0.723517,0.883303,0.538461,0.414492,0.325841,0.570612,0.668808,0.882830,0.174372,0.894563,0.683936,0.580267,0.988987,0.437173,0.769997,0.235170,0.165796,0.389925,0.010489,0.043364,0.646262,0.931114,0.735121,0.475543,0.468859,0.158746,0.216078,13.332476,19.265908,0.644164,0.241284,0.818110,0.798113,0.675592,0.691985,0.901473,0.899176,0.850638,0.488484,0.031557,46.332017,0.003220,0.020177,8.663207,0.004999,0.005007,0.001045,0.001804,5304760.048939,0.000000
-15958193.370046,1343879.073437,89090571.220827,68.182910,-1.895573,0.656553,0.974164,0.491526,0.072669,0.347711,0.137755,0.443798,0.128819,0.311533,0.238831,0.694050,0.466279,0.881927,0.150107,0.409971,0.693725,0.579925,0.988435,0.552732,0.771186,0.234428,0.481759,0.083887,0.473785,0.015649,0.754645,0.930110,0.960071,0.676146,0.468403,0.299385,0.100932,11.063582,19.988234,0.298215,0.225312,0.722444,0.813586,0.645917,0.676563,0.781707,0.829548,0.849768,0.488773,0.032051,11.817090,0.002355,0.016198,4.891297,0.004954,0.004948,0.000800,0.002049,15958193.370046,0.000000
-5240221.615789,1472274.692357,41577492.101432,34.017745,-1.748738,0.905596,0.973049,0.354253,0.064525,0.811743,0.444837,0.883303,0.554249,0.416992,0.147000,0.742184,0.670064,0.782750,0.176641,0.880699,0.684034,0.322642,0.986268,0.436401,0.030545,0.253126,0.165796,0.387135,0.015881,0.040181,0.694554,0.930925,0.735121,0.481193,0.443088,0.158746,0.102387,13.317294,19.362237,0.672227,0.242049,0.709912,0.742790,0.531285,0.558079,0.692818,0.733611,0.826007,0.490911,0.085106,45.982255,0.003293,0.011601,8.477298,0.004994,0.005003,0.001045,0.001804,5240221.615789,0.000000
-11562983.608672,1552353.508624,75958361.592137,38.665646,-0.555024,0.822748,0.973080,0.838729,0.708144,0.151960,0.755032,0.668635,0.515200,0.209336,0.092879,0.744656,0.388880,0.291606,0.749292,0.896608,0.575422,0.570914,0.979764,0.027172,0.289294,0.124846,0.595957,0.298126,0.074863,0.042222,0.034470,0.937469,0.962275,0.701368,0.417584,0.158173,0.215144,11.042791,19.030739,0.516915,0.182666,0.591217,0.746223,0.504711,0.634842,0.550119,0.785102,0.425942,0.497878,0.146926,41.334354,0.001168,0.000241,11.396110,0.004698,0.004702,0.000730,0.002119,11562983.608672,0.000000
-13769230.812219,1514296.562510,70083038.678726,46.766524,-0.915256,0.742442,0.758554,0.808132,0.075833,0.797954,0.727891,0.690619,0.583217,0.043249,0.313579,0.589131,0.418610,0.282335,0.269947,0.455247,0.771153,0.766375,0.420791,0.328889,0.296687,0.113170,0.990451,0.712947,0.078599,0.380773,0.180905,0.934625,0.960355,0.360313,0.435767,0.157179,0.199113,9.145226,8.470301,0.343375,0.170844,0.648637,0.745181,0.551957,0.621915,0.648005,0.780574,0.599586,0.364961,0.102986,33.233476,0.001825,0.012895,5.418443,0.003642,0.003671,0.000277,0.002572,13769230.812219,0.000000
-7843466.142932,1381079.233571,56096822.062132,38.964431,-1.346417,0.817370,0.768468,0.304710,0.711720,0.848395,0.728585,0.677444,0.584649,0.335230,0.830567,0.590810,0.414962,0.272840,0.730204,0.455139,0.780510,0.690254,0.412597,0.272289,0.510888,0.113994,0.155401,0.282889,0.088938,0.012602,0.614752,0.860612,0.897607,0.456081,0.414803,0.161400,0.201168,12.362914,20.236833,0.146020,0.233404,0.771983,0.798789,0.681249,0.701685,0.861304,0.922895,0.739829,0.422695,0.118703,41.035569,0.004505,0.004909,2.632342,0.003244,0.003295,0.000048,0.002801,7843466.142932,0.000000
-15809087.476010,1984177.665902,77014632.178243,43.406310,-1.682064,0.901736,0.975635,0.838186,0.664251,0.776824,0.649389,0.867229,0.233914,0.661849,0.673105,0.983292,0.704973,0.789290,0.811437,0.386627,0.686807,0.733967,0.984539,0.039113,0.291751,0.113227,0.597698,0.266542,0.026736,0.453634,0.038013,0.952475,0.958741,0.443038,0.421322,0.421654,0.225830,12.551317,6.616644,0.216132,0.198128,0.728321,0.737275,0.565334,0.571904,0.865140,0.872753,0.814010,0.397869,0.144629,36.593690,0.006189,0.000398,10.906855,0.004420,0.004426,0.000522,0.002327,15809087.476010,0.000000
-16963541.463581,1948351.989649,82171707.380520,44.091525,-1.682508,0.906977,0.975638,0.838186,0.684969,0.777063,0.762222,0.644970,0.236450,0.644768,0.127539,0.983313,0.704967,0.779431,0.769425,0.390837,0.583823,0.742026,0.985145,0.037557,0.291751,0.114928,0.597698,0.395867,0.033924,0.453634,0.684293,0.937438,0.960288,0.691275,0.428942,0.268096,0.225925,12.507345,6.613821,0.205770,0.200344,0.719156,0.786625,0.631015,0.654990,0.890923,0.900419,0.814093,0.494624,0.119862,35.908475,0.005334,0.000362,12.297816,0.004386,0.004347,0.000264,0.002585,16963541.463581,0.000000
-7454851.053923,1393005.178189,53124041.848500,41.173781,-1.398637,0.690618,0.977169,0.306952,0.071584,0.760902,0.740789,0.666904,0.338720,0.597406,0.096981,0.434896,0.393274,0.278315,0.197967,0.390304,0.569696,0.575269,0.979919,0.299219,0.299615,0.231414,0.033741,0.958110,0.076752,0.151079,0.641553,0.861815,0.954491,0.989614,0.422389,0.272544,0.222232,13.433976,16.120826,0.416177,0.270599,0.775416,0.777491,0.681961,0.683956,0.928504,0.929553,0.753067,0.613789,0.101375,38.826219,0.003780,0.012213,2.460422,0.004392,0.004422,0.000672,0.002177,7454851.053923,0.000000
-18432710.873965,1515355.625120,89054116.324703,61.598099,-0.583323,0.796187,0.850059,0.728228,0.368769,0.755139,0.951767,0.339726,0.343044,0.210691,0.387242,0.587582,0.473703,0.842312,0.998248,0.385939,0.776844,0.767186,0.229227,0.348652,0.322648,0.207507,0.862404,0.390079,0.299069,0.214151,0.011367,0.865036,0.969251,0.288921,0.308084,0.297298,0.220219,10.277660,13.700905,0.121274,0.144158,0.593133,0.771617,0.518704,0.612949,0.743872,0.909009,0.441959,0.334437,0.452288,18.401901,0.007205,0.004225,11.077301,0.004157,0.004167,0.000535,0.002314,18432710.873965,0.000000
-7729430.921544,1412301.792311,56207471.968066,44.982047,-1.932708,0.752567,0.976197,0.359313,0.066648,0.782308,0.735432,0.679716,0.147357,0.102926,0.797716,0.588347,0.390946,0.343393,0.178807,0.897490,0.576609,0.653397,0.785125,0.293436,0.709496,0.113261,0.168602,0.396421,0.122574,0.152881,0.701568,0.943690,0.629810,0.831712,0.467394,0.272788,0.211760,13.137469,15.973867,0.511717,0.254177,0.801600,0.811942,0.710682,0.719709,0.945213,0.950402,0.855244,0.476244,0.039619,35.017953,0.003317,0.014624,4.472206,0.004588,0.004613,0.000808,0.002041,7729430.921544,0.000000
-14593378.293792,1593717.781078,79834425.081937,48.115302,-1.530758,0.892488,0.976192,0.896680,0.117363,0.781062,0.893260,0.272724,0.576365,0.098264,0.323629,0.588434,0.465500,0.344138,0.758774,0.227006,0.474692,0.686421,0.787706,0.286451,0.740025,0.237186,0.852121,0.396018,0.123543,0.269588,0.022464,0.861928,0.959992,0.831481,0.443716,0.260922,0.249624,10.203618,11.971412,0.440670,0.194886,0.697120,0.806504,0.608980,0.703255,0.834336,0.925764,0.783628,0.549655,0.054102,31.884698,0.002080,0.002862,11.946471,0.004386,0.004391,0.000511,0.002338,14593378.293792,0.000000
-18773584.964760,1377272.615503,94227037.494118,76.772119,-0.700240,0.658998,0.855921,0.462956,0.075001,0.347711,0.464008,0.445305,0.129715,0.350227,0.138901,0.586886,0.706545,0.781847,0.177481,0.392508,0.784142,0.769149,0.986332,0.497089,0.029539,0.211853,0.199241,0.081399,0.478526,0.219646,0.855361,0.959305,0.632538,0.676146,0.286602,0.298601,0.210701,11.132293,14.080845,0.061172,0.123094,0.573773,0.793650,0.509718,0.693146,0.700516,0.917338,0.503534,0.471951,0.350398,3.227881,0.003098,0.016012,4.423364,0.004627,0.004634,0.000539,0.002310,18773584.964760,0.000000
-10031903.202592,1495650.416476,64706114.613037,39.175629,-1.882993,0.741366,0.962912,0.872529,0.069696,0.785198,0.957072,0.732435,0.264632,0.405120,0.198050,0.593435,0.437260,0.277335,0.147535,0.184426,0.810756,0.620492,0.988030,0.130657,0.854319,0.472844,0.851908,0.626967,0.080660,0.042756,0.693999,0.929801,0.838113,0.631889,0.466392,0.302785,0.104070,9.329588,18.772328,0.851713,0.272065,0.757504,0.778591,0.611108,0.627010,0.752337,0.784202,0.847866,0.515159,0.035923,40.824371,0.001926,0.005011,9.024801,0.004610,0.004582,0.000468,0.002381,10031903.202592,0.000000
-16923624.582556,1464453.941844,93178202.307822,63.770588,-1.847809,0.738970,0.990375,0.865422,0.072877,0.791098,0.692924,0.666598,0.159120,0.364446,0.372528,0.640664,0.675824,0.330995,0.179732,0.319511,0.776098,0.339839,0.133527,0.328886,0.466678,0.114506,0.870213,0.390126,0.323294,0.217676,0.597006,0.963158,0.828841,0.682975,0.442680,0.264029,0.200697,9.635285,13.587146,0.654827,0.190279,0.707198,0.809374,0.631177,0.715901,0.883599,0.935613,0.842418,0.539760,0.099870,16.229412,0.002644,0.001339,9.395411,0.004556,0.004566,0.000453,0.002396,16923624.582556,0.000000
-7062038.670139,1299110.595137,58617163.141216,56.175108,-1.999383,0.738940,0.977534,0.305183,0.066022,0.786566,0.737330,0.662420,0.567747,0.674335,0.811622,0.570745,0.459327,0.290089,0.189267,0.629653,0.579382,0.633143,0.179990,0.293161,0.511529,0.610629,0.909182,0.546646,0.298951,0.048534,0.644188,0.954272,0.936542,0.675135,0.473210,0.274830,0.248961,7.940655,18.610754,0.566189,0.250335,0.802616,0.816109,0.712863,0.724247,0.946105,0.952639,0.864581,0.496642,0.032411,23.824892,0.003680,0.013323,2.857209,0.004598,0.004620,0.000820,0.002029,7062038.670139,0.000000
-15797871.257550,1702819.597607,108451049.727977,43.234558,-0.179281,0.788502,0.960298,0.804403,0.671018,0.784208,0.231348,0.507576,0.233800,0.334205,0.668688,0.594079,0.704973,0.270442,0.370063,0.625285,0.686807,0.742584,0.418896,0.037728,0.014829,0.115175,0.630442,0.272216,0.024872,0.453634,0.038163,0.845193,0.834567,0.568048,0.428912,0.158923,0.243817,11.696246,6.546808,0.396215,0.157290,0.385366,0.777713,0.311064,0.639609,0.164670,0.840463,0.164129,0.490193,0.079100,36.765442,0.001281,0.000376,4.565921,0.003834,0.003853,0.000379,0.002470,15797871.257550,0.000000
-6649367.519230,1314347.370394,42370208.612327,41.590134,-0.303474,0.686054,0.763513,0.286019,0.075052,0.764402,0.852603,0.673952,0.345618,0.206286,0.371794,0.610718,0.298852,0.857890,0.748609,0.213088,0.788901,0.767418,0.389192,0.757162,0.508556,0.113193,0.021399,0.694016,0.124519,0.011661,0.650912,0.860444,0.974257,0.839364,0.277600,0.270141,0.250793,13.145919,20.345676,0.198805,0.234124,0.733333,0.701135,0.636264,0.609871,0.871605,0.841629,0.261751,0.547448,0.583386,38.409866,0.006343,0.006763,2.946407,0.004548,0.004545,0.000852,0.001997,6649367.519230,0.000000
-5110440.508350,1348121.667449,39154232.872739,36.349707,-0.449497,0.690618,0.980897,0.305180,0.064949,0.139944,0.755032,0.666756,0.513507,0.213966,0.768006,0.454429,0.391298,0.291606,0.749005,0.388479,0.779123,0.572156,0.979756,0.293756,0.478878,0.247272,0.201717,0.296773,0.046964,0.037661,0.641580,0.828269,0.954614,0.455419,0.385127,0.150578,0.214810,12.171655,19.383494,0.254463,0.249558,0.806310,0.777493,0.706692,0.683141,0.894321,0.910449,0.647769,0.404022,0.178791,43.650293,0.008780,0.015583,0.449497,0.004232,0.004263,0.000598,0.002251,5110440.508350,0.000000
-3498604.841571,1215293.422067,54847682.599167,68.720801,-1.480003,0.738970,0.974003,0.303223,0.066142,0.791098,0.731140,0.662372,0.748783,0.316605,0.382369,0.698598,0.460435,0.330995,0.151103,0.317948,0.776098,0.322285,0.139111,0.330277,0.507597,0.105206,0.907682,0.390126,0.479055,0.015257,0.772389,0.934493,0.933919,0.675168,0.398908,0.273201,0.200709,8.822294,19.655679,0.483658,0.196557,0.784102,0.783469,0.693565,0.693343,0.929888,0.929293,0.772363,0.497586,0.192958,11.279199,0.002487,0.006522,4.114317,0.004737,0.004752,0.000898,0.001951,3498604.841571,0.000000
-5602323.980498,1330109.420111,43951088.537239,37.971467,-1.845816,0.745359,0.776630,0.311416,0.071443,0.760887,0.621404,0.661694,0.477314,0.596698,0.083671,0.449309,0.394921,0.291275,0.197967,0.390814,0.570031,0.577063,0.978034,0.305719,0.435144,0.234286,0.033741,0.298680,0.076905,0.009870,0.641580,0.962139,0.954556,0.432803,0.442878,0.299166,0.211903,13.175119,20.373871,0.475470,0.315547,0.825767,0.822175,0.725523,0.728725,0.955425,0.953592,0.842104,0.395162,0.098992,42.028533,0.003131,0.011659,3.272697,0.004615,0.004638,0.000818,0.002031,5602323.980498,0.000000
-17996384.549952,1906231.546863,100658520.389974,44.776600,-0.793088,0.685153,0.975645,0.852044,0.074881,0.765173,0.936188,0.664839,0.340622,0.210877,0.773747,0.741722,0.387014,0.923173,0.234103,0.352912,0.783259,0.602505,0.983263,0.763896,0.501314,0.287069,0.018014,0.972213,0.009930,0.609330,0.641580,0.930476,0.969641,0.601499,0.308028,0.332959,0.222337,15.054465,2.380051,0.224615,0.189959,0.539174,0.682313,0.467816,0.587190,0.673599,0.832087,0.547554,0.456320,0.416425,35.223400,0.003179,0.012861,11.278874,0.004181,0.004149,0.000109,0.002740,17996384.549952,0.000000
-16607492.896214,1474929.861290,85078173.163672,60.720331,-1.807193,0.905846,0.976294,0.725878,0.665141,0.798311,0.694451,0.498211,0.232624,0.662583,0.214835,0.754740,0.586222,0.298824,0.731656,0.390715,0.712685,0.314810,0.226928,0.349233,0.682118,0.243942,0.595460,0.277078,0.311829,0.157824,0.612587,0.951776,0.747510,0.294078,0.441871,0.164602,0.225933,11.410509,15.627212,0.313609,0.152075,0.715973,0.794971,0.598020,0.622952,0.777895,0.919594,0.835886,0.406234,0.096764,19.279669,0.002046,0.003359,10.808763,0.004682,0.004690,0.000696,0.002153,16607492.896214,0.000000
-9809793.365626,1599166.763919,62663646.738193,39.047290,-1.857058,0.753996,0.961461,0.869937,0.673879,0.798415,0.694193,0.941405,0.567925,0.614938,0.109251,0.592390,0.669318,0.903613,0.158217,0.872927,0.714314,0.620026,0.211071,0.330279,0.685192,0.248117,0.110473,0.544983,0.079710,0.046974,0.644687,0.965689,0.839258,0.688321,0.442900,0.273442,0.214950,13.652598,19.307661,0.570946,0.227167,0.784760,0.771730,0.693073,0.682577,0.924475,0.926313,0.843869,0.537933,0.100470,40.952710,0.000292,0.002531,8.523356,0.004446,0.004448,0.000587,0.002262,9809793.365626,0.000000
-17040454.879432,1889269.520581,83194970.338625,44.146249,-1.682508,0.902002,0.975638,0.838186,0.685312,0.801011,0.762222,0.644970,0.234718,0.606811,0.127166,0.983508,0.317083,0.775067,0.779247,0.386748,0.579683,0.742326,0.985123,0.037557,0.291751,0.114909,0.976379,0.395867,0.033924,0.452873,0.028380,0.937438,0.960288,0.689963,0.428942,0.269169,0.225765,10.794089,6.315144,0.198695,0.179385,0.698185,0.793524,0.605862,0.660853,0.836130,0.905577,0.814093,0.494110,0.119862,35.853751,0.001491,0.000362,12.410744,0.004078,0.004057,0.000270,0.002579,17040454.879432,0.000000
-18170541.600000,1744500.574516,114988376.794495,48.448259,-0.598785,0.689642,0.975388,0.851284,0.384404,0.644328,0.005438,0.664787,0.233962,0.198085,0.771784,0.444772,0.315485,0.817124,0.351824,0.389409,0.805700,0.462091,0.998971,0.300478,0.930135,0.117529,0.197770,0.973247,0.076932,0.468480,0.043094,0.869847,0.982253,0.494923,0.308062,0.298168,0.220182,13.442297,6.487469,0.186119,0.181280,0.469079,0.752527,0.410489,0.642844,0.585530,0.894735,0.450521,0.410734,0.455220,31.551741,0.001064,0.013510,3.170534,0.003629,0.003643,0.000208,0.002641,18170541.600000,0.000000
-9912247.316856,1634222.705447,65574223.257146,38.893803,-1.688124,0.753996,0.667149,0.848783,0.658980,0.786167,0.695069,0.739522,0.567118,0.614938,0.763945,0.934223,0.678713,0.925212,0.173779,0.872927,0.714314,0.504789,0.980393,0.330279,0.778617,0.248117,0.071798,0.546634,0.078184,0.045730,0.650023,0.966164,0.948275,0.688321,0.415535,0.273440,0.214950,13.292848,19.374928,0.194778,0.230144,0.762418,0.800592,0.672435,0.696868,0.917786,0.925074,0.815134,0.497691,0.165011,41.106197,0.000355,0.010579,4.727537,0.004193,0.004210,0.000797,0.002052,9912247.316856,0.000000
-12221428.485665,1471245.258076,69970200.005870,42.962776,-1.558006,0.752560,0.843094,0.869996,0.011178,0.798223,0.734559,0.926857,0.492206,0.220380,0.100215,0.456793,0.389241,0.256007,0.157641,0.455270,0.567295,0.621322,0.224363,0.330550,0.320242,0.607504,0.872587,0.216070,0.078075,0.217250,0.641735,0.872307,0.953687,0.453411,0.442640,0.273532,0.220652,9.471068,13.479947,0.647152,0.249692,0.744575,0.748282,0.656871,0.660208,0.911447,0.913643,0.789445,0.403527,0.060857,37.037224,0.001438,0.004010,5.334402,0.003769,0.003783,0.000182,0.002667,12221428.485665,0.000000
-5378492.982132,1397982.301903,42960928.079839,35.779756,-1.710037,0.556055,0.972797,0.354253,0.068160,0.811743,0.141599,0.884089,0.495162,0.417255,0.311750,0.742184,0.668013,0.901890,0.176641,0.472388,0.788867,0.712901,0.967203,0.273661,0.675129,0.243990,0.165814,0.398465,0.046861,0.011732,0.612510,0.930925,0.739082,0.478747,0.460812,0.149792,0.101938,13.204713,20.223850,0.675903,0.243045,0.733666,0.766701,0.558646,0.585385,0.726057,0.767573,0.819141,0.488348,0.047648,44.220244,0.003214,0.026331,4.873631,0.004877,0.004857,0.000715,0.002134,5378492.982132,0.000000
-4683676.152360,1495706.246275,35895049.093405,33.529733,-0.854684,0.952936,0.969103,0.304424,0.166829,0.321059,0.688799,0.967802,0.554501,0.226265,0.822508,0.586028,0.383829,0.883295,0.721083,0.898025,0.785751,0.277416,0.413640,0.431115,0.770160,0.114893,0.208402,0.701726,0.009298,0.040604,0.746754,0.688030,0.987288,0.456081,0.429334,0.300042,0.252108,13.066957,19.297440,0.253779,0.260306,0.809793,0.731601,0.696127,0.631898,0.950142,0.905286,0.574582,0.394096,0.008646,46.470267,0.009760,0.017416,3.548588,0.004385,0.004401,0.000729,0.002120,4683676.152360,0.000000
-15029866.268135,1640864.139594,71461664.837396,46.789018,-1.538853,0.841399,0.982793,0.851284,0.356167,0.870406,0.711018,0.653639,0.510287,0.240422,0.771784,0.443711,0.315485,0.291914,0.752039,0.389409,0.970125,0.768447,0.983352,0.300478,0.333936,0.248510,0.059151,0.973247,0.119247,0.238103,0.043094,0.867554,0.979880,0.440399,0.442028,0.327060,0.222366,13.788365,13.593673,0.323985,0.197546,0.747873,0.795348,0.632312,0.638675,0.909325,0.915648,0.785373,0.390287,0.060123,33.210982,0.000917,0.012593,9.618929,0.004093,0.004102,0.000656,0.002193,15029866.268135,0.000000
-10250926.007105,1417477.785911,66279127.038507,39.138667,-0.314213,0.753955,0.974893,0.795768,0.074311,0.787302,0.899639,0.732397,0.490487,0.311931,0.770387,0.460257,0.395298,0.278397,0.172921,0.456185,0.285837,0.620626,0.256594,0.330510,0.721586,0.580658,0.852119,0.396392,0.077715,0.051069,0.659635,0.829327,0.969345,0.452907,0.290261,0.303089,0.211714,9.438795,18.516654,1.015494,0.228703,0.633794,0.660254,0.548983,0.571382,0.782230,0.808822,0.269636,0.398419,0.505577,40.861333,0.002217,0.003622,11.398008,0.004560,0.004566,0.000748,0.002101,10250926.007105,0.000000
-5587906.930035,1411363.774145,52018881.935363,36.523943,-1.989812,0.762464,0.964156,0.301271,0.364446,0.832270,0.105893,0.664246,0.584925,0.597842,0.374618,0.571006,0.475330,0.336563,0.268035,0.303748,0.625829,0.760481,0.173043,0.559786,0.078343,0.247298,0.643217,0.542897,0.046218,0.044526,0.611447,0.965048,0.934337,0.462339,0.465667,0.276400,0.241986,10.205347,18.838959,0.435752,0.299031,0.812692,0.838319,0.720645,0.741358,0.950515,0.962234,0.863279,0.413213,0.051868,43.476057,0.001719,0.007693,3.490364,0.004149,0.004177,0.000565,0.002284,5587906.930035,0.000000
-5203711.277373,1434007.684522,43405091.420166,33.761739,-1.917888,0.656235,0.973171,0.359657,0.066053,0.811598,0.675220,0.665988,0.536749,0.196870,0.795458,0.571484,0.390946,0.327730,0.174276,0.897490,0.576865,0.653878,0.834716,0.301896,0.750425,0.251225,0.485661,0.396939,0.011066,0.043004,0.646883,0.938996,0.733505,0.643605,0.467394,0.273264,0.099506,11.409687,18.992206,0.715337,0.287605,0.773120,0.808635,0.624754,0.653547,0.774503,0.812552,0.853083,0.518829,0.037695,46.238261,0.003184,0.014702,5.962467,0.004753,0.004772,0.000893,0.001956,5203711.277373,0.000000
-14002820.324957,1743130.266104,70597237.448107,47.342016,-1.828930,0.903715,0.962322,0.724913,0.055934,0.765015,0.965873,0.417967,0.565284,0.327000,0.215198,0.591805,0.402770,0.894720,0.855022,0.635384,0.780536,0.602414,0.990869,0.433728,0.372002,0.249002,0.157835,0.948361,0.080563,0.405418,0.694226,0.908924,0.978710,0.658643,0.468546,0.296013,0.201191,13.830947,8.437222,0.290335,0.222717,0.763227,0.803446,0.661601,0.667688,0.899623,0.905957,0.839415,0.475524,0.023102,32.657984,0.004549,0.021316,13.133882,0.004405,0.004411,0.000675,0.002174,14002820.324957,0.000000
-8414151.578128,1542407.459132,59145687.313199,32.354184,-1.343742,0.743183,0.774029,0.809312,0.727437,0.848582,0.724124,0.684768,0.584649,0.335021,0.825056,0.912292,0.414782,0.272840,0.730204,0.455247,0.783307,0.687917,0.412562,0.312331,0.295069,0.113167,0.320721,0.285972,0.001468,0.009860,0.615376,0.862149,0.960366,0.456081,0.413607,0.157121,0.196240,12.485557,20.184845,0.464327,0.230371,0.760975,0.793935,0.640259,0.656190,0.846593,0.916535,0.739132,0.402471,0.122275,47.645816,0.001013,0.005204,7.557714,0.004506,0.004520,0.000742,0.002107,8414151.578128,0.000000
-13957983.645876,1520027.512953,70408065.559107,46.736652,-0.920435,0.742442,0.758554,0.808132,0.075833,0.797954,0.728573,0.692475,0.570615,0.043249,0.805554,0.589131,0.418480,0.282158,0.251472,0.419135,0.771153,0.689293,0.420940,0.312649,0.296687,0.113170,0.990451,0.712947,0.078504,0.379849,0.186910,0.934625,0.960355,0.359354,0.414845,0.157179,0.199113,9.168552,8.498960,0.349643,0.169377,0.648115,0.746874,0.551598,0.619526,0.646089,0.782170,0.601654,0.364586,0.152350,33.263348,0.001840,0.012402,5.927133,0.003687,0.003717,0.000491,0.002358,13957983.645876,0.000000
-9085929.378414,1401376.723206,62148827.157542,38.161318,-1.483112,0.743332,0.768468,0.809519,0.069746,0.766129,0.727903,0.690672,0.583616,0.335230,0.333632,0.590810,0.415053,0.282334,0.745949,0.455739,0.780545,0.767336,0.412413,0.328571,0.242494,0.112724,0.167473,0.392819,0.078600,0.011412,0.635302,0.862248,0.960366,0.453837,0.435725,0.123641,0.201168,13.290968,20.275910,0.620195,0.231668,0.753510,0.800650,0.646581,0.693133,0.751051,0.865268,0.773070,0.401591,0.071489,41.838682,0.001565,0.012536,5.678408,0.004365,0.004381,0.000680,0.002169,9085929.378414,0.000000
-4454386.668254,1290549.885742,45034946.870794,37.970707,-1.477251,0.746952,0.776630,0.311416,0.071443,0.760887,0.728436,0.661694,0.741764,0.596854,0.079349,0.455001,0.582473,0.303293,0.194331,0.390304,0.567692,0.314633,0.233385,0.349636,0.683841,0.231414,0.033741,0.298890,0.076905,0.009836,0.088861,0.933473,0.899629,0.522517,0.398980,0.272544,0.250015,13.359092,20.387014,0.660831,0.257847,0.801545,0.785314,0.700818,0.695818,0.921571,0.921030,0.771736,0.448684,0.192287,42.029293,0.002656,0.012224,4.887265,0.004724,0.004741,0.000851,0.001998,4454386.668254,0.000000
-8469699.179820,1547708.651060,62510818.948302,36.450020,-1.901429,0.758128,0.971164,0.720050,0.064525,0.811743,0.149353,0.883303,0.553354,0.417464,0.242615,0.742184,0.383166,0.279855,0.176641,0.895983,0.683936,0.579832,0.988370,0.439246,0.326159,0.247341,0.165796,0.389754,0.017522,0.154989,0.643136,0.930418,0.735121,0.995024,0.469251,0.160100,0.102387,13.811309,15.921528,0.790053,0.225693,0.760542,0.791703,0.633170,0.670992,0.683953,0.716216,0.850645,0.522594,0.030499,43.549980,0.002397,0.019241,4.644605,0.004866,0.004873,0.000782,0.002067,8469699.179820,0.000000
-4744342.149780,1344124.008740,34785358.410467,35.780398,-0.547754,0.748272,0.747065,0.304729,0.071532,0.321059,0.694623,0.968588,0.496309,0.226529,0.371705,0.586028,0.381778,0.259988,0.720937,0.454855,0.785751,0.690890,0.412567,0.300361,0.670602,0.108259,0.208598,0.292139,0.046749,0.011774,0.612390,0.688030,0.987288,0.456081,0.429149,0.295580,0.251670,12.659839,20.151579,0.308611,0.277804,0.813265,0.745712,0.703614,0.648159,0.951818,0.914319,0.574093,0.394096,0.009033,44.219602,0.006141,0.017136,0.547754,0.004145,0.004180,0.000554,0.002295,4744342.149780,0.000000
-7260463.370555,1468172.790735,48999225.534425,37.749802,-0.580266,0.709679,0.977650,0.587037,0.012015,0.649530,0.938023,0.664839,0.340622,0.210877,0.778874,0.855680,0.387972,0.923173,0.735909,0.213878,0.783333,0.602505,0.983263,0.763896,0.503171,0.478842,0.018014,0.972213,0.076209,0.002560,0.641580,0.864962,0.982142,0.601499,0.307745,0.235849,0.222337,14.059355,20.658517,0.667010,0.224433,0.734024,0.717266,0.637592,0.624044,0.880900,0.866392,0.440251,0.452162,0.453609,42.250198,0.005643,0.006707,11.390582,0.005098,0.005074,0.000905,0.001944,7260463.370555,0.000000
-16153241.695186,1741699.378031,109129209.147364,43.405885,-0.136663,0.742692,0.972018,0.838160,0.667324,0.784138,0.646599,0.507876,0.233927,0.665129,0.662108,0.593883,0.704973,0.270423,0.863291,0.626738,0.687493,0.742584,0.419490,0.037728,0.296053,0.113271,0.595381,0.272216,0.026736,0.453634,0.087666,0.952476,0.834567,0.289661,0.428799,0.158935,0.199503,11.929497,6.612468,0.293416,0.136952,0.384763,0.725165,0.308768,0.519308,0.144117,0.807456,0.127736,0.375497,0.126853,36.594115,0.001192,0.000379,8.581224,0.003817,0.003831,0.000238,0.002611,16153241.695186,0.000000
-13747780.374278,1540310.252305,69687189.330392,46.766524,-0.940846,0.788252,0.746838,0.808158,0.075833,0.798023,0.727891,0.690319,0.583217,0.043249,0.313542,0.589131,0.418610,0.282335,0.269947,0.455247,0.770467,0.766375,0.671843,0.328889,0.296694,0.115074,0.990451,0.712947,0.078599,0.380773,0.180905,0.934625,0.960355,0.423641,0.435880,0.157167,0.225543,9.223078,8.474211,0.297045,0.171263,0.652500,0.746758,0.554251,0.633526,0.656024,0.783783,0.609703,0.389767,0.102731,33.233476,0.001824,0.014945,5.502174,0.003615,0.003643,0.000334,0.002515,13747780.374278,0.000000
-9872382.509709,1541917.547019,64301977.448207,38.785668,-0.791447,0.684996,0.977650,0.852044,0.074904,0.649530,0.745549,0.663655,0.340238,0.210535,0.773747,0.573035,0.387177,0.923173,0.368429,0.352912,0.783259,0.320310,0.979335,0.763896,0.503171,0.482159,0.018014,0.990751,0.074054,0.055438,0.652810,0.929686,0.982277,0.683589,0.308132,0.235450,0.222337,14.172204,19.083093,0.587483,0.219404,0.687615,0.739559,0.601964,0.645525,0.837872,0.882485,0.546811,0.483999,0.490294,41.214332,0.003468,0.007235,10.294323,0.004753,0.004755,0.000717,0.002132,9872382.509709,0.000000
-9209124.684281,1211540.608193,56582641.770438,56.369532,-0.500053,0.754216,0.765442,0.304688,0.071584,0.151960,0.735694,0.676843,0.110334,0.205678,0.094864,0.568739,0.391669,0.773944,0.285895,0.446921,0.575860,0.574901,0.971991,0.293634,0.710385,0.103712,0.163325,0.899391,0.319889,0.013013,0.641654,0.931792,0.962318,0.999687,0.274011,0.261199,0.097185,11.748492,20.230058,0.083043,0.219995,0.689265,0.726495,0.608140,0.639546,0.825611,0.858157,0.393502,0.612092,0.647346,23.630468,0.004693,0.014324,1.558211,0.004364,0.004364,0.000783,0.002066,9209124.684281,0.000000
-5308462.490484,1395767.147876,44718222.848309,36.509207,-1.851924,0.762255,0.958520,0.300662,0.070279,0.792075,0.742226,0.666706,0.576246,0.607251,0.832677,0.571006,0.664199,0.336499,0.127966,0.316620,0.718853,0.555887,0.408943,0.543950,0.078343,0.101744,0.660916,0.542679,0.046087,0.044152,0.652903,0.965048,0.934337,0.811158,0.442383,0.162334,0.241540,10.447270,18.832068,0.674315,0.270635,0.825966,0.811568,0.714794,0.720052,0.902865,0.924489,0.843065,0.551253,0.101343,43.490793,0.001828,0.009576,4.054095,0.004725,0.004741,0.000885,0.001964,5308462.490484,0.000000
-6634090.484411,1312915.736698,43253604.163351,41.662673,-0.200452,0.686054,0.763513,0.285432,0.075063,0.764402,0.690879,0.674019,0.345618,0.209773,0.371794,0.610718,0.298852,0.840653,0.748609,0.213088,0.788932,0.767418,0.391742,0.871247,0.518019,0.113193,0.197251,0.393287,0.124519,0.013000,0.650912,0.860444,0.974281,0.839364,0.266452,0.270141,0.250473,12.592096,20.158371,0.187890,0.230788,0.720453,0.702802,0.624224,0.609949,0.856068,0.838378,0.181640,0.547439,0.638705,38.337327,0.006378,0.006762,2.859587,0.004528,0.004524,0.000839,0.002010,6634090.484411,0.000000
-6268414.780432,1308691.253041,44057948.151216,38.978673,-0.322357,0.752560,0.686005,0.305322,0.074311,0.787302,0.901753,0.622665,0.501542,0.412524,0.080902,0.460257,0.723681,0.278397,0.173252,0.455247,0.276211,0.621698,0.979670,0.330510,0.721586,0.583298,0.851423,0.394923,0.077715,0.044058,0.659635,0.831186,0.953628,0.452907,0.290490,0.303051,0.212685,8.825628,18.660001,0.461977,0.252473,0.728781,0.706610,0.631857,0.613801,0.873104,0.853105,0.275561,0.403347,0.505726,41.021327,0.002425,0.005549,4.530609,0.004518,0.004522,0.000670,0.002179,6268414.780432,0.000000
-5548830.927953,1436333.637771,38426544.736163,35.880364,-1.568594,0.738970,0.676489,0.353201,0.012161,0.792587,0.957072,0.732435,0.560287,0.406449,0.211194,0.980404,0.705153,0.772925,0.563693,0.565412,0.573296,0.740551,0.985127,0.016582,0.101944,0.116424,0.851908,0.641023,0.033786,0.057680,0.688490,0.928727,0.953628,0.666482,0.415283,0.302785,0.100986,9.736824,18.255923,0.474305,0.293748,0.782832,0.790294,0.639968,0.664049,0.796350,0.820941,0.791662,0.487226,0.148584,44.119636,0.017413,0.002274,8.356052,0.004980,0.004975,0.000913,0.001936,5548830.927953,0.000000
-16995906.951679,1819762.126544,84003474.137464,44.104921,-1.682508,0.906977,0.976044,0.838186,0.684969,0.777063,0.762222,0.644970,0.237953,0.644768,0.127539,0.455934,0.391181,0.284125,0.769425,0.389017,0.821360,0.622915,0.994806,0.351883,0.296749,0.214191,0.669590,0.389451,0.033924,0.453634,0.684161,0.937438,0.960288,0.691275,0.428942,0.268096,0.225758,11.556116,6.535848,0.172269,0.211904,0.711827,0.785083,0.626754,0.683617,0.885637,0.921482,0.814093,0.494624,0.119862,35.895079,0.000788,0.009745,9.430735,0.003374,0.003382,0.000042,0.002807,16995906.951679,0.000000
-6426418.356708,1307557.220950,40739088.235653,41.434052,-0.306327,0.686054,0.763513,0.286019,0.011036,0.766767,0.950840,0.739807,0.345618,0.404940,0.366037,0.593802,0.298852,0.878133,0.748609,0.213088,0.788901,0.767418,0.374069,0.768334,0.508556,0.113193,0.021399,0.308105,0.122444,0.011661,0.650912,0.860444,0.836596,0.631449,0.277914,0.302306,0.250793,13.269483,20.345508,0.234713,0.230084,0.741848,0.691930,0.643398,0.602240,0.878953,0.833004,0.263854,0.515549,0.458852,38.565948,0.006188,0.006775,3.013408,0.004632,0.004628,0.000888,0.001961,6426418.356708,0.000000
-6374047.981686,1382886.044142,44342200.300542,39.264091,-1.566316,0.738970,0.962912,0.351964,0.076177,0.183803,0.858834,0.666580,0.561790,0.207795,0.775915,0.610352,0.391367,0.257297,0.147535,0.209104,0.811886,0.620999,0.995172,0.218591,0.058775,0.472844,0.851908,0.694028,0.081810,0.042756,0.694163,0.928727,0.975773,0.839804,0.414928,0.270621,0.220652,8.774072,18.723049,0.486258,0.287090,0.810105,0.793252,0.714349,0.700683,0.946055,0.936739,0.791187,0.547060,0.149457,40.735909,0.002235,0.006405,2.993986,0.004432,0.004444,0.000713,0.002136,6374047.981686,0.000000
-18851035.528619,1407444.665169,96058189.750344,76.744495,-1.835442,0.658998,0.855921,0.491526,0.072669,0.347711,0.458331,0.443798,0.129715,0.350227,0.138901,0.586892,0.466389,0.781847,0.175137,0.392508,0.784142,0.769149,0.986332,0.286013,0.031288,0.250160,0.199241,0.081097,0.478526,0.218970,0.855361,0.959305,0.960071,0.676146,0.442631,0.298601,0.248571,10.974554,14.104217,0.071731,0.194337,0.695936,0.846894,0.621813,0.746858,0.875310,0.964787,0.840457,0.488773,0.098321,3.255505,0.003074,0.015997,4.498192,0.004616,0.004625,0.000529,0.002320,18851035.528619,0.000000
-18853991.317805,1407463.092953,96063391.308318,76.744495,-1.835442,0.658998,0.855921,0.491526,0.072669,0.347711,0.458331,0.443798,0.129715,0.350227,0.138901,0.586892,0.466389,0.781847,0.175137,0.392508,0.784142,0.769149,0.986332,0.286013,0.031288,0.234077,0.199241,0.081097,0.478526,0.218970,0.855361,0.959305,0.960071,0.676146,0.442631,0.298601,0.248571,11.026313,14.104215,0.071731,0.194336,0.695923,0.846900,0.621802,0.746863,0.875300,0.964789,0.840457,0.488773,0.098321,3.255505,0.003074,0.015997,4.498192,0.004616,0.004624,0.000528,0.002321,18853991.317805,0.000000
-18141988.637502,1687142.991100,78249831.650631,51.817408,-1.668523,0.796545,0.995613,0.719779,0.067860,0.853447,0.757455,0.663564,0.352411,0.337144,0.174669,0.599648,0.391398,0.286663,0.162419,0.433505,0.701727,0.601257,0.421007,0.838863,0.036325,0.470554,0.604640,0.917173,0.078545,0.605585,0.183674,0.960804,0.896859,0.996987,0.415094,0.306338,0.200858,11.469049,2.027239,0.370336,0.200173,0.725165,0.768450,0.639605,0.675726,0.891765,0.921463,0.811475,0.574957,0.163666,28.182592,0.002307,0.012659,10.582869,0.004144,0.004156,0.000149,0.002700,18141988.637502,0.000000
-11671755.710831,1583977.439965,64804497.081511,42.964129,-1.550683,0.825192,0.835746,0.837868,0.012161,0.185898,0.957072,0.735370,0.561790,0.406449,0.755999,0.934249,0.396628,0.277540,0.147535,0.213890,0.811886,0.740199,0.990755,0.130657,0.059697,0.459325,0.813264,0.309769,0.078209,0.217345,0.694163,0.927068,0.946985,0.631889,0.413315,0.302785,0.220507,10.062911,13.553302,0.595462,0.239047,0.754888,0.765520,0.663945,0.673035,0.913515,0.920084,0.787897,0.475926,0.152677,37.035871,0.001970,0.005098,13.411887,0.004720,0.004730,0.000760,0.002089,11671755.710831,0.000000
-19542265.101356,1901495.650006,86097378.813843,51.542199,-1.598790,0.684971,0.976221,0.850124,0.076327,0.765039,0.936188,0.661717,0.252639,0.210251,0.767341,0.827377,0.535451,0.921417,0.374704,0.388973,0.788487,0.599725,0.983262,0.039466,0.274324,0.479796,0.485442,0.312265,0.072588,0.621425,0.640116,0.933710,0.982253,0.999297,0.417535,0.298636,0.214911,12.576408,1.665872,0.196111,0.196107,0.699577,0.755084,0.613125,0.659361,0.874743,0.913781,0.797859,0.606619,0.145342,28.457801,0.006680,0.003394,11.478213,0.004162,0.004130,0.000087,0.002762,19542265.101356,0.000000
-18878666.057943,1378207.634169,96183871.418913,76.849601,-1.470487,0.658998,0.855181,0.491526,0.072669,0.226173,0.458830,0.437162,0.129715,0.340108,0.138901,0.848091,0.459733,0.781847,0.175137,0.449333,0.702156,0.769149,0.419462,0.287706,0.031288,0.234077,0.195307,0.081097,0.478526,0.221578,0.855361,0.845505,0.958799,0.245726,0.442631,0.262040,0.248141,11.409354,14.025027,0.174899,0.178340,0.671126,0.841075,0.596602,0.691326,0.859400,0.958908,0.770186,0.320516,0.049342,3.150399,0.003074,0.017893,5.157765,0.004686,0.004686,0.000616,0.002233,18878666.057943,0.000000
-5292966.567506,1345939.611766,39848540.564191,36.916818,-1.854979,0.689189,0.998408,0.305148,0.071584,0.140266,0.740789,0.667589,0.501256,0.199838,0.080401,0.455527,0.702247,0.292228,0.202895,0.390304,0.570773,0.574145,0.979732,0.299204,0.751315,0.116753,0.201618,0.394922,0.052534,0.044185,0.046745,0.933676,0.954577,0.624269,0.459467,0.298636,0.169230,12.650521,19.181638,0.458362,0.284679,0.833729,0.816245,0.721209,0.724489,0.936268,0.940792,0.843544,0.470323,0.051544,43.083182,0.002768,0.011505,2.196675,0.004472,0.004496,0.000742,0.002107,5292966.567506,0.000000
-6471653.243059,1368465.789741,45026375.829541,37.851736,-0.278026,0.981212,0.763763,0.592172,0.014209,0.264380,0.854648,0.936011,0.236028,0.635114,0.360690,0.620120,0.296733,0.348422,0.748154,0.213332,0.777431,0.765883,0.405202,0.776269,0.502094,0.108237,0.021399,0.711038,0.076215,0.006995,0.032348,0.856051,0.974257,0.610851,0.276380,0.270141,0.250775,13.932806,20.494918,0.521218,0.231975,0.722090,0.667221,0.625181,0.579910,0.861494,0.807815,0.242723,0.458423,0.548027,42.148264,0.002940,0.003801,7.899458,0.004619,0.004635,0.000918,0.001931,6471653.243059,0.000000
-10423337.168871,1703135.271155,66626626.671675,36.070023,-0.702223,0.908965,0.974748,0.726785,0.664615,0.765186,0.726671,0.872707,0.488904,0.205096,0.208137,0.590975,0.666628,0.917733,0.181178,0.903805,0.670118,0.599758,0.985360,0.332119,0.338379,0.247392,0.164649,0.388307,0.011673,0.159938,0.641701,0.677963,0.975005,0.462184,0.410888,0.164632,0.216228,13.937464,15.806346,0.453026,0.188666,0.698577,0.721396,0.598726,0.617903,0.861225,0.896287,0.504517,0.400272,0.044155,43.929977,0.000377,0.010937,10.173283,0.004453,0.004455,0.000690,0.002159,10423337.168871,0.000000
-10112229.000880,1584349.396022,68163267.650087,36.571793,-1.224992,0.762464,0.960013,0.892505,0.372239,0.790198,0.737284,0.662905,0.576246,0.106049,0.332979,0.570483,0.466980,0.336499,0.764440,0.317799,0.718967,0.556310,0.977702,0.285260,0.078343,0.101744,0.856628,0.545304,0.046087,0.045329,0.652903,0.772267,0.934337,0.830800,0.442383,0.266628,0.249314,9.884558,18.697476,0.584499,0.234314,0.726362,0.781511,0.633394,0.679198,0.901609,0.935081,0.706240,0.559027,0.018330,43.428207,0.001987,0.009174,9.080152,0.004491,0.004491,0.000526,0.002323,10112229.000880,0.000000
-6628711.902695,1379395.086333,43965342.429642,38.165618,-0.303438,0.795863,0.763513,0.286019,0.370223,0.764402,0.853443,0.673952,0.345618,0.316181,0.371794,0.610016,0.298910,0.843582,0.748609,0.213088,0.702592,0.767418,0.389248,0.843419,0.502796,0.104539,0.021399,0.694016,0.078978,0.011661,0.650912,0.860433,0.973789,0.839364,0.277600,0.260838,0.250793,12.906744,20.343710,0.118600,0.231307,0.726391,0.701693,0.628880,0.608734,0.865543,0.842120,0.261724,0.547621,0.583379,41.834382,0.006071,0.004791,3.065177,0.004127,0.004125,0.000634,0.002215,6628711.902695,0.000000
-8007390.274407,1429240.129899,54031111.432880,37.874332,-0.279024,0.907063,0.767160,0.837839,0.010922,0.250460,0.851880,0.933889,0.242692,0.635273,0.380869,0.620120,0.296733,0.276042,0.748154,0.213332,0.777431,0.765883,0.988448,0.037702,0.296613,0.108237,0.021399,0.694831,0.076215,0.007989,0.015202,0.856356,0.954206,0.610853,0.276380,0.268110,0.250775,14.113319,20.494556,0.611433,0.216140,0.684234,0.663741,0.591922,0.575268,0.825895,0.804131,0.243478,0.465183,0.548029,42.125668,0.001020,0.004211,8.055963,0.004421,0.004436,0.000824,0.002025,8007390.274407,0.000000
-8639961.947578,1271420.839983,54683962.201674,50.939049,-1.688204,0.743183,0.768056,0.275354,0.066020,0.811510,0.199329,0.662188,0.216640,0.200724,0.820273,0.590810,0.414923,0.906216,0.160882,0.223494,0.785081,0.601185,0.811292,0.300967,0.497631,0.111421,0.155235,0.965065,0.248514,0.011284,0.677053,0.943465,0.978748,0.466218,0.467382,0.162511,0.239043,12.373124,20.283338,0.272722,0.265480,0.809634,0.845687,0.720909,0.750914,0.902543,0.953442,0.855132,0.400676,0.039550,29.060951,0.002772,0.006748,1.688204,0.004677,0.004692,0.000872,0.001977,8639961.947578,0.000000
-18348079.867553,1668158.953943,79957401.675060,56.725292,-1.470343,0.752809,0.973160,0.733229,0.071170,0.780564,0.807027,0.666608,0.334332,0.347132,0.830881,0.567916,0.390946,0.327099,0.366151,0.202689,0.780621,0.652468,0.436537,0.293715,0.731037,0.118233,0.170971,0.398519,0.123503,0.622094,0.613927,0.938251,0.975181,0.643605,0.395676,0.272788,0.211073,13.617381,1.908267,0.335911,0.195368,0.705364,0.748640,0.620350,0.656508,0.875242,0.906504,0.770153,0.470870,0.203345,23.274708,0.002562,0.005029,11.429536,0.004049,0.004071,0.000301,0.002548,18348079.867553,0.000000
-13024310.437304,1537925.590067,76673197.190165,42.230685,-1.335161,0.822748,0.973080,0.833844,0.708144,0.186117,0.755032,0.668635,0.515200,0.209269,0.092879,0.864947,0.388880,0.278893,0.360588,0.896608,0.575422,0.570914,0.983283,0.027172,0.281088,0.124846,0.196672,0.316439,0.122435,0.042222,0.041136,0.937469,0.982380,0.701368,0.376277,0.262212,0.222426,13.163046,19.370707,0.594349,0.208811,0.705244,0.786568,0.623604,0.691334,0.847468,0.925249,0.736884,0.490868,0.257382,37.769315,0.001197,0.000241,12.006042,0.004760,0.004754,0.000755,0.002094,13024310.437304,0.000000
-8056954.255992,1325810.656168,53521117.756260,45.257652,-1.142769,0.658014,0.768041,0.284241,0.066281,0.780477,0.204418,0.666646,0.334913,0.202219,0.796538,0.590810,0.414923,0.311487,0.152600,0.223813,0.781752,0.653300,0.420009,0.300919,0.748510,0.111535,0.155383,0.965065,0.125958,0.152975,0.612390,0.938938,0.975234,0.466218,0.395708,0.270783,0.238014,12.580226,15.950756,0.411020,0.284351,0.777016,0.808865,0.687817,0.714471,0.925164,0.943409,0.770700,0.401772,0.203586,34.742348,0.002527,0.007866,1.142769,0.004236,0.004269,0.000620,0.002229,8056954.255992,0.000000
-6657021.671588,1296968.075741,48615812.645149,41.725860,-0.494736,0.567320,0.967520,0.303395,0.071137,0.796694,0.211163,0.676394,0.333071,0.350993,0.828307,0.590848,0.417277,0.881817,0.174546,0.480576,0.785417,0.601185,0.420887,0.299837,0.496231,0.111535,0.978531,0.965065,0.124985,0.007139,0.616398,0.934627,0.898461,0.466218,0.395708,0.075896,0.239581,8.928896,19.702729,0.542764,0.222099,0.699069,0.812077,0.581343,0.676476,0.372491,0.634343,0.390268,0.426482,0.201536,38.274140,0.003086,0.027015,3.951542,0.004858,0.004868,0.000900,0.001949,6657021.671588,0.000000
-16255579.334002,1765485.954490,84272673.646192,43.405245,-0.656461,0.788502,0.960306,0.838186,0.667324,0.784208,0.646644,0.889373,0.236311,0.412659,0.128983,0.593883,0.475159,0.294169,0.863291,0.625892,0.686807,0.742587,0.985040,0.123907,0.296031,0.125328,0.595381,0.394729,0.026730,0.453634,0.089403,0.951450,0.964404,0.295142,0.428912,0.164343,0.225933,12.111007,6.589428,0.217860,0.152222,0.570674,0.691867,0.481623,0.556323,0.521362,0.712730,0.481316,0.338263,0.126135,36.594755,0.001049,0.002110,8.132952,0.003710,0.003718,0.000024,0.002825,16255579.334002,0.000000
-4797733.269029,1385932.081771,36523281.252381,35.021026,-1.567709,0.738970,0.676922,0.349798,0.012161,0.148839,0.692424,0.733863,0.561790,0.424470,0.867193,0.447560,0.461209,0.330879,0.189135,0.320306,0.810832,0.621326,0.988030,0.330579,0.058775,0.106937,0.852406,0.301317,0.026434,0.043583,0.681754,0.928727,0.986298,0.991916,0.415145,0.298335,0.250921,9.152881,18.651248,0.411667,0.306134,0.828757,0.800007,0.729309,0.705798,0.955433,0.940523,0.791478,0.602178,0.148923,44.978974,0.005471,0.010995,2.034378,0.004357,0.004371,0.000775,0.002074,4797733.269029,0.000000
-5961105.053968,1544243.002091,57303191.690237,33.272339,-2.003154,0.552295,0.974498,0.865885,0.074179,0.129755,0.111277,0.663195,0.261242,0.259052,0.167293,0.902393,0.474475,0.249581,0.182274,0.916460,0.755518,0.327922,0.558870,0.325298,0.858370,0.250019,0.797155,0.296001,0.003933,0.043212,0.694405,0.968102,0.742602,0.978741,0.466323,0.295979,0.220558,9.814707,18.753331,1.195674,0.283124,0.798514,0.833403,0.707226,0.736268,0.943349,0.960083,0.865091,0.511938,0.051793,46.727661,0.001997,0.007297,6.303505,0.004656,0.004648,0.000522,0.002327,5961105.053968,0.000000
-9543849.438158,1408115.925154,63309523.762613,39.016828,-1.749484,0.742442,0.755478,0.808132,0.075833,0.797954,0.766452,0.690619,0.583070,0.043249,0.768971,0.589131,0.418610,0.282335,0.145613,0.451923,0.810808,0.621049,0.406131,0.316763,0.291232,0.113170,0.995146,0.310930,0.078599,0.041463,0.687467,0.945281,0.960355,0.360313,0.435767,0.157179,0.199140,8.497777,18.673289,0.701841,0.256297,0.772740,0.807255,0.659362,0.675338,0.863490,0.930379,0.826136,0.364961,0.107636,40.983172,0.002088,0.011185,6.547513,0.004338,0.004355,0.000796,0.002053,9543849.438158,0.000000
-15644592.141088,1896428.894453,69054286.312915,52.075705,-1.307996,0.697010,0.976511,0.850124,0.076327,0.759938,0.936188,0.661717,0.567198,0.210849,0.774439,0.884759,0.486031,0.853603,0.368415,0.389697,0.788487,0.600275,0.983263,0.844046,0.757968,0.479884,0.109574,0.312265,0.078522,0.621425,0.640076,0.843552,0.982364,0.996917,0.417523,0.298313,0.214909,14.306925,1.999396,0.169549,0.176357,0.733297,0.726295,0.633221,0.627765,0.901544,0.896475,0.729639,0.605652,0.104496,27.924295,0.005373,0.014678,11.865965,0.004285,0.004253,0.000202,0.002647,15644592.141088,0.000000
-10022139.652802,1717357.248362,65509914.593510,36.910671,-1.936932,0.719261,0.762400,0.698864,0.667972,0.760313,0.864525,0.980354,0.269212,0.637174,0.380955,0.741919,0.678642,0.916761,0.248963,0.219679,0.781923,0.580276,0.979970,0.747690,0.008392,0.115151,0.003500,0.551422,0.010300,0.209599,0.660032,0.930935,0.746141,0.987265,0.475175,0.333590,0.106806,14.129524,14.431913,0.189442,0.236636,0.754149,0.769723,0.639256,0.650768,0.707479,0.727902,0.855855,0.526772,0.019141,43.089329,0.000661,0.006282,8.877070,0.004037,0.004052,0.000267,0.002582,10022139.652802,0.000000
-6845350.289677,1624245.696389,48398229.504718,37.538562,-1.445899,0.950874,0.967283,0.416751,0.060061,0.717024,0.785968,0.980354,0.329537,0.289993,0.242615,0.739043,0.677158,0.907427,0.839942,0.245404,0.778182,0.580456,0.971072,0.435649,0.505726,0.214320,0.003241,0.551422,0.015335,0.219827,0.614928,0.931183,0.976513,0.987118,0.395368,0.357560,0.210363,14.436191,14.079623,0.388106,0.264494,0.786204,0.725838,0.687598,0.637903,0.930810,0.890539,0.764466,0.604128,0.200812,42.461438,0.010479,0.004936,10.219475,0.004963,0.004972,0.000947,0.001902,6845350.289677,0.000000
-9471906.644338,1381217.530049,60469377.090031,41.610562,-0.733553,0.743183,0.768106,0.693442,0.064016,0.780477,0.209609,0.664206,0.334488,0.350993,0.830899,0.590810,0.414923,0.906216,0.365225,0.223813,0.805257,0.601704,0.420871,0.300919,0.503508,0.111535,0.157330,0.297043,0.124985,0.009860,0.158707,0.943430,0.975091,0.464513,0.396654,0.162511,0.238014,13.167298,20.328611,0.507141,0.210221,0.698793,0.808252,0.603845,0.700390,0.739373,0.876679,0.661418,0.401153,0.203184,38.389438,0.006268,0.006753,0.733553,0.004523,0.004535,0.000851,0.001998,9471906.644338,0.000000
-17193477.214031,1448228.418082,95565366.204026,59.680085,-1.542707,0.794312,0.972454,0.728228,0.355229,0.184605,0.940489,0.339726,0.137278,0.349245,0.831903,0.756986,0.473354,0.280594,0.167577,0.229433,0.776941,0.319897,0.229227,0.829342,0.919699,0.207857,0.476718,0.390079,0.299617,0.157705,0.750610,0.853644,0.969251,0.705888,0.450210,0.261099,0.099402,11.713599,15.679376,0.476296,0.219624,0.679021,0.782918,0.603656,0.643143,0.707466,0.769276,0.786198,0.497198,0.036977,20.319915,0.000768,0.002902,11.520954,0.004800,0.004811,0.000813,0.002036,17193477.214031,0.000000
-10922440.843711,1615453.419852,66719793.934255,39.565036,-1.463343,0.796073,0.834594,0.869937,0.672436,0.798144,0.582489,0.935964,0.567926,0.340891,0.082675,0.934223,0.674579,0.903613,0.133094,0.872927,0.701874,0.460541,0.219344,0.330279,0.682425,0.107424,0.605393,0.546634,0.078184,0.070366,0.658242,0.843593,0.948093,0.673248,0.442488,0.273442,0.270859,11.225767,18.182554,0.433288,0.225591,0.752209,0.763546,0.658423,0.668079,0.916803,0.923555,0.768539,0.491823,0.048823,40.434964,0.000219,0.003035,6.481476,0.004565,0.004575,0.000656,0.002193,10922440.843711,0.000000
-7184142.129102,1457293.433170,48555936.880887,40.274868,-1.568265,0.738970,0.970015,0.351964,0.012161,0.321028,0.957072,0.732435,0.561790,0.228738,0.751783,0.586959,0.396628,0.277540,0.147535,0.455184,0.785009,0.505761,0.990755,0.130657,0.677652,0.113698,0.870010,0.313614,0.047207,0.213992,0.643825,0.928727,0.947188,0.456272,0.415232,0.302785,0.251704,9.667539,13.522524,0.451297,0.276911,0.796531,0.764857,0.701318,0.675382,0.938773,0.919892,0.791594,0.406710,0.148710,39.725132,0.003557,0.017965,3.403516,0.004424,0.004445,0.000697,0.002152,7184142.129102,0.000000
-5551212.603277,1412622.140656,38439017.655510,38.121570,-0.853533,0.952936,0.835145,0.304424,0.166829,0.185929,0.694623,0.968588,0.496309,0.404240,0.826685,0.934337,0.381778,0.902355,0.721083,0.213561,0.866389,0.690890,0.413640,0.267602,0.056440,0.474039,0.151851,0.706591,0.077751,0.012609,0.612390,0.688030,0.987288,0.631698,0.429149,0.295580,0.220607,11.823273,20.216091,0.207760,0.255100,0.803401,0.758196,0.693309,0.656308,0.946968,0.921942,0.574093,0.462168,0.009033,41.878430,0.013890,0.004671,2.902342,0.004444,0.004445,0.000784,0.002065,5551212.603277,0.000000
-11165703.347623,1390735.501895,59690815.483417,60.424723,-0.621235,0.955200,0.974182,0.303503,0.033325,0.240836,0.959105,0.667650,0.298988,0.610413,0.373230,0.933756,0.668632,0.276603,0.356917,0.192256,0.767704,0.574456,0.926844,0.339754,0.327180,0.606649,0.483193,0.296250,0.309750,0.155066,0.649515,0.912017,0.974975,0.996793,0.457710,0.333140,0.170193,8.929468,15.732461,0.157197,0.243305,0.787743,0.795642,0.696162,0.702955,0.937758,0.939068,0.830649,0.608497,0.046117,19.575277,0.012943,0.003693,0.621235,0.004317,0.004346,0.000658,0.002191,11165703.347623,0.000000
-9522029.956815,1492884.578644,62850807.799282,36.939302,-1.550160,0.689189,0.794405,0.725446,0.714171,0.140266,0.740789,0.980375,0.501256,0.199838,0.078742,0.460727,0.702247,0.292384,0.207019,0.390304,0.580841,0.580789,0.980191,0.298349,0.751315,0.116753,0.194844,0.394922,0.052844,0.044185,0.046745,0.933476,0.954577,0.624269,0.410089,0.298636,0.250777,12.901618,19.260378,0.409061,0.242127,0.757168,0.760975,0.669089,0.672512,0.904747,0.916696,0.787786,0.470323,0.163665,43.060698,0.000429,0.008574,4.722513,0.003780,0.003789,0.000185,0.002664,9522029.956815,0.000000
-15325996.537424,1853568.257032,96710205.032636,41.264729,-0.521819,0.832679,0.973037,0.838472,0.687621,0.777063,0.762388,0.888753,0.236280,0.419824,0.147722,0.757188,0.475259,0.783429,0.748420,0.880033,0.793492,0.742026,0.437730,0.037557,0.291920,0.124994,0.597698,0.267104,0.004272,0.453634,0.031135,0.859752,0.958768,0.690331,0.302798,0.260964,0.099744,12.214289,6.603453,0.267081,0.161527,0.534867,0.641183,0.461835,0.479883,0.399696,0.483979,0.406560,0.494787,0.470717,38.735271,0.005027,0.000360,11.492621,0.004096,0.004109,0.000329,0.002520,15325996.537424,0.000000
-14251888.266198,1691442.455247,82687085.795193,42.703432,-1.848845,0.696210,0.776615,0.869840,0.000051,0.208725,0.745117,0.664174,0.332270,0.250284,0.816782,0.827635,0.705827,0.786865,0.728688,0.224715,0.754275,0.602211,0.076884,0.295181,0.296300,0.110897,0.479609,0.396552,0.027029,0.419077,0.444103,0.933655,0.952502,0.467272,0.458433,0.272509,0.223811,12.666743,7.708302,0.318727,0.231682,0.723526,0.810252,0.640870,0.658078,0.897970,0.927793,0.842581,0.409347,0.053663,37.296568,0.012417,0.000918,8.042495,0.004198,0.004216,0.000305,0.002544,14251888.266198,0.000000
-6932722.011139,1366268.091114,49459191.754365,38.041350,-1.485011,0.720925,0.763640,0.592172,0.064000,0.264380,0.853551,0.936011,0.484314,0.635114,0.380826,0.619081,0.457727,0.274990,0.154038,0.213332,0.776104,0.765883,0.133836,0.326704,0.507422,0.108237,0.021399,0.694016,0.076215,0.015335,0.660506,0.856051,0.934527,0.606961,0.439339,0.270141,0.251827,14.153710,20.248148,0.943899,0.275870,0.795384,0.764873,0.699956,0.675021,0.941255,0.923856,0.773500,0.470380,0.060932,41.958650,0.002608,0.003093,8.054481,0.004674,0.004690,0.000753,0.002096,6932722.011139,0.000000
-4106751.788288,1419801.430118,56607654.655226,32.998035,-2.003130,0.550867,0.974498,0.367714,0.677393,0.774832,0.761219,0.024184,0.796120,0.314775,0.159679,0.625567,0.474663,0.331999,0.172169,0.545109,0.577179,0.326281,0.569536,0.301893,0.751113,0.246080,0.797332,0.625420,0.010981,0.001966,0.694074,0.968102,0.741228,0.959747,0.466318,0.262637,0.103986,9.521635,19.984887,0.501971,0.291556,0.801478,0.831228,0.702672,0.724776,0.803854,0.837852,0.865088,0.511401,0.051801,47.001965,0.000336,0.007758,3.081157,0.004218,0.004242,0.000473,0.002376,4106751.788288,0.000000
-8284136.724980,1536139.824574,58908474.412630,34.296846,-1.917883,0.656235,0.973171,0.861235,0.066053,0.811598,0.675220,0.665988,0.536749,0.196870,0.793877,0.571484,0.390946,0.238248,0.571691,0.897647,0.644743,0.653878,0.834716,0.301303,0.857682,0.251230,0.485661,0.396939,0.018034,0.043004,0.685238,0.938996,0.733411,0.643605,0.467393,0.273613,0.099503,11.616405,19.040601,0.819761,0.262897,0.735805,0.762346,0.585504,0.606146,0.704287,0.747948,0.853082,0.518792,0.037697,45.703154,0.001075,0.018461,8.441890,0.004690,0.004696,0.000768,0.002081,8284136.724980,0.000000
-5118387.028726,1447623.976432,37002186.565654,35.678664,-1.445241,0.950064,0.969115,0.304424,0.166829,0.334620,0.728082,0.969488,0.496309,0.224929,0.821202,0.586086,0.381778,0.902355,0.721083,0.462655,0.785729,0.686140,0.413640,0.267602,0.675282,0.114893,0.208598,0.285802,0.045398,0.011774,0.612391,0.863108,0.987288,0.456067,0.429149,0.295580,0.251659,12.734381,20.185409,0.270166,0.282565,0.830234,0.767606,0.721566,0.675543,0.957754,0.924336,0.764311,0.394091,0.086494,44.321336,0.009552,0.012139,3.470096,0.004448,0.004465,0.000752,0.002097,5118387.028726,0.000000
-2923119.312422,1458113.029215,38202464.481090,32.614198,-1.742215,0.754216,0.979525,0.351111,0.058780,0.151960,0.736773,0.659775,0.128057,0.214410,0.094797,0.568739,0.395740,0.773944,0.180828,0.390304,0.574648,0.514263,0.989105,0.267008,0.500025,0.123459,0.021732,0.298751,0.004768,0.013138,0.634611,0.930071,0.956016,0.993821,0.442458,0.441495,0.214711,13.598655,20.255093,0.481367,0.332824,0.829929,0.801180,0.729367,0.705868,0.957699,0.943400,0.824868,0.610285,0.086118,47.385802,0.003568,0.010920,3.538973,0.004675,0.004672,0.000924,0.001925,2923119.312422,0.000000
-5536522.651054,1334040.966233,40449165.171031,38.348720,-0.280927,0.686054,0.763513,0.286019,0.075052,0.759251,0.586258,0.676830,0.345618,0.206439,0.156343,0.755083,0.298852,0.857890,0.748609,0.213088,0.703106,0.770163,0.389192,0.757162,0.508556,0.113193,0.602634,0.694016,0.079415,0.013030,0.650912,0.860444,0.974257,0.839364,0.275127,0.261135,0.250793,11.222988,19.805384,0.240423,0.240677,0.738710,0.715473,0.640193,0.621261,0.875398,0.853968,0.244916,0.547448,0.595331,41.651280,0.006880,0.005986,2.908441,0.004511,0.004504,0.000812,0.002037,5536522.651054,0.000000
-11629729.799491,1399417.797268,67981100.692488,42.974617,-0.276654,0.794940,0.761179,0.806657,0.370853,0.232838,0.852564,0.673949,0.567824,0.313936,0.375150,0.615133,0.311446,0.271917,0.153235,0.449445,0.788044,0.317985,0.422021,0.838305,0.921258,0.104348,0.025142,0.921629,0.124488,0.067305,0.043720,0.852477,0.958397,0.234260,0.277512,0.269983,0.202335,13.943649,18.735297,0.461306,0.190973,0.634849,0.703918,0.552141,0.610044,0.775179,0.844526,0.241683,0.316135,0.527289,37.025383,0.000624,0.007128,8.173963,0.004212,0.004236,0.000692,0.002157,11629729.799491,0.000000
-15455043.590411,1511492.041633,72813618.079450,59.234423,-1.205870,0.743515,0.974751,0.726785,0.072036,0.163989,0.726671,0.403107,0.488904,0.207369,0.387187,0.757721,0.666628,0.912700,0.995492,0.228347,0.777130,0.599758,0.985365,0.332552,0.338772,0.231316,0.019106,0.397352,0.300070,0.147087,0.641252,0.846878,0.969273,0.283372,0.400137,0.257035,0.115562,14.096145,16.418506,0.347179,0.176946,0.658319,0.667258,0.448976,0.454596,0.670460,0.705313,0.700569,0.332265,0.148472,20.765577,0.014552,0.006469,10.503665,0.004850,0.004821,0.000685,0.002164,15455043.590411,0.000000
-3902016.259722,1368894.811897,38902137.760567,32.570580,-1.471177,0.746952,0.775218,0.324123,0.069716,0.760887,0.728436,0.661694,0.234315,0.596854,0.079349,0.455001,0.582473,0.791241,0.202215,0.388964,0.583766,0.314633,0.235810,0.349636,0.282559,0.230264,0.038727,0.298890,0.005006,0.009836,0.088861,0.933473,0.962199,0.675671,0.398067,0.272544,0.250015,13.607896,20.337849,0.600947,0.282815,0.820421,0.798651,0.721242,0.705715,0.934646,0.933825,0.770345,0.487847,0.194703,47.429420,0.002629,0.012302,3.798234,0.004740,0.004745,0.000811,0.002038,3902016.259722,0.000000
-13797999.332999,1611503.036345,68029446.336768,46.952816,-1.643642,0.835048,0.758554,0.806840,0.075833,0.797954,0.954701,0.690619,0.583217,0.043249,0.312880,0.943009,0.418610,0.276694,0.360736,0.193285,0.777800,0.765475,0.420791,0.338895,0.296687,0.106848,0.990451,0.712947,0.080906,0.379619,0.180905,0.911925,0.960355,0.993428,0.435767,0.332221,0.251784,9.460993,8.509672,0.363151,0.226703,0.754302,0.761497,0.662983,0.669224,0.916083,0.920385,0.806725,0.612955,0.093078,33.047184,0.001576,0.003910,11.461367,0.004280,0.004301,0.000449,0.002400,13797999.332999,0.000000
-6208069.056573,1316232.225543,39724853.702855,41.667125,-0.573137,0.743183,0.761361,0.284305,0.058595,0.264925,0.713470,0.666654,0.334913,0.350304,0.830899,0.981091,0.702670,0.906216,0.365225,0.223813,0.775514,0.601185,0.415264,0.837336,0.496231,0.123720,0.146353,0.401224,0.126721,0.007001,0.612390,0.941272,0.975234,0.466218,0.395681,0.162511,0.238014,12.529050,20.383484,0.232935,0.257988,0.825067,0.813194,0.729397,0.719854,0.908834,0.931232,0.772343,0.401772,0.204770,38.332875,0.012802,0.006712,0.573137,0.004486,0.004501,0.000783,0.002066,6208069.056573,0.000000
-15025731.029430,1387704.467540,72102455.057070,64.309610,-1.810271,0.903272,0.977288,0.323672,0.003929,0.774930,0.956735,0.398156,0.234006,0.347853,0.832341,0.570249,0.706907,0.786427,0.171919,0.225281,0.777414,0.653659,0.977253,0.046725,0.731044,0.209871,0.923055,0.709144,0.359874,0.145012,0.644173,0.940549,0.982645,0.999602,0.448250,0.155757,0.237773,9.212157,15.684955,0.366645,0.196475,0.761207,0.809245,0.676162,0.717534,0.836217,0.921683,0.836390,0.606584,0.078017,15.690390,0.004957,0.004855,4.839253,0.004865,0.004877,0.000966,0.001883,15025731.029430,0.000000
-19645263.394683,1823192.618901,90221159.913614,52.071174,-1.410999,0.958121,0.976198,0.862188,0.065224,0.781371,0.798924,0.669625,0.226135,0.207036,0.125004,0.909463,0.391739,0.351292,0.369289,0.361764,0.524480,0.597689,0.983263,0.330653,0.335056,0.645405,0.222501,0.393796,0.077331,0.625586,0.693169,0.865159,0.976099,0.673218,0.422622,0.304578,0.221192,13.628784,1.743664,0.288425,0.198246,0.674747,0.750440,0.589414,0.652304,0.858222,0.912859,0.756101,0.482087,0.102336,27.928826,0.001941,0.006039,12.865532,0.004397,0.004411,0.000346,0.002503,19645263.394683,0.000000
-6315765.607951,1421899.148251,42932987.571498,38.626092,-1.043468,0.690639,0.980973,0.305180,0.064949,0.656182,0.937892,0.666781,0.513507,0.213966,0.768006,0.874322,0.391298,0.929277,0.749005,0.388479,0.783313,0.572156,0.983268,0.293756,0.478878,0.247272,0.203396,0.976853,0.076740,0.037661,0.641580,0.828269,0.954513,0.455419,0.385127,0.235927,0.214628,12.711582,19.422399,0.324088,0.247357,0.793211,0.760273,0.692618,0.665657,0.935621,0.915298,0.647769,0.404054,0.178791,41.373908,0.010330,0.015643,4.771466,0.004766,0.004779,0.000916,0.001933,6315765.607951,0.000000
-18637698.103569,1726982.644457,80328039.442031,48.744070,-0.583083,0.685132,0.977574,0.852044,0.074881,0.133292,0.753328,0.664814,0.340622,0.210877,0.773747,0.435788,0.387014,0.285486,0.368429,0.352912,0.779069,0.602505,0.979750,0.763896,0.503171,0.479842,0.016350,0.291060,0.046980,0.617940,0.641580,0.865106,0.982379,0.601499,0.308028,0.150554,0.222519,14.381146,2.124073,0.273844,0.155775,0.619569,0.686641,0.535490,0.591662,0.764152,0.839298,0.441825,0.452084,0.452555,31.255930,0.001939,0.012834,10.677504,0.003801,0.003816,0.000142,0.002707,18637698.103569,0.000000
-18660138.926319,1850681.355731,79327005.288728,51.487167,-0.789454,0.685153,0.977650,0.852044,0.074904,0.649530,0.936188,0.663637,0.340628,0.210877,0.773747,0.855680,0.387186,0.923173,0.368429,0.352912,0.783259,0.602505,0.983037,0.763896,0.503171,0.479842,0.018014,0.991022,0.076756,0.604352,0.641913,0.929330,0.982277,0.601488,0.308028,0.235897,0.222337,14.576318,2.573940,0.182675,0.159546,0.641842,0.689970,0.555377,0.595809,0.792659,0.839248,0.545907,0.452113,0.490514,28.512833,0.003192,0.012899,11.461759,0.004237,0.004204,0.000158,0.002691,18660138.926319,0.000000
-17665046.150718,1400800.939163,88467633.029509,61.652129,-0.868131,0.658494,0.971297,0.486611,0.370856,0.176366,0.940489,0.339726,0.155358,0.369256,0.387242,0.754140,0.471101,0.280594,0.145595,0.225995,0.776911,0.320337,0.990809,0.284127,0.470991,0.231543,0.478873,0.079955,0.299617,0.217814,0.855053,0.957079,0.969269,0.284751,0.306964,0.261729,0.093828,10.426443,13.850918,0.185003,0.197476,0.614938,0.727331,0.504924,0.514635,0.671434,0.746674,0.580265,0.332805,0.511373,18.347871,0.000572,0.008227,5.170452,0.004234,0.004248,0.000473,0.002376,17665046.150718,0.000000
-10936005.583971,1305399.873090,65246967.906742,55.960966,-0.228757,0.794929,0.755588,0.806657,0.076950,0.227687,0.581857,0.676827,0.567824,0.340341,0.139763,0.850665,0.311446,0.282447,0.144999,0.449457,0.702249,0.459935,0.421912,0.838305,0.299727,0.108242,0.628022,0.909714,0.288345,0.069780,0.033735,0.844641,0.960367,0.231671,0.275076,0.261773,0.099611,10.696475,18.231424,0.467283,0.148602,0.653303,0.692760,0.440631,0.452650,0.655968,0.705683,0.204478,0.314568,0.585300,24.039034,0.001614,0.009368,4.473790,0.004615,0.004629,0.000695,0.002154,10936005.583971,0.000000
-10575872.017588,1418222.036667,71114826.348908,40.081567,-1.752726,0.742442,0.761070,0.808132,0.367884,0.797954,0.766452,0.690619,0.583070,0.043249,0.769648,0.584294,0.418610,0.271995,0.133726,0.451910,0.810808,0.621049,0.406131,0.316763,0.856530,0.113170,0.995146,0.310930,0.092439,0.041463,0.697894,0.946309,0.958731,0.360313,0.435767,0.157179,0.199249,8.484947,18.683400,0.598518,0.250656,0.751565,0.804850,0.656001,0.670310,0.843643,0.929147,0.826699,0.365448,0.108085,39.918433,0.000500,0.010663,6.620071,0.004252,0.004273,0.000771,0.002078,10575872.017588,0.000000
-8751827.176446,1387439.599514,62381102.710446,49.657239,-1.916042,0.783525,0.973171,0.359657,0.059075,0.811674,0.646568,0.894168,0.149230,0.196870,0.795458,0.583163,0.386551,0.327099,0.161701,0.624015,0.575278,0.652468,0.833190,0.301396,0.750425,0.251225,0.487475,0.394761,0.177628,0.156692,0.691729,0.938412,0.975951,0.643605,0.467394,0.272788,0.099506,11.334761,15.627702,0.474528,0.279047,0.784729,0.791294,0.642068,0.656008,0.775353,0.801918,0.852812,0.470609,0.037456,30.342761,0.002931,0.014554,4.797659,0.004592,0.004616,0.000807,0.002042,8751827.176446,0.000000
-5333332.476307,1526787.758271,39804731.594369,33.619643,-1.544019,0.927569,0.973062,0.354254,0.058638,0.834652,0.857666,0.886421,0.540350,0.403873,0.325841,0.570612,0.668808,0.882830,0.174372,0.894563,0.683936,0.580267,0.924843,0.437173,0.769997,0.235170,0.160668,0.387364,0.009870,0.043364,0.084029,0.931153,0.735121,0.450226,0.410277,0.437211,0.216078,13.369941,19.272380,0.656451,0.258064,0.823370,0.761753,0.674938,0.671699,0.936922,0.917288,0.786479,0.477607,0.012918,46.380357,0.003351,0.020149,8.634501,0.005003,0.005012,0.001049,0.001800,5333332.476307,0.000000
-10397563.200233,1271756.669918,59064958.877910,56.325461,-1.660744,0.692088,0.896626,0.304688,0.071571,0.151960,0.933386,0.668037,0.232025,0.212559,0.094797,0.568729,0.391669,0.774545,0.180828,0.390283,0.575860,0.574995,0.970073,0.749566,0.295347,0.103691,0.017170,0.298412,0.319889,0.013013,0.612425,0.930071,0.954555,0.849650,0.429194,0.298636,0.214711,12.089982,20.367548,0.081026,0.258323,0.776538,0.803176,0.689407,0.711696,0.928629,0.943387,0.810002,0.558815,0.116018,23.674539,0.003274,0.012257,1.879073,0.004510,0.004509,0.000817,0.002032,10397563.200233,0.000000
-6101704.122762,1468216.592652,44969828.180242,36.400465,-1.902337,0.758128,0.971577,0.298352,0.064620,0.811743,0.725092,0.883303,0.500549,0.419460,0.246781,0.742184,0.700942,0.291614,0.202634,0.895983,0.682014,0.579832,0.979758,0.439246,0.326159,0.247341,0.164841,0.394891,0.017522,0.152532,0.643136,0.930418,0.735121,0.623665,0.469409,0.158899,0.102892,13.279634,15.961364,0.525101,0.239684,0.743134,0.774065,0.587279,0.612440,0.720181,0.752872,0.850780,0.522594,0.030187,43.599535,0.004191,0.020369,4.493228,0.004567,0.004590,0.000797,0.002052,6101704.122762,0.000000
-11114267.801673,1631061.937068,70405636.900791,40.521878,-1.583761,0.738970,0.970015,0.854225,0.010048,0.800108,0.957072,0.732435,0.242899,0.229536,0.751783,0.586959,0.396628,0.782255,0.147535,0.446955,0.775517,0.505761,0.990755,0.294916,0.677652,0.214193,0.870010,0.313217,0.047207,0.225520,0.439199,0.933615,0.947208,0.463074,0.415232,0.273409,0.251704,9.966255,13.237191,0.527523,0.233330,0.737755,0.766154,0.650883,0.674652,0.902151,0.920567,0.794798,0.409381,0.150937,39.478122,0.003619,0.015365,12.446440,0.004473,0.004482,0.000627,0.002222,11114267.801673,0.000000
-4468634.618312,1327162.064381,36368113.840756,34.340459,-0.284958,0.690618,0.855962,0.305180,0.064949,0.139944,0.756370,0.666756,0.474521,0.213966,0.768006,0.454429,0.391298,0.291606,0.177375,0.392736,0.779123,0.572156,0.979828,0.293756,0.034540,0.247272,0.201717,0.296773,0.022461,0.030956,0.855282,0.828269,0.954614,0.458062,0.287329,0.150578,0.214810,12.188878,19.566335,0.403087,0.236302,0.763136,0.727078,0.662387,0.632792,0.899811,0.870021,0.247954,0.405060,0.517898,45.659541,0.003308,0.015872,1.061411,0.004301,0.004316,0.000659,0.002190,4468634.618312,0.000000
-8414023.600063,1478238.892524,55877277.650428,35.716152,-1.854129,0.556055,0.969095,0.803974,0.068160,0.811639,0.774219,0.884089,0.495162,0.384275,0.311750,0.742184,0.417079,0.903996,0.176595,0.472388,0.788287,0.715061,0.365196,0.273661,0.675129,0.237810,0.183905,0.397508,0.045970,0.011732,0.688794,0.930925,0.739082,0.478747,0.460812,0.149792,0.102647,13.356962,20.254111,0.785881,0.226853,0.699003,0.726370,0.520416,0.542198,0.659663,0.701471,0.843411,0.488348,0.047648,44.283848,0.003213,0.011321,6.469575,0.004475,0.004453,0.000364,0.002485,8414023.600063,0.000000
-4733511.333942,1444492.662441,36658401.345341,34.701890,-0.306327,0.931283,0.960414,0.285440,0.011036,0.798364,0.950955,0.796915,0.344334,0.667248,0.683035,0.754558,0.298852,0.878133,0.827570,0.213088,0.801259,0.768014,0.962198,0.755170,0.508556,0.113193,0.021399,0.308105,0.035000,0.004153,0.641987,0.860444,0.835759,0.282684,0.277914,0.302306,0.250793,13.850717,20.572313,0.347719,0.229221,0.761190,0.674549,0.655924,0.584201,0.894645,0.815747,0.263854,0.372243,0.317395,45.298110,0.005663,0.004352,3.837081,0.004870,0.004879,0.000969,0.001880,4733511.333942,0.000000
-14919944.846292,1505125.557593,97302716.941205,45.466726,-1.729894,0.682446,0.763416,0.837863,0.665141,0.766715,0.694334,0.497403,0.233873,0.400827,0.356096,0.593983,0.397267,0.290461,0.748184,0.633404,0.715924,0.574407,0.387217,0.318480,0.434198,0.466842,0.595460,0.276868,0.123373,0.165936,0.650931,0.952512,0.955675,0.634525,0.428920,0.158865,0.225933,10.198686,15.300551,0.212712,0.221640,0.674722,0.831269,0.603939,0.726098,0.746447,0.945126,0.822697,0.473973,0.126586,34.533274,0.001082,0.006025,4.698054,0.003596,0.003624,0.000256,0.002593,14919944.846292,0.000000
-8875960.642141,1663921.898052,59885964.997613,38.569895,-1.778896,0.906856,0.969216,0.323876,0.704208,0.798654,0.592177,0.960115,0.495507,0.192207,0.673052,0.844817,0.704154,0.789290,0.729968,0.391321,0.586007,0.745471,0.988225,0.041283,0.344669,0.112979,0.069340,0.706149,0.026555,0.223263,0.612390,0.965941,0.963464,0.458842,0.430030,0.324136,0.225895,13.380768,13.948657,0.173416,0.257264,0.777767,0.777275,0.654521,0.665332,0.923210,0.928335,0.831176,0.402578,0.129926,41.430105,0.004622,0.000390,7.312919,0.003723,0.003755,0.000344,0.002505,8875960.642141,0.000000
-15253962.227553,2040541.623620,97167301.673638,42.234383,-1.821940,0.903825,0.975635,0.838186,0.664247,0.798324,0.963566,0.959051,0.233962,0.321190,0.670629,0.981214,0.698152,0.785097,0.854996,0.640094,0.714578,0.320528,0.984561,0.023422,0.286074,0.460754,0.595502,0.939025,0.002595,0.511821,0.693461,0.910396,0.978821,0.653878,0.466518,0.293580,0.196451,11.979035,4.869997,0.196216,0.204397,0.683715,0.734963,0.595204,0.601675,0.836441,0.847891,0.838288,0.473633,0.027704,37.765617,0.006850,0.000229,16.479744,0.004340,0.004350,0.000554,0.002295,15253962.227553,0.000000
-6493611.804148,1321467.314619,41230536.625538,41.434110,-0.565791,0.686054,0.763165,0.286019,0.011036,0.766386,0.950840,0.739807,0.345618,0.400744,0.771287,0.593802,0.298852,0.878468,0.748609,0.213088,0.783279,0.767418,0.374069,0.768334,0.503396,0.479104,0.021657,0.960110,0.122444,0.011661,0.650832,0.860558,0.981312,0.631449,0.307730,0.302306,0.221973,12.333598,20.344464,0.234207,0.251290,0.759464,0.711790,0.660885,0.621628,0.900854,0.861993,0.432089,0.464073,0.451064,38.565890,0.005935,0.006820,3.012661,0.004673,0.004670,0.000921,0.001928,6493611.804148,0.000000
-13535869.022583,1335795.515081,67805185.512998,63.755183,-1.809872,0.687827,0.977288,0.304994,0.002417,0.781308,0.800981,0.661042,0.228826,0.351027,0.793965,0.454459,0.706804,0.281875,0.171919,0.225281,0.570148,0.575307,0.985765,0.295768,0.730745,0.113652,0.207836,0.709144,0.354691,0.147676,0.644173,0.940423,0.975928,0.685749,0.448250,0.298557,0.237728,11.974496,16.180624,0.357752,0.237300,0.769452,0.800503,0.683374,0.709300,0.926104,0.943319,0.836325,0.487025,0.077963,16.244817,0.005021,0.005765,3.409714,0.004673,0.004693,0.000855,0.001994,13535869.022583,0.000000
-5362740.499065,1359678.376578,40814710.288715,36.646881,-0.550315,0.906207,0.998408,0.323826,0.070837,0.140266,0.742593,0.667589,0.498547,0.198479,0.134818,0.571317,0.702349,0.796780,0.202895,0.390304,0.519256,0.651318,0.979732,0.050161,0.751613,0.645586,0.201618,0.394922,0.047230,0.050582,0.046745,0.933856,0.954577,0.624364,0.369231,0.161778,0.169230,12.160455,19.001391,0.457757,0.216846,0.737788,0.731412,0.634730,0.629894,0.790840,0.769370,0.423232,0.470361,0.276560,43.353119,0.004030,0.004769,3.515180,0.004677,0.004694,0.000873,0.001976,5362740.499065,0.000000
-11396340.591624,1835873.506012,76907302.811535,36.898444,-1.427092,0.956334,0.835987,0.870245,0.674374,0.798203,0.688847,0.673301,0.271476,0.574757,0.321861,0.598481,0.693160,0.841075,0.747021,0.239861,0.772507,0.580456,0.971492,0.869240,0.517137,0.214320,0.021911,0.529650,0.007727,0.219827,0.650904,0.894401,0.976513,0.987118,0.410343,0.269922,0.210070,14.113671,14.128389,0.211781,0.218660,0.706295,0.789148,0.617924,0.686773,0.879745,0.916283,0.759994,0.604128,0.145035,43.101556,0.005156,0.004461,7.319389,0.003869,0.003878,0.000508,0.002341,11396340.591624,0.000000
-7389142.073953,1389153.563721,53484174.646210,39.624518,-1.296390,0.794940,0.971869,0.340737,0.372304,0.227687,0.588948,0.676827,0.567824,0.314089,0.203086,0.910547,0.311446,0.271917,0.153235,0.454222,0.685026,0.320730,0.422008,0.838305,0.903733,0.104348,0.628022,0.921629,0.079383,0.068674,0.043584,0.852477,0.902440,0.867817,0.411162,0.260978,0.195659,10.938242,18.135300,0.226594,0.239782,0.764452,0.786215,0.668004,0.691703,0.892408,0.918627,0.726482,0.586124,0.123745,40.375482,0.000621,0.015329,1.833169,0.003404,0.003428,0.000204,0.002645,7389142.073953,0.000000
-5890321.560047,1427239.060733,44305447.136108,34.376513,-0.254697,0.720925,0.759685,0.596479,0.064000,0.767820,0.854635,0.936011,0.227753,0.635114,0.380869,0.620120,0.296733,0.275738,0.861504,0.623640,0.686804,0.766718,0.984960,0.757162,0.502094,0.125708,0.021399,0.693345,0.029178,0.009511,0.660506,0.856051,0.974257,0.607245,0.273831,0.270141,0.225245,13.950698,20.408705,0.472248,0.234497,0.720734,0.657144,0.621878,0.569350,0.859345,0.795966,0.224849,0.457018,0.598798,45.623487,0.001464,0.026622,8.139884,0.004632,0.004643,0.000823,0.002026,5890321.560047,0.000000
-5143208.884624,1350910.556972,40396857.325569,36.909027,-1.478732,0.690272,0.998408,0.290335,0.071584,0.140266,0.649254,0.666338,0.501256,0.199838,0.080401,0.455527,0.702247,0.293059,0.223731,0.638619,0.573763,0.574145,0.982821,0.299204,0.751315,0.461302,0.207111,0.394922,0.052419,0.044185,0.046745,0.933676,0.960706,0.624269,0.459467,0.299607,0.169230,12.052929,19.177684,0.426906,0.285468,0.833275,0.819447,0.719971,0.727036,0.935326,0.943580,0.843544,0.468234,0.051544,43.090973,0.002866,0.017157,1.478732,0.004433,0.004458,0.000725,0.002124,5143208.884624,0.000000
-10060026.967220,1515445.382464,59720861.061329,41.236738,-1.423036,0.743440,0.620576,0.847655,0.060651,0.777144,0.939272,0.661429,0.267875,0.351167,0.133830,0.580956,0.678669,0.899872,0.373179,0.879939,0.783627,0.519476,0.431249,0.300892,0.699337,0.123385,0.155888,0.968094,0.119504,0.011420,0.003888,0.883969,0.951913,0.845062,0.414929,0.419789,0.443867,12.831063,20.292338,0.283136,0.265757,0.753268,0.786419,0.659514,0.687212,0.913590,0.933599,0.759019,0.558007,0.046538,38.763262,0.005984,0.010341,6.013567,0.003761,0.003789,0.000392,0.002457,10060026.967220,0.000000
-7752158.011137,1410076.163404,52992678.654739,42.131566,-1.816392,0.748596,0.973185,0.322247,0.070909,0.811598,0.740527,0.666654,0.225834,0.345644,0.829819,0.444075,0.390946,0.753748,0.171080,0.897490,0.519916,0.678143,0.828500,0.301666,0.504528,0.251225,0.507722,0.396701,0.086649,0.153364,0.693642,0.943376,0.975951,0.643605,0.447783,0.164516,0.099506,11.322094,15.671758,0.415868,0.266974,0.767324,0.793070,0.619429,0.639475,0.736846,0.772485,0.837389,0.470609,0.080229,37.868434,0.002985,0.011848,5.100587,0.004707,0.004722,0.000881,0.001968,7752158.011137,0.000000
-10709293.218681,1384124.577962,63643657.524904,48.382966,-0.385180,0.660870,0.858874,0.493370,0.072676,0.154787,0.898938,0.667170,0.573093,0.349761,0.323629,0.588427,0.466186,0.344138,0.185255,0.218280,0.473281,0.774759,0.787706,0.331223,0.726129,0.230634,0.217108,0.073814,0.128054,0.270264,0.006458,0.857824,0.632462,0.841992,0.287686,0.261275,0.211753,12.464055,12.425072,0.371507,0.161875,0.657254,0.684721,0.554088,0.595140,0.804030,0.830308,0.319672,0.508031,0.510922,31.617034,0.003391,0.004351,7.464680,0.004566,0.004573,0.000464,0.002385,10709293.218681,0.000000
-7727684.107833,1415946.121878,56031977.773719,36.010496,-1.715543,0.742442,0.758206,0.808132,0.166297,0.802529,0.697258,0.969244,0.583217,0.043249,0.313579,0.589161,0.418941,0.282335,0.214121,0.455247,0.771153,0.766375,0.420791,0.264914,0.675051,0.113170,0.210921,0.710429,0.046504,0.023370,0.610802,0.934625,0.961446,0.360313,0.435721,0.153816,0.202219,12.956824,19.865143,0.696941,0.250724,0.791417,0.769736,0.654514,0.672694,0.844591,0.864229,0.820134,0.364634,0.103089,43.989504,0.001958,0.011763,4.964259,0.004281,0.004303,0.000647,0.002202,7727684.107833,0.000000
-12181693.205224,1731575.707307,65876699.712471,42.920487,-1.681184,0.902002,0.975638,0.838186,0.685312,0.798150,0.762222,0.644970,0.566689,0.606469,0.127166,0.983508,0.678192,0.775067,0.765554,0.386748,0.579683,0.742326,0.207271,0.333085,0.291751,0.114909,0.102572,0.395867,0.079068,0.218605,0.639325,0.937398,0.960384,0.689963,0.428750,0.269169,0.225765,14.318129,14.146773,0.365052,0.209074,0.766583,0.791892,0.673101,0.683240,0.915420,0.919208,0.813847,0.494076,0.120290,37.079513,0.005278,0.002230,12.278247,0.004706,0.004674,0.000551,0.002298,12181693.205224,0.000000
-15260673.751757,1826917.618337,77816076.827624,44.069255,-1.822489,0.753996,0.834594,0.869937,0.673879,0.801005,0.694193,0.941405,0.235955,0.615279,0.095052,0.934223,0.313471,0.903613,0.171910,0.872927,0.714314,0.504789,0.990869,0.034757,0.685192,0.248117,0.972944,0.546634,0.033040,0.453259,0.034066,0.965729,0.948238,0.688321,0.443082,0.273442,0.214950,10.154926,6.315499,0.141611,0.181489,0.719169,0.765733,0.623646,0.658857,0.854614,0.897312,0.838377,0.497704,0.100084,35.930745,0.000337,0.000339,7.995840,0.003814,0.003798,0.000119,0.002730,15260673.751757,0.000000
-18818818.392369,1466663.424341,98589353.159606,63.778428,-1.798653,0.794312,0.972545,0.728228,0.122257,0.176366,0.893847,0.339726,0.137278,0.313139,0.387242,0.758052,0.466143,0.280594,0.763303,0.229433,0.467782,0.682884,0.231436,0.215641,0.738693,0.237405,0.476718,0.390152,0.299617,0.282666,0.750610,0.949248,0.969251,0.284751,0.441774,0.261099,0.250816,11.660624,11.913288,0.412757,0.219101,0.686970,0.816109,0.613791,0.681939,0.868580,0.950686,0.834478,0.332810,0.095889,16.221572,0.002212,0.003579,11.289434,0.004733,0.004707,0.000577,0.002272,18818818.392369,0.000000
-19916773.692643,1529824.625348,107258558.685169,66.684200,-1.480976,0.818341,0.758554,0.716284,0.436982,0.801301,0.941055,0.243899,0.350611,0.046880,0.320065,0.767049,0.582656,0.305469,0.194103,0.488750,0.767280,0.764408,0.645091,0.052495,0.022898,0.109757,0.033867,0.287328,0.302170,0.368124,0.090245,0.861588,0.897663,0.523966,0.435728,0.270097,0.249698,12.665462,9.747160,0.133707,0.150097,0.624747,0.828478,0.546174,0.702761,0.754078,0.948572,0.772584,0.449936,0.071194,13.315800,0.000765,0.001040,8.970327,0.003919,0.003947,0.000449,0.002400,19916773.692643,0.000000
-10582968.646425,1361904.862115,60821441.482057,56.369532,-1.645999,0.911630,0.979520,0.304688,0.071490,0.153215,0.735696,0.667831,0.290761,0.206260,0.094797,0.758901,0.816428,0.772491,0.976895,0.390304,0.776270,0.574947,0.985754,0.292696,0.716119,0.099936,0.163325,0.298751,0.319889,0.013013,0.641654,0.930087,0.954557,0.987089,0.450492,0.332201,0.214711,12.525880,20.274531,0.060933,0.251909,0.780388,0.812750,0.691636,0.718625,0.932802,0.949855,0.833133,0.609700,0.068781,23.630468,0.004192,0.010170,1.645999,0.004520,0.004537,0.000782,0.002067,10582968.646425,0.000000
-18512368.734357,1464203.529857,93694075.863300,76.664557,-1.836894,0.658175,0.855921,0.491526,0.072669,0.830681,0.742595,0.443798,0.150971,0.350227,0.335511,0.586892,0.660900,0.886204,0.175137,0.888969,0.784142,0.769149,0.986253,0.446981,0.031288,0.234077,0.198490,0.399725,0.477584,0.218970,0.858426,0.959769,0.977442,0.676074,0.442631,0.298601,0.248571,11.762097,14.123989,0.118484,0.183962,0.703393,0.835792,0.626972,0.736682,0.880879,0.959919,0.840689,0.482738,0.098520,3.335443,0.003074,0.033162,7.972172,0.004620,0.004624,0.000683,0.002166,18512368.734357,0.000000
-17880360.784327,1404092.698375,93683501.598167,70.304786,-1.831996,0.655399,0.974164,0.491526,0.072669,0.347711,0.137755,0.411264,0.126184,0.314965,0.239190,0.694050,0.587421,0.881927,0.845105,0.209417,0.714213,0.580270,0.963736,0.334855,0.684472,0.481013,0.358254,0.276716,0.429112,0.159067,0.609096,0.910141,0.741237,0.669053,0.468403,0.295691,0.104429,10.589572,15.763140,0.106733,0.182913,0.709516,0.789155,0.633923,0.646354,0.748020,0.801747,0.839906,0.532512,0.023881,9.695214,0.016179,0.006519,4.818611,0.004716,0.004686,0.000566,0.002283,17880360.784327,0.000000
-6470069.456186,1337204.964035,40591264.949673,41.434052,-0.306276,0.686054,0.763513,0.286019,0.011036,0.786607,0.950840,0.739499,0.345618,0.404940,0.208199,0.593802,0.807842,0.878133,0.986204,0.213088,0.788901,0.767038,0.374069,0.768334,0.286056,0.113514,0.021399,0.308105,0.122444,0.011661,0.616136,0.860444,0.836596,0.973955,0.277909,0.302092,0.250793,13.411238,20.352143,0.261810,0.223287,0.740937,0.690384,0.641360,0.599681,0.878176,0.831480,0.263817,0.590278,0.459728,38.565948,0.011520,0.006716,3.174135,0.004806,0.004817,0.000811,0.002038,6470069.456186,0.000000
-14182525.321684,1966802.516708,73798007.057105,42.398657,-1.727810,0.906726,0.975635,0.838186,0.664247,0.798324,0.649005,0.965896,0.233732,0.740602,0.682318,0.983292,0.704103,0.789290,0.856270,0.640107,0.717209,0.322147,0.984564,0.432865,0.286074,0.460754,0.595502,0.277141,0.026736,0.404515,0.693461,0.953099,0.960518,0.451623,0.428290,0.296160,0.194440,11.932644,8.111079,0.208551,0.201826,0.698392,0.708318,0.532375,0.539786,0.817188,0.827099,0.822327,0.400676,0.128322,37.601343,0.006869,0.007426,11.160191,0.004497,0.004502,0.000661,0.002188,14182525.321684,0.000000
-18700961.240795,1385577.282803,93344486.460954,76.744495,-1.835442,0.658998,0.973826,0.491526,0.072669,0.348302,0.732321,0.443798,0.129896,0.354313,0.138901,0.586892,0.466389,0.781847,0.175137,0.392508,0.784142,0.590045,0.986332,0.286013,0.031288,0.234077,0.199241,0.081097,0.478526,0.218970,0.855361,0.959305,0.960069,0.676146,0.442631,0.144654,0.248571,11.378450,14.105939,0.123667,0.167662,0.708066,0.837161,0.633915,0.740897,0.811567,0.930152,0.840457,0.488774,0.098321,3.255505,0.003074,0.016539,8.137594,0.004683,0.004661,0.000537,0.002312,18700961.240795,0.000000
-6634090.484411,1312915.736698,43253604.163351,41.662673,-0.200452,0.686054,0.763513,0.285432,0.075063,0.764402,0.690879,0.674019,0.345618,0.209773,0.371794,0.610718,0.298852,0.840653,0.748609,0.213088,0.788932,0.767418,0.391742,0.871247,0.518019,0.113193,0.197251,0.393287,0.124519,0.013000,0.650912,0.860444,0.974281,0.839364,0.266452,0.270141,0.250473,12.592096,20.158371,0.187890,0.230788,0.720453,0.702802,0.624224,0.609949,0.856068,0.838378,0.181640,0.547439,0.638705,38.337327,0.006378,0.006762,2.859587,0.004528,0.004524,0.000839,0.002010,6634090.484411,0.000000
-10409671.362601,1768631.326845,70297685.719654,36.906423,-1.490451,0.954793,0.975639,0.698864,0.667972,0.765358,0.135776,0.980354,0.489549,0.290394,0.242615,0.741919,0.678642,0.916761,0.256354,0.899658,0.781923,0.580359,0.983006,0.437498,0.016117,0.247337,0.003977,0.397280,0.010296,0.209398,0.695360,0.930935,0.745569,0.987270,0.402189,0.167914,0.220377,14.633125,14.448737,0.410871,0.189735,0.733041,0.776716,0.636339,0.680992,0.860404,0.922110,0.774729,0.526545,0.182685,43.093577,0.000697,0.015832,5.766258,0.004652,0.004654,0.000836,0.002013,10409671.362601,0.000000
-17861048.309706,1420316.764440,89827810.724272,76.756710,-1.506413,0.658998,0.856627,0.491526,0.072669,0.347711,0.458331,0.443798,0.129715,0.624710,0.138951,0.915074,0.466389,0.780550,0.175137,0.392508,0.784142,0.511729,0.986332,0.283241,0.031288,0.234077,0.199241,0.081097,0.478670,0.218970,0.855361,0.847102,0.931484,0.972067,0.447723,0.298601,0.248144,12.003107,14.104098,0.114278,0.171485,0.691149,0.835871,0.611765,0.731549,0.875557,0.961364,0.778296,0.616078,0.039342,3.243290,0.003074,0.016855,5.852731,0.004746,0.004737,0.000603,0.002246,17861048.309706,0.000000
-10052363.543355,1219838.623426,60806502.087193,68.507199,-1.647205,0.738970,0.974003,0.303223,0.066142,0.780458,0.624108,0.684551,0.484333,0.315897,0.386690,0.692906,0.415349,0.330995,0.364203,0.224786,0.785251,0.322285,0.100220,0.330277,0.507464,0.030148,0.929564,0.390126,0.479055,0.009836,0.772389,0.943422,0.934382,0.468658,0.442680,0.161179,0.200709,9.203591,19.782039,0.330195,0.197676,0.792837,0.820702,0.705747,0.729053,0.906043,0.951307,0.832335,0.415699,0.091377,11.492801,0.010444,0.003970,1.647205,0.004664,0.004682,0.000860,0.001989,10052363.543355,0.000000
-7408224.051532,1491627.117133,49339534.049952,38.101886,-0.837857,0.901223,0.969216,0.323876,0.704208,0.318917,0.694503,0.973334,0.496322,0.193086,0.798839,0.844817,0.701287,0.904165,0.729827,0.391321,0.584141,0.745471,0.604838,0.267563,0.344669,0.114909,0.069340,0.714049,0.078117,0.011275,0.612449,0.681850,0.752866,0.459132,0.430119,0.249211,0.226628,13.196072,20.361067,0.172295,0.208587,0.771218,0.757074,0.665966,0.654591,0.929888,0.921466,0.567363,0.474765,0.004277,41.898114,0.004620,0.005813,6.530636,0.003963,0.003973,0.000526,0.002323,7408224.051532,0.000000
-5082375.993833,1366813.318158,41170331.694140,36.172460,-1.246390,0.686054,0.953960,0.285973,0.074606,0.779503,0.852603,0.638869,0.340616,0.206286,0.376832,0.610718,0.382558,0.866960,0.155784,0.213088,0.300889,0.767418,0.421704,0.759679,0.511038,0.115692,0.020054,0.694016,0.052975,0.009928,0.650912,0.860444,0.974257,0.835112,0.399557,0.270141,0.251267,13.761032,20.376019,0.455030,0.282876,0.803833,0.769919,0.704825,0.677053,0.942415,0.922570,0.712459,0.545792,0.156341,43.827540,0.002478,0.002553,3.052667,0.004732,0.004746,0.000827,0.002022,5082375.993833,0.000000
-11909577.218049,1714431.174796,63997303.847408,42.847887,-1.856336,0.754780,0.834594,0.869937,0.670561,0.781397,0.694193,0.941405,0.567925,0.355809,0.048145,0.934223,0.674579,0.906506,0.092857,0.872927,0.714314,0.504789,0.967965,0.332338,0.685192,0.248117,0.069906,0.544985,0.078184,0.218991,0.644177,0.965689,0.948334,0.685904,0.442781,0.156358,0.214031,13.890858,14.165807,0.230970,0.186642,0.786564,0.774136,0.658778,0.664640,0.867132,0.897922,0.843756,0.496719,0.100735,37.152113,0.000122,0.010378,7.856232,0.004337,0.004351,0.000416,0.002433,11909577.218049,0.000000
-12911374.361194,1371269.021641,65712154.978718,63.548073,-1.811091,0.904061,0.977288,0.323672,0.010905,0.798055,0.802785,0.661042,0.226117,0.608797,0.869683,0.570249,0.706907,0.783534,0.158798,0.225281,0.518632,0.652480,0.227609,0.044666,0.731044,0.642485,0.209728,0.710793,0.349386,0.154073,0.644684,0.940602,0.975928,0.688260,0.448359,0.278784,0.238648,11.697138,15.997310,0.520649,0.226331,0.776673,0.797179,0.688887,0.706105,0.930330,0.941559,0.836524,0.488002,0.077805,16.451927,0.004077,0.003457,4.332460,0.004865,0.004877,0.000991,0.001858,12911374.361194,0.000000
-6628486.913761,1315568.180142,41316060.891028,41.591049,-0.303474,0.686054,0.763513,0.286019,0.075052,0.764402,0.951202,0.741479,0.345618,0.206286,0.314830,0.594069,0.298852,0.857930,0.748609,0.213088,0.788901,0.767418,0.389192,0.757162,0.508556,0.113193,0.021399,0.694016,0.124531,0.011661,0.650912,0.860444,0.974257,0.632185,0.277600,0.302516,0.250793,13.139808,20.343980,0.197476,0.240075,0.737795,0.687412,0.639476,0.597941,0.875430,0.828449,0.261751,0.466735,0.540613,38.408951,0.006249,0.006742,3.087266,0.004543,0.004539,0.000850,0.001999,6628486.913761,0.000000
-6456784.521162,1305417.711003,41836000.679774,41.433136,-0.306327,0.686054,0.763513,0.286019,0.011036,0.766767,0.852241,0.672280,0.345618,0.404940,0.366030,0.610451,0.298852,0.878093,0.748609,0.213088,0.788901,0.767418,0.374069,0.768334,0.508556,0.113193,0.021399,0.308105,0.122431,0.011661,0.650912,0.860444,0.836596,0.838628,0.277914,0.269931,0.250793,13.272537,20.343638,0.236064,0.224428,0.737130,0.705446,0.640006,0.614031,0.874962,0.845830,0.263854,0.590278,0.581881,38.566864,0.006324,0.006779,2.872758,0.004640,0.004636,0.000894,0.001955,6456784.521162,0.000000
-16492610.965685,1561901.183511,75771370.017914,61.638917,-1.473448,0.743515,0.974751,0.726785,0.072036,0.163989,0.644378,0.403107,0.486434,0.207369,0.387187,0.847659,0.666563,0.912700,0.995492,0.223359,0.701183,0.599758,0.967032,0.332552,0.338772,0.231316,0.019106,0.082375,0.300070,0.220357,0.641252,0.846839,0.969273,0.283372,0.442397,0.257035,0.251184,14.117096,14.210536,0.276820,0.177055,0.734029,0.799389,0.629777,0.632693,0.905053,0.929564,0.770866,0.332265,0.050411,18.361083,0.014427,0.005644,10.358453,0.004775,0.004744,0.000619,0.002230,16492610.965685,0.000000
-18134875.684864,1337968.735119,91747551.838678,73.856206,-1.203042,0.658998,0.855181,0.491526,0.072669,0.226173,0.463181,0.437162,0.132185,0.340108,0.138901,0.758152,0.459798,0.781847,0.175137,0.454321,0.778103,0.769149,0.436849,0.287706,0.031288,0.234077,0.195307,0.396075,0.478526,0.148309,0.855361,0.845543,0.958799,0.245726,0.400371,0.262040,0.112519,11.635294,16.224964,0.230390,0.179396,0.657542,0.762753,0.555624,0.560529,0.781057,0.831429,0.699720,0.320516,0.147252,6.143794,0.003074,0.020016,5.081112,0.004747,0.004746,0.000680,0.002169,18134875.684864,0.000000
-8985854.319162,1622655.700309,58179084.504577,37.603286,-1.373722,0.953944,0.760605,0.726465,0.074655,0.713920,0.750672,0.937025,0.325916,0.239871,0.816553,0.756856,0.676529,0.267275,0.187449,0.240977,0.789385,0.580239,0.958587,0.301202,0.018424,0.213472,0.353072,0.547980,0.014138,0.225019,0.699107,0.862986,0.967162,0.862693,0.417861,0.333002,0.220340,12.821378,13.646399,0.506909,0.257071,0.756839,0.747278,0.660880,0.653260,0.916646,0.910300,0.746837,0.559188,0.112505,42.396714,0.001967,0.004854,8.341175,0.004382,0.004399,0.000850,0.001999,8985854.319162,0.000000
-19118227.432102,1451202.636862,98691133.527537,63.821723,-1.582860,0.794312,0.972527,0.728228,0.122257,0.177034,0.893847,0.339726,0.137278,0.313147,0.387242,0.758052,0.466143,0.280594,0.763303,0.229433,0.467782,0.576557,0.231436,0.215641,0.690140,0.237405,0.624292,0.087938,0.299617,0.282666,0.750610,0.930208,0.969251,0.284751,0.416778,0.261099,0.100909,10.992236,11.792277,0.411584,0.214263,0.667454,0.715689,0.490810,0.498901,0.660743,0.741663,0.794613,0.332810,0.145599,16.178277,0.002212,0.003729,11.340718,0.004736,0.004710,0.000580,0.002269,19118227.432102,0.000000
-6000281.523477,1440889.126520,40663864.074960,38.626071,-1.435759,0.788294,0.980973,0.305180,0.052569,0.656182,0.937892,0.884614,0.513507,0.209178,0.758277,0.883998,0.475071,0.929277,0.749005,0.388479,0.783313,0.742844,0.985050,0.296345,0.480839,0.247295,0.203296,0.976853,0.076740,0.037661,0.641580,0.949938,0.954513,0.353515,0.385127,0.235927,0.221668,12.638176,19.429867,0.348053,0.257417,0.817315,0.755295,0.668683,0.668264,0.939143,0.909199,0.762065,0.364047,0.238036,41.373929,0.014425,0.012397,5.232882,0.004790,0.004803,0.000928,0.001921,6000281.523477,0.000000
-18439320.873477,1435686.608104,90030956.685484,76.442008,-1.492046,0.658175,0.971611,0.491526,0.063474,0.177478,0.742390,0.443798,0.150975,0.348403,0.333128,0.755126,0.660900,0.268243,0.169676,0.918238,0.776956,0.782409,0.986253,0.438831,0.468773,0.234124,0.477119,0.399418,0.473757,0.218970,0.858426,0.852084,0.977442,0.676074,0.442631,0.298601,0.248571,10.563278,13.881623,0.228065,0.176428,0.689676,0.815153,0.610310,0.714236,0.873558,0.951455,0.775088,0.482738,0.052173,3.557992,0.003092,0.030869,7.921887,0.004772,0.004791,0.000826,0.002023,18439320.873477,0.000000
-6313047.556203,1305990.022053,42282661.750828,41.122471,-0.306539,0.657350,0.763513,0.286019,0.010420,0.766767,0.683728,0.739621,0.356952,0.403362,0.366037,0.571981,0.392722,0.878133,0.748609,0.213088,0.788787,0.767418,0.374069,0.790550,0.508556,0.246033,0.031319,0.308564,0.118271,0.011661,0.694822,0.860509,0.734000,0.631449,0.277914,0.302306,0.255297,12.952164,20.334013,0.252844,0.223235,0.735939,0.715124,0.638826,0.621887,0.873950,0.854771,0.264010,0.548429,0.397238,38.877529,0.010226,0.007214,3.083119,0.004808,0.004806,0.000854,0.001995,6313047.556203,0.000000
-15337202.061638,2030885.601007,76532037.308568,41.803470,-1.534816,0.954796,0.973089,0.870039,0.674239,0.782589,0.788306,0.980386,0.289759,0.420151,0.214601,0.757234,0.677158,0.919704,0.839942,0.882082,0.793110,0.582534,0.983006,0.036981,0.016117,0.214320,0.593168,0.551422,0.010296,0.451877,0.695574,0.931183,0.958723,0.691323,0.408844,0.331982,0.210363,12.322859,6.671143,0.213723,0.201132,0.721833,0.727315,0.622793,0.628768,0.868381,0.874170,0.784505,0.495191,0.165743,38.196530,0.006472,0.000364,12.357442,0.004082,0.004088,0.000481,0.002368,15337202.061638,0.000000
-8308772.473936,1522491.864483,59381305.940154,34.210763,-1.965325,0.656235,0.973256,0.861107,0.066053,0.812705,0.675220,0.665988,0.535198,0.398055,0.793877,0.571484,0.674497,0.238248,0.175320,0.911491,0.644743,0.593288,0.834716,0.301303,0.857682,0.251213,0.007233,0.396939,0.018034,0.043004,0.643432,0.939077,0.737334,0.643605,0.475637,0.160122,0.102386,14.484470,19.438841,0.893857,0.233777,0.723280,0.749669,0.571216,0.591677,0.666887,0.715252,0.859890,0.520312,0.021536,45.789237,0.001229,0.017300,8.294805,0.004702,0.004709,0.000781,0.002068,8308772.473936,0.000000
-7927608.071860,1216612.411381,61336131.283708,54.181337,-1.145478,0.739387,0.755588,0.304045,0.076950,0.227687,0.581857,0.676827,0.567824,0.315879,0.139763,0.850665,0.459773,0.330753,0.144999,0.448615,0.775701,0.459935,0.139185,0.838305,0.297906,0.108242,0.628022,0.909714,0.288345,0.014665,0.033735,0.844641,0.933846,0.683687,0.442858,0.300468,0.099611,9.735646,19.832398,0.240807,0.229580,0.766773,0.821698,0.680476,0.697280,0.811919,0.842977,0.769851,0.500984,0.048489,25.818663,0.002159,0.006216,1.145478,0.004381,0.004403,0.000713,0.002136,7927608.071860,0.000000
-14076907.963992,1588708.002707,69126969.758925,46.786385,-0.463443,0.824070,0.770652,0.808417,0.085769,0.802106,0.727891,0.690619,0.581839,0.043249,0.095380,0.589131,0.418387,0.282335,0.752305,0.883204,0.771153,0.766375,0.963863,0.328889,0.289554,0.124718,0.990451,0.298388,0.078814,0.380773,0.032041,0.934625,0.960276,0.367041,0.435941,0.157179,0.199113,9.661695,8.485574,0.230967,0.149149,0.620225,0.715760,0.523567,0.592948,0.603843,0.742488,0.370886,0.367620,0.102591,33.213615,0.001353,0.037883,6.070177,0.003669,0.003691,0.000264,0.002585,14076907.963992,0.000000
-11541532.200120,1472501.514267,76929969.972369,38.649103,-0.988997,0.741121,0.960981,0.838444,0.698215,0.147809,0.755032,0.668635,0.516578,0.209336,0.311078,0.744656,0.389102,0.291606,0.266934,0.468650,0.575422,0.570914,0.436190,0.027172,0.296428,0.113299,0.595957,0.712686,0.074648,0.042222,0.183335,0.937469,0.962355,0.694640,0.417409,0.158173,0.215144,10.923678,19.012185,0.765887,0.205720,0.622536,0.770533,0.535226,0.659383,0.601679,0.814206,0.628050,0.495217,0.147352,41.350897,0.000702,0.000246,11.035468,0.004713,0.004722,0.000589,0.002260,11541532.200120,0.000000
-15916005.136515,1425290.166369,78813485.522719,56.439772,-1.890520,0.903693,0.974427,0.724913,0.071584,0.765220,0.952795,0.443514,0.261084,0.330564,0.209687,0.421681,0.407146,0.917733,0.370077,0.408717,0.783278,0.599733,0.205845,0.341244,0.358472,0.249002,0.488887,0.965293,0.311939,0.030162,0.694921,0.930429,0.986887,0.658650,0.467350,0.295194,0.100964,11.317407,19.521731,0.597335,0.245361,0.750080,0.785091,0.636675,0.642844,0.748841,0.786851,0.849007,0.472751,0.034271,23.560228,0.004092,0.005034,11.549077,0.004572,0.004572,0.000782,0.002067,15916005.136515,0.000000
-16926703.797150,1416570.599630,90441477.300635,67.678935,-1.578019,0.656407,0.974124,0.489630,0.669165,0.350587,0.446816,0.443793,0.237598,0.311533,0.144047,0.703635,0.466473,0.789078,0.150107,0.391213,0.695510,0.576335,0.986332,0.836234,0.031152,0.234428,0.077670,0.081632,0.473806,0.006825,0.754598,0.930110,0.932265,0.972949,0.416069,0.298624,0.103227,11.440735,20.634474,0.019884,0.181469,0.692831,0.812583,0.616762,0.698638,0.759897,0.797303,0.793616,0.600854,0.147286,12.321065,0.000270,0.015225,7.356751,0.004491,0.004484,0.000570,0.002279,16926703.797150,0.000000
-13776457.783761,1685595.583714,90687974.185981,42.730739,-1.863400,0.696210,0.973531,0.869840,0.073751,0.208725,0.745117,0.403711,0.332270,0.204093,0.208179,0.587195,0.705827,0.786865,0.728688,0.396048,0.754275,0.602211,0.076884,0.330785,0.296300,0.110897,0.628381,0.396552,0.027029,0.419077,0.444103,0.938785,0.969695,0.467272,0.458148,0.166673,0.223777,11.981023,7.588541,0.479755,0.209562,0.671805,0.807811,0.573790,0.650365,0.693388,0.918297,0.844856,0.403916,0.056392,37.269261,0.009803,0.001135,9.248163,0.004195,0.004166,0.000104,0.002745,13776457.783761,0.000000
-12859907.828504,1430326.246903,66185339.235966,56.007460,-0.601136,0.743515,0.777229,0.726785,0.000147,0.765440,0.462284,0.663569,0.488904,0.250897,0.816739,0.822766,0.464425,0.876492,0.725623,0.223939,0.783402,0.576172,0.985365,0.296949,0.338772,0.247392,0.478005,0.397661,0.314393,0.011748,0.641701,0.668737,0.952283,0.993477,0.400422,0.270468,0.222568,11.628825,20.118624,0.285469,0.165305,0.701047,0.774750,0.603000,0.664286,0.880752,0.929166,0.451811,0.616187,0.063935,23.992540,0.007377,0.006614,3.768718,0.004765,0.004771,0.000850,0.001999,12859907.828504,0.000000
-5030807.971145,1346083.513108,41656253.431810,35.630513,-0.166192,0.556055,0.757901,0.351142,0.068160,0.779273,0.188532,0.670229,0.585868,0.417255,0.313594,0.586538,0.414845,0.901890,0.360864,0.477839,0.788867,0.766029,0.967203,0.273661,0.497917,0.114349,0.155311,0.966341,0.046490,0.006158,0.612510,0.931440,0.740706,0.478103,0.461008,0.162498,0.101938,12.995948,20.377254,0.432752,0.258992,0.760482,0.799892,0.588944,0.620916,0.769638,0.817383,0.843845,0.487454,0.047461,44.369487,0.010365,0.028160,0.166192,0.004793,0.004787,0.000726,0.002123,5030807.971145,0.000000
-13783373.687795,1327067.975269,67436270.031926,63.861502,-1.791575,0.895253,0.751670,0.323672,0.001510,0.779766,0.802785,0.661042,0.226117,0.349668,0.805557,0.589423,0.706907,0.786427,0.172103,0.225281,0.518332,0.652480,0.977253,0.042433,0.719873,0.642485,0.207836,0.709144,0.353874,0.152580,0.644173,0.934636,0.975928,0.685844,0.448250,0.157241,0.238028,10.485321,16.036917,0.243025,0.202627,0.774028,0.810021,0.686065,0.718744,0.851386,0.922100,0.833303,0.487062,0.075501,16.138498,0.005070,0.003526,5.430546,0.004827,0.004834,0.000970,0.001879,13783373.687795,0.000000
-13979060.127750,1566167.791461,70716580.861173,46.386432,-0.995512,0.752034,0.984105,0.808132,0.075833,0.799496,0.727891,0.690619,0.583217,0.043249,0.330372,0.569957,0.418610,0.282335,0.269764,0.455247,0.771452,0.766375,0.420791,0.333182,0.318562,0.113170,0.990451,0.712947,0.074110,0.382266,0.180905,0.940591,0.960355,0.360313,0.435767,0.161638,0.198813,9.592563,8.434400,0.599859,0.168856,0.656073,0.738441,0.557478,0.602720,0.668798,0.777526,0.630466,0.364961,0.105589,33.613568,0.002006,0.013989,9.580699,0.004307,0.004316,0.000361,0.002488,13979060.127750,0.000000
-10798183.523115,1511443.852783,70777635.746645,41.561575,-0.596344,0.686054,0.975289,0.697011,0.657731,0.766767,0.950840,0.789287,0.232713,0.674959,0.366037,0.595865,0.303355,0.880086,0.748609,0.213088,0.788901,0.574892,0.374069,0.768334,0.508556,0.113193,0.021399,0.554436,0.122444,0.016800,0.650912,0.951192,0.836596,0.282988,0.277849,0.302306,0.250793,13.807845,20.290336,0.334317,0.198552,0.641132,0.701105,0.561023,0.611344,0.775281,0.836749,0.449178,0.372102,0.317608,38.438425,0.002589,0.006726,9.010997,0.004474,0.004459,0.000475,0.002374,10798183.523115,0.000000
-4822500.545667,1448731.565664,37115742.352688,34.934350,-0.292840,0.933132,0.961305,0.285440,0.011036,0.798364,0.950955,0.791942,0.340232,0.667248,0.683035,0.754558,0.298852,0.878133,0.843378,0.213349,0.801259,0.765876,0.962198,0.755170,0.508523,0.113180,0.021399,0.309269,0.035000,0.015287,0.641987,0.860444,0.836791,0.282684,0.276431,0.302306,0.251815,13.869692,20.237896,0.336344,0.227804,0.758209,0.672990,0.653071,0.582527,0.891850,0.813454,0.253858,0.371915,0.312975,45.065650,0.005646,0.004343,3.810785,0.004858,0.004867,0.000962,0.001887,4822500.545667,0.000000
-6805859.925702,1362501.960204,48771023.487695,37.788222,-1.494039,0.719076,0.762748,0.592172,0.064000,0.264380,0.853551,0.940983,0.488417,0.635114,0.380826,0.619081,0.457727,0.274990,0.138230,0.213071,0.776104,0.768021,0.133836,0.326704,0.507456,0.108250,0.021399,0.692852,0.076215,0.004201,0.660506,0.856051,0.933495,0.606961,0.440822,0.270141,0.250805,14.126883,20.582585,0.968104,0.277467,0.797998,0.765444,0.702320,0.675698,0.942750,0.924343,0.775536,0.470735,0.057744,42.211778,0.002169,0.003080,8.034212,0.004687,0.004703,0.000760,0.002089,6805859.925702,0.000000
-4871320.215543,1314826.512463,35833058.543864,35.780398,-0.849237,0.748272,0.740364,0.304729,0.010858,0.760329,0.802399,0.968588,0.496309,0.313107,0.371705,0.570287,0.704693,0.259988,0.708971,0.236713,0.595769,0.689438,0.412567,0.299595,0.670602,0.108259,0.208598,0.721154,0.046749,0.011774,0.611830,0.686806,0.975794,0.264703,0.429149,0.155238,0.251670,13.114431,20.159048,0.510778,0.248820,0.815139,0.740630,0.701041,0.647418,0.899867,0.879509,0.572259,0.323137,0.008492,44.219602,0.008729,0.005476,3.963188,0.004698,0.004720,0.000878,0.001971,4871320.215543,0.000000
-6091682.305042,1519261.588134,43127921.619746,34.194761,-0.245068,0.954782,0.761342,0.349648,0.675213,0.260793,0.853450,0.889952,0.299683,0.637503,0.115212,0.913090,0.429607,0.290341,0.972663,0.561372,0.685790,0.509082,0.395540,0.839238,0.502094,0.123891,0.478786,0.394790,0.026328,0.006995,0.647906,0.845984,0.931891,0.980428,0.276380,0.433070,0.438730,11.411535,20.111613,0.091820,0.234895,0.713806,0.669842,0.607554,0.571367,0.854584,0.811203,0.217349,0.619226,0.107910,45.805239,0.003668,0.015522,2.494022,0.003279,0.003291,0.000058,0.002791,6091682.305042,0.000000
-11744672.523150,1810351.641662,76731645.851344,38.447154,-1.871952,0.905544,0.978258,0.869874,0.677239,0.261884,0.786549,0.935276,0.288488,0.284884,0.208500,0.760225,0.502412,0.907427,0.993516,0.215416,0.776889,0.578823,0.566907,0.454014,0.287665,0.244167,0.003241,0.397215,0.026229,0.219209,0.616181,0.928363,0.967073,0.987118,0.465272,0.264763,0.226056,14.521345,14.170022,0.318283,0.229570,0.743033,0.771931,0.655002,0.679114,0.911713,0.929106,0.846177,0.607831,0.037571,41.552846,0.006554,0.004162,12.291838,0.004513,0.004518,0.000519,0.002330,11744672.523150,0.000000
-18785689.147219,1470373.478524,97740820.281656,63.778428,-1.798653,0.901726,0.972545,0.728228,0.122257,0.176366,0.893847,0.344048,0.144917,0.313139,0.387242,0.756356,0.466143,0.281236,0.728760,0.234705,0.463673,0.682884,0.231436,0.215641,0.759419,0.115053,0.476718,0.394582,0.299617,0.282666,0.748316,0.949248,0.752022,0.466800,0.441774,0.261099,0.226272,11.884846,11.916000,0.423106,0.197700,0.690362,0.818312,0.616845,0.701931,0.871196,0.948676,0.834478,0.478350,0.095889,16.221572,0.002247,0.003074,11.865553,0.004755,0.004764,0.000719,0.002130,18785689.147219,0.000000
-7844738.040701,1557120.523825,56461504.016294,34.154331,-1.575634,0.739180,0.621700,0.870018,0.589310,0.243945,0.692182,0.987753,0.289752,0.289993,0.838851,0.741919,0.384706,0.326431,0.170218,0.907324,0.793139,0.602296,0.987947,0.435649,0.050498,0.213416,0.031036,0.550479,0.025474,0.012160,0.681533,0.931183,0.986269,0.576448,0.415166,0.330816,0.210363,13.592230,20.353226,0.335070,0.278117,0.775129,0.778453,0.682068,0.685096,0.926321,0.928126,0.793124,0.441085,0.149989,45.845669,0.000403,0.017484,2.862859,0.003808,0.003837,0.000612,0.002237,7844738.040701,0.000000
-18486284.592611,1481632.960314,100160885.959539,61.954287,-1.797114,0.689569,0.972545,0.733925,0.122235,0.837995,0.694930,0.338300,0.137278,0.313139,0.376180,0.758052,0.311347,0.839860,0.202122,0.320405,0.467888,0.682884,0.231436,0.215641,0.750717,0.237405,0.476718,0.388446,0.299622,0.227034,0.750610,0.948759,0.968740,0.490477,0.441774,0.297557,0.250816,11.615369,13.594693,0.406255,0.224283,0.681504,0.829440,0.608622,0.727007,0.864322,0.957085,0.834223,0.413276,0.095678,18.045713,0.002329,0.004827,8.636741,0.004514,0.004486,0.000387,0.002462,18486284.592611,0.000000
-15450894.774630,1460315.730366,97961475.178212,55.987372,-1.993871,0.737719,0.973014,0.724913,0.071584,0.791130,0.619163,0.352349,0.261085,0.327060,0.209687,0.913204,0.402630,0.917733,0.369705,0.210019,0.783454,0.320475,0.990869,0.333284,0.354961,0.248295,0.358398,0.383474,0.311939,0.017764,0.697033,0.963235,0.978710,0.674951,0.467350,0.295627,0.104461,12.111384,20.033515,0.526854,0.243983,0.699027,0.776931,0.626399,0.637509,0.723767,0.784750,0.863833,0.481866,0.047719,24.012628,0.004587,0.006458,9.539306,0.004854,0.004827,0.000685,0.002164,15450894.774630,0.000000
-9404566.278696,1481882.836900,59331562.413067,39.472128,-1.837032,0.756339,0.776615,0.869840,0.000051,0.208725,0.744925,0.664174,0.319725,0.250284,0.816782,0.827635,0.705827,0.786865,0.728688,0.224715,0.572007,0.604021,0.076884,0.295181,0.706826,0.110916,0.170966,0.396552,0.093103,0.020725,0.559952,0.929927,0.935226,0.467272,0.458433,0.298840,0.214692,13.455799,19.997997,0.584787,0.274050,0.788694,0.821384,0.690981,0.701786,0.938059,0.946602,0.840711,0.414878,0.052108,40.527872,0.012432,0.000921,7.458130,0.004722,0.004731,0.000785,0.002064,9404566.278696,0.000000
-7561936.951293,1372097.724627,58049853.082408,37.470776,-0.542096,0.794312,0.776038,0.727466,0.370856,0.176366,0.940489,0.661297,0.136911,0.596765,0.387242,0.437329,0.473354,0.324396,0.995720,0.388022,0.772904,0.320313,0.233513,0.347618,0.921351,0.208328,0.045127,0.390074,0.070214,0.009855,0.084083,0.852403,0.902280,0.294923,0.308084,0.261099,0.099402,13.694642,20.402972,0.447005,0.212522,0.700096,0.736083,0.483615,0.512953,0.689927,0.754494,0.418472,0.356558,0.444823,42.529224,0.002462,0.003914,8.206846,0.003994,0.004013,0.000605,0.002244,7561936.951293,0.000000
-5478605.036755,1308499.401425,45864032.306780,39.280239,-1.711617,0.742442,0.758554,0.302792,0.075833,0.790956,0.727891,0.690619,0.738023,0.032956,0.313579,0.589131,0.461978,0.282786,0.269947,0.318483,0.771117,0.766375,0.420791,0.328889,0.754484,0.113237,0.990454,0.719497,0.078599,0.053037,0.181864,0.933296,0.960345,0.360313,0.435767,0.264840,0.118981,8.684466,18.283987,0.516129,0.267254,0.780156,0.806286,0.596251,0.627403,0.841054,0.876251,0.819426,0.364964,0.102406,40.719761,0.006526,0.010013,3.803995,0.004589,0.004610,0.000800,0.002049,5478605.036755,0.000000
-6998986.333558,1573731.414313,50497774.729979,34.661722,-1.705907,0.955187,0.998712,0.698864,0.016186,0.759296,0.741347,0.798857,0.342695,0.666188,0.239689,0.741919,0.393005,0.883589,0.367024,0.207481,0.801246,0.773083,0.983039,0.557652,0.508885,0.126044,0.201546,0.546744,0.034031,0.004094,0.695994,0.965633,0.753633,0.987159,0.418579,0.333590,0.106806,13.295344,20.468363,0.870044,0.262263,0.786787,0.784685,0.673272,0.685728,0.774140,0.784534,0.818392,0.517130,0.157244,45.338278,0.004679,0.003858,12.175140,0.005077,0.005077,0.000955,0.001894,6998986.333558,0.000000
-7842718.904445,1383154.807920,48389146.241421,41.676565,-1.486910,0.694972,0.769549,0.284764,0.361174,0.756319,0.794925,0.661061,0.350944,0.313538,0.980094,0.608640,0.413138,0.790005,0.953320,0.224813,0.785081,0.601185,0.982809,0.279753,0.496242,0.111535,0.155383,0.691822,0.124985,0.012525,0.644108,0.943430,0.907850,0.466218,0.395708,0.266806,0.238016,12.421609,20.231990,0.101803,0.262765,0.796649,0.804259,0.703465,0.710050,0.936711,0.940793,0.773930,0.423379,0.205722,38.323435,0.011077,0.007459,3.729720,0.004193,0.004200,0.000616,0.002233,7842718.904445,0.000000
-10795660.351978,1248307.479111,68363963.617418,58.533500,-0.805339,0.904845,0.977311,0.323672,0.031820,0.224499,0.207336,0.664175,0.226117,0.357079,0.343450,0.570249,0.706907,0.902639,0.402316,0.225281,0.518632,0.652921,0.977253,0.046725,0.732684,0.642485,0.207836,0.983493,0.349386,0.010974,0.612455,0.939362,0.975232,0.264707,0.306125,0.161700,0.237727,10.489953,20.299073,0.220589,0.184470,0.680243,0.781065,0.604361,0.688563,0.829715,0.913262,0.553064,0.323297,0.363480,21.466500,0.011304,0.003484,2.606341,0.004788,0.004801,0.000933,0.001916,10795660.351978,0.000000
-13988771.927271,1591431.818265,66162044.647913,70.095763,-1.843103,0.937275,0.991482,0.332815,0.000170,0.765632,0.932802,0.654304,0.237982,0.662538,0.817018,0.825068,0.705827,0.920622,0.374758,0.237272,0.774009,0.747373,0.983332,0.041446,0.295973,0.250955,0.477792,0.396552,0.312079,0.439315,0.644173,0.931842,0.953018,0.685887,0.458433,0.432923,0.111270,11.241250,7.210107,0.105286,0.214735,0.754079,0.761250,0.613578,0.617937,0.774574,0.783827,0.841675,0.495062,0.052907,9.904237,0.021026,0.004622,5.809034,0.004568,0.004584,0.000805,0.002044,13988771.927271,0.000000
-10576387.006510,1453350.983455,73731953.084114,38.109198,-1.352664,0.684510,0.761227,0.809312,0.711720,0.848395,0.728585,0.691494,0.584649,0.335230,0.830567,0.592943,0.414923,0.272840,0.730204,0.455229,0.780545,0.315067,0.421934,0.312331,0.295057,0.113654,0.152042,0.282889,0.078504,0.009582,0.614752,0.860612,0.958866,0.456081,0.415777,0.157121,0.201168,13.093855,20.367444,0.354991,0.221882,0.717746,0.794562,0.634828,0.677556,0.800934,0.918444,0.741449,0.402942,0.116375,41.890802,0.001112,0.005884,5.715267,0.004025,0.004047,0.000623,0.002226,10576387.006510,0.000000
-10654873.076266,1547052.568568,70414023.661528,47.216694,-1.961219,0.656235,0.973171,0.359657,0.070061,0.811585,0.740527,0.666646,0.149230,0.737578,0.681100,0.444075,0.705630,0.327099,0.857587,0.897490,0.719803,0.677502,0.829566,0.384457,0.285762,0.250299,0.595150,0.396701,0.078678,0.403693,0.693467,0.952745,0.976202,0.454366,0.467394,0.272788,0.096217,11.234880,8.077265,0.198550,0.259847,0.701713,0.726905,0.513455,0.532373,0.654349,0.713978,0.859313,0.396855,0.043331,32.783306,0.008002,0.022427,5.444528,0.004388,0.004410,0.000687,0.002162,10654873.076266,0.000000
-20913568.853054,1856385.765290,92208309.405763,53.183479,-1.409816,0.956547,0.972378,0.862188,0.069432,0.774993,0.940580,0.406601,0.234023,0.315485,0.103741,0.909029,0.355615,0.351292,0.992694,0.361764,0.783262,0.590635,0.983263,0.833257,0.335056,0.212791,0.927892,0.393796,0.088760,0.616524,0.693169,0.864795,0.982684,0.280076,0.422622,0.298636,0.221236,11.062160,1.434153,0.211032,0.192739,0.670795,0.742775,0.543475,0.549663,0.855026,0.881957,0.755812,0.327172,0.102173,26.816521,0.000966,0.007825,14.293845,0.004366,0.004379,0.000378,0.002471,20913568.853054,0.000000
-18770714.813941,1751350.886973,81464542.182965,51.903493,-0.583083,0.687787,0.978465,0.852044,0.074881,0.749892,0.933220,0.664839,0.340622,0.210877,0.773747,0.419668,0.583450,0.286375,0.368394,0.353353,0.783260,0.602505,0.983263,0.756235,0.503171,0.479842,0.030433,0.972213,0.077776,0.617940,0.641580,0.865106,0.982277,0.601499,0.308028,0.236116,0.234556,14.124939,2.144187,0.239401,0.161653,0.614026,0.667014,0.528270,0.572735,0.767115,0.820745,0.441825,0.452118,0.452555,28.096507,0.002085,0.012764,10.742351,0.003367,0.003385,0.000013,0.002836,18770714.813941,0.000000
-11286865.856413,1633517.450356,70786177.958168,40.361146,-1.728403,0.892488,0.976192,0.837521,0.117363,0.781062,0.893260,0.895799,0.576365,0.096832,0.323629,0.588477,0.465500,0.344138,0.865235,0.227006,0.689651,0.686421,0.787706,0.119766,0.740025,0.245083,0.852122,0.396019,0.034949,0.267989,0.022464,0.950399,0.964425,0.831481,0.443716,0.260922,0.225671,10.300821,11.970461,0.549175,0.213912,0.722198,0.717823,0.630202,0.626900,0.854170,0.850979,0.822432,0.548008,0.092096,39.638854,0.002234,0.004023,12.469819,0.004440,0.004448,0.000579,0.002270,11286865.856413,0.000000
-17890740.004498,1496676.627299,87244271.677344,59.802935,-0.540393,0.794312,0.972342,0.724907,0.370856,0.176366,0.940489,0.339726,0.257278,0.311152,0.387242,0.756986,0.471109,0.280594,0.995720,0.225995,0.776950,0.320337,0.884308,0.829342,0.476755,0.231717,0.476235,0.970265,0.299450,0.161872,0.609375,0.853620,0.969474,0.285851,0.307402,0.299924,0.099402,11.666531,15.586401,0.171058,0.166559,0.595160,0.663039,0.436027,0.442446,0.597696,0.664269,0.417481,0.333175,0.448282,20.197065,0.001643,0.006152,11.512099,0.004753,0.004759,0.000664,0.002185,17890740.004498,0.000000
-13901250.711425,1369862.921969,67888578.128328,63.497325,-1.810438,0.904845,0.976381,0.323672,0.005647,0.792676,0.802785,0.662209,0.226117,0.349668,0.822425,0.569812,0.706907,0.765633,0.171919,0.225281,0.518632,0.652687,0.977253,0.327777,0.752814,0.642485,0.207836,0.709144,0.349386,0.152642,0.644250,0.940602,0.975928,0.666640,0.448250,0.161700,0.237728,11.054652,16.048484,0.311641,0.197640,0.774656,0.801960,0.688755,0.711595,0.862416,0.922012,0.836418,0.479585,0.078040,16.502675,0.004886,0.003449,5.372540,0.004890,0.004903,0.000988,0.001861,13901250.711425,0.000000
-6408354.697947,1328447.612055,40726375.929296,41.392441,-1.829156,0.686054,0.763513,0.286109,0.011036,0.766767,0.950840,0.739807,0.345618,0.404940,0.366229,0.593802,0.298852,0.880936,0.748609,0.213088,0.788901,0.767418,0.377056,0.331545,0.508549,0.113193,0.033826,0.311921,0.122444,0.009873,0.773308,0.947057,0.748189,0.631449,0.447976,0.302306,0.250520,13.157859,20.386056,0.283756,0.287147,0.835475,0.805002,0.738953,0.714020,0.960339,0.945566,0.839451,0.521695,0.081378,38.607559,0.006181,0.006776,3.089923,0.004634,0.004631,0.000889,0.001960,6408354.697947,0.000000
-18543981.091251,1840061.143538,78954558.030818,51.064851,-0.583083,0.685153,0.977650,0.852044,0.074881,0.649530,0.936188,0.664839,0.340622,0.210877,0.773747,0.855680,0.387014,0.923173,0.368429,0.352912,0.783259,0.602505,0.983263,0.763896,0.503171,0.479842,0.018014,0.972213,0.076756,0.585797,0.641580,0.865106,0.982277,0.601499,0.308028,0.235903,0.222337,14.669157,3.128567,0.192123,0.155532,0.626885,0.677249,0.537427,0.579720,0.780849,0.830459,0.441825,0.452118,0.452555,28.935149,0.003205,0.012921,11.461785,0.004263,0.004230,0.000181,0.002668,18543981.091251,0.000000
-18647579.259136,1856172.207693,79037316.608860,51.796423,-0.583083,0.685153,0.977650,0.852044,0.074881,0.649530,0.936188,0.664839,0.349029,0.210877,0.773747,0.855680,0.387014,0.923173,0.368429,0.352912,0.783259,0.602505,0.983263,0.763896,0.503171,0.479842,0.018014,0.935846,0.076756,0.617940,0.641580,0.865106,0.982277,0.601499,0.308028,0.235903,0.222337,14.641315,2.169568,0.175882,0.152302,0.626639,0.675396,0.536552,0.577509,0.780583,0.828697,0.441825,0.452118,0.452555,28.203577,0.003178,0.012883,11.461786,0.004219,0.004185,0.000142,0.002707,18647579.259136,0.000000
-11451536.933237,1610442.440324,71623391.313131,42.864567,-1.856996,0.753996,0.834594,0.870625,0.673879,0.798144,0.663116,0.491350,0.567925,0.613776,0.093759,0.585117,0.674579,0.300261,0.756550,0.868306,0.715870,0.575112,0.219344,0.330153,0.685192,0.468144,0.071798,0.546634,0.078184,0.219705,0.644687,0.965689,0.948334,0.633971,0.442890,0.273442,0.214950,13.442005,14.113625,0.298697,0.229332,0.759043,0.821890,0.671236,0.694230,0.918762,0.929919,0.843859,0.476280,0.100493,37.135433,0.001695,0.002704,5.586559,0.003787,0.003807,0.000216,0.002633,11451536.933237,0.000000
-13818315.508512,1568362.806923,80180575.879830,45.448979,-1.729894,0.682446,0.763416,0.837175,0.665141,0.766715,0.694338,0.947449,0.233873,0.401988,0.357389,0.943088,0.397267,0.893812,0.149851,0.638025,0.714369,0.481364,0.387217,0.318606,0.434198,0.246815,0.595460,0.276868,0.123373,0.165222,0.650931,0.952512,0.955675,0.688875,0.428920,0.203638,0.225933,11.075184,15.323467,0.212409,0.219576,0.729562,0.781146,0.647452,0.690398,0.891810,0.930718,0.822697,0.495301,0.126586,34.551021,0.000271,0.006159,6.266733,0.004184,0.004203,0.000338,0.002511,13818315.508512,0.000000
-9534498.199309,1274940.713524,57702091.036777,68.722161,-1.846460,0.738970,0.974140,0.303223,0.064517,0.791021,0.948195,0.663778,0.482649,0.348622,0.386690,0.695301,0.460435,0.786304,0.151151,0.318458,0.777442,0.322285,0.132498,0.330277,0.727901,0.108078,0.907668,0.368344,0.479055,0.015291,0.772389,0.962728,0.939840,0.675168,0.442680,0.299121,0.182666,9.265136,19.648517,0.364863,0.217238,0.800054,0.800785,0.709902,0.710784,0.942482,0.942722,0.842205,0.495487,0.099685,11.277839,0.002516,0.006178,3.751590,0.004868,0.004877,0.000984,0.001865,9534498.199309,0.000000
-12451235.497617,1805070.936516,70010075.968444,38.482112,-0.519370,0.905544,0.978258,0.879672,0.677239,0.223566,0.785968,0.935583,0.535693,0.284884,0.366338,0.760225,0.307936,0.907427,0.744337,0.256508,0.777552,0.579236,0.983006,0.453688,0.392388,0.233550,0.003241,0.397215,0.026643,0.219209,0.650994,0.929338,0.965602,0.475406,0.276974,0.332229,0.216098,14.470903,14.171585,0.312289,0.192517,0.640711,0.640582,0.550839,0.551160,0.775828,0.774394,0.405105,0.408382,0.416874,41.517888,0.001846,0.005381,12.560414,0.004352,0.004333,0.000621,0.002228,12451235.497617,0.000000
-4864167.388663,1490228.678631,40385928.437925,33.667983,-1.901579,0.904444,0.973051,0.344454,0.064525,0.853131,0.723517,0.883303,0.291256,0.414492,0.325841,0.570612,0.668808,0.882830,0.174372,0.877915,0.683273,0.580234,0.988987,0.437173,0.769997,0.215619,0.165796,0.389925,0.010489,0.043364,0.646224,0.931176,0.736590,0.644436,0.468859,0.158746,0.226036,13.306806,19.262512,0.636235,0.245063,0.817528,0.799222,0.683585,0.693250,0.900949,0.899900,0.850667,0.522899,0.031583,46.332017,0.003220,0.020047,7.246505,0.004960,0.004970,0.001024,0.001825,4864167.388663,0.000000
-7058973.367436,1351821.883357,53354245.376579,37.276577,-0.479653,0.554711,0.969021,0.360404,0.402068,0.774691,0.153874,0.691797,0.498208,0.213187,0.775202,0.625736,0.474360,0.258720,0.173240,0.449388,0.647581,0.334041,0.566353,0.301878,0.330905,0.114412,0.020046,0.215443,0.052223,0.063524,0.119625,0.965965,0.958196,0.625073,0.260370,0.161773,0.210791,13.697349,18.769238,0.512440,0.208771,0.687676,0.743186,0.594512,0.652286,0.722346,0.820469,0.381002,0.469404,0.742408,42.723423,0.000698,0.014322,4.236416,0.004195,0.004229,0.000598,0.002251,7058973.367436,0.000000
-4498602.255552,1445677.511704,34025028.534636,35.356700,-1.423885,0.743349,0.617947,0.281779,0.011752,0.777135,0.940549,0.661429,0.343432,0.666535,0.134669,0.770988,0.822096,0.899768,0.831318,0.880818,0.725829,0.512986,0.977432,0.565259,0.692037,0.123689,0.300575,0.390077,0.039400,0.017096,0.643111,0.884232,0.903751,0.845062,0.414929,0.421064,0.253067,12.384574,19.930134,0.284630,0.297916,0.830616,0.786482,0.725879,0.689652,0.956815,0.933647,0.759223,0.576490,0.123328,44.643300,0.008165,0.044328,3.397855,0.004741,0.004752,0.000896,0.001953,4498602.255552,0.000000
-12034971.585275,1412519.900702,63747083.971878,61.909394,-1.862261,0.742703,0.990860,0.407178,0.077978,0.792476,0.692924,0.644659,0.498125,0.407262,0.767097,0.574631,0.312641,0.840571,0.147186,0.389395,0.702480,0.439604,0.574130,0.328886,0.345486,0.232495,0.880021,0.388517,0.299035,0.223580,0.565823,0.963366,0.934407,0.487667,0.444964,0.323258,0.200709,9.578371,13.364612,0.280775,0.224005,0.784101,0.813701,0.691332,0.696506,0.933908,0.939423,0.844679,0.423213,0.094911,18.090606,0.002200,0.013361,9.449678,0.004629,0.004621,0.000863,0.001986,12034971.585275,0.000000
-11329096.495573,1680403.628358,63971674.529156,46.747764,-1.785588,0.753996,0.834733,0.880129,0.673879,0.798129,0.695743,0.940121,0.567886,0.396632,0.991177,0.934223,0.674579,0.903613,0.158217,0.875613,0.716405,0.502279,0.219344,0.330279,0.095379,0.248117,0.071798,0.546634,0.124303,0.218991,0.644687,0.942955,0.975214,0.688321,0.442890,0.273442,0.215900,14.058180,14.194790,0.263599,0.206363,0.780976,0.771648,0.673515,0.678258,0.909332,0.911880,0.832302,0.488273,0.090714,33.252236,0.000292,0.002883,8.378310,0.004343,0.004358,0.000692,0.002157,11329096.495573,0.000000
-18061866.065898,1513399.826038,91763416.397730,61.652149,-1.711698,0.754181,0.972554,0.730999,0.101061,0.173604,0.892031,0.411710,0.137278,0.313139,0.387242,0.600547,0.466143,0.923526,0.696086,0.229433,0.467782,0.682560,0.993478,0.215641,0.738407,0.239472,0.476718,0.390152,0.299617,0.217834,0.750610,0.946576,0.969251,0.284751,0.428998,0.261099,0.250816,11.780073,13.877821,0.264970,0.206027,0.699116,0.814786,0.622386,0.663929,0.875915,0.944745,0.819441,0.332810,0.123775,18.347851,0.006613,0.003901,10.248901,0.004660,0.004659,0.000541,0.002308,18061866.065898,0.000000
-19777171.534863,1562143.526190,96415648.800817,64.608428,-1.480976,0.660401,0.977951,0.716284,0.072202,0.801301,0.934561,0.243899,0.350611,0.046880,0.318598,0.767049,0.614072,0.312583,0.193467,0.488750,0.767280,0.764408,0.987140,0.052495,0.022898,0.109757,0.624279,0.287328,0.277582,0.368124,0.088004,0.861588,0.897663,0.524054,0.435728,0.299033,0.247834,11.371185,9.244490,0.380254,0.163470,0.671035,0.823347,0.593915,0.699286,0.833125,0.947231,0.772584,0.449972,0.071194,15.391572,0.003465,0.005022,9.521932,0.004383,0.004358,0.000272,0.002577,19777171.534863,0.000000
-19958259.731145,1530572.736340,102588296.329455,66.475348,-1.478253,0.818341,0.758554,0.716284,0.697000,0.815462,0.945449,0.272325,0.356668,0.206362,0.128173,0.767049,0.582656,0.309931,0.194103,0.488787,0.767280,0.764408,0.162663,0.265241,0.027139,0.269088,0.067165,0.287328,0.299774,0.368124,0.636317,0.860681,0.900814,0.522774,0.435766,0.270097,0.249698,12.093743,9.719189,0.122190,0.174715,0.650534,0.821175,0.576525,0.708113,0.840848,0.951451,0.771964,0.448384,0.070716,13.524652,0.000397,0.001186,9.174201,0.003755,0.003787,0.000276,0.002573,19958259.731145,0.000000
-7452669.638439,1440193.087863,53392816.578918,39.121101,-1.695628,0.761059,0.969115,0.326955,0.444190,0.778178,0.504436,0.635526,0.495507,0.048638,0.319759,0.844817,0.268266,0.782809,0.728875,0.454819,0.625495,0.745471,0.641486,0.053213,0.336058,0.109417,0.033353,0.715330,0.080513,0.048192,0.066332,0.966847,0.748796,0.460708,0.429737,0.324347,0.241401,13.275717,19.250789,0.250589,0.233976,0.787934,0.831879,0.681018,0.723042,0.926244,0.955187,0.816516,0.476959,0.131013,40.878899,0.003652,0.001037,5.576116,0.004120,0.004132,0.000622,0.002227,7452669.638439,0.000000
-11464483.338429,1340285.001799,62876660.201132,55.960966,-0.256409,0.794929,0.755588,0.806657,0.076950,0.227687,0.903649,0.676827,0.566837,0.340341,0.393730,0.850045,0.466241,0.282400,0.762891,0.449457,0.706602,0.459935,0.418339,0.839952,0.307628,0.229914,0.628022,0.394646,0.288345,0.069780,0.043772,0.853080,0.960367,0.231671,0.275076,0.261773,0.110015,10.743938,18.239297,0.351297,0.144491,0.667032,0.691565,0.447324,0.457810,0.693074,0.726778,0.226175,0.314568,0.590789,24.039034,0.001786,0.009217,10.428258,0.004604,0.004617,0.000759,0.002090,11464483.338429,0.000000
-19065274.270079,1427295.996724,101479193.808256,63.778428,-1.604782,0.794312,0.972545,0.728228,0.122257,0.176366,0.572054,0.339726,0.138266,0.313139,0.133274,0.758672,0.311348,0.280642,0.145410,0.229433,0.463429,0.682884,0.235010,0.213994,0.730792,0.115732,0.476718,0.905219,0.299617,0.282666,0.740925,0.940809,0.969251,0.284751,0.414962,0.261099,0.240412,11.457676,11.905991,0.620126,0.219053,0.658862,0.822731,0.589183,0.687444,0.840952,0.952160,0.799067,0.332810,0.154880,16.221572,0.001651,0.003461,8.350009,0.004627,0.004602,0.000481,0.002368,19065274.270079,0.000000
-10586436.959039,1485869.703222,68621885.722371,39.001407,-0.279715,0.793370,0.975042,0.806657,0.370853,0.227687,0.759646,0.676827,0.517781,0.196513,0.203086,0.759105,0.311446,0.270600,0.153235,0.890885,0.574907,0.320730,0.995510,0.837122,0.308330,0.124972,0.628022,0.909731,0.079383,0.041437,0.043720,0.850764,0.962376,0.234260,0.278468,0.259315,0.215039,10.972279,19.010336,0.629938,0.194478,0.626656,0.716842,0.543645,0.610652,0.766632,0.856803,0.244001,0.315019,0.454802,40.998593,0.000624,0.006393,11.784635,0.004816,0.004808,0.000819,0.002030,10586436.959039,0.000000
-17130975.016789,2078336.045081,81790940.581705,45.086004,-1.888345,0.954793,0.999756,0.726381,0.685159,0.757775,0.957037,0.879443,0.269212,0.290710,0.243331,0.740412,0.678642,0.917906,0.370018,0.899658,0.782022,0.580289,0.983012,0.438498,0.016023,0.285556,0.475842,0.551422,0.006818,0.637214,0.695994,0.930935,0.991895,0.657317,0.466696,0.333400,0.106806,12.727628,1.184253,0.160393,0.203009,0.601035,0.614068,0.441301,0.450664,0.477291,0.511231,0.848678,0.470544,0.035781,34.913996,0.001320,0.015256,15.578733,0.004005,0.004016,0.000443,0.002406,17130975.016789,0.000000
-6479416.689290,1367915.541728,46911090.255843,38.179287,-1.917553,0.741403,0.973185,0.359657,0.070909,0.811598,0.717455,0.666654,0.535053,0.195251,0.829819,0.444075,0.390946,0.310714,0.374326,0.897490,0.576968,0.678076,0.807451,0.301889,0.753082,0.251225,0.485661,0.396705,0.078420,0.009945,0.694149,0.938900,0.968361,0.659722,0.467389,0.164516,0.099506,11.323713,20.024925,0.601245,0.284911,0.780302,0.808041,0.636896,0.658889,0.761370,0.792494,0.853034,0.479483,0.037666,41.820713,0.006331,0.014607,5.635561,0.004749,0.004768,0.000889,0.001960,6479416.689290,0.000000
-21136646.504746,1830602.917840,94427005.837983,52.968823,-1.410826,0.958840,0.976198,0.858308,0.067511,0.774993,0.952873,0.405223,0.234545,0.205220,0.134994,0.909463,0.468893,0.351292,0.187035,0.361764,0.782975,0.598868,0.983263,0.265192,0.044138,0.212791,0.480979,0.394724,0.087819,0.615454,0.693169,0.865106,0.967995,0.998274,0.422622,0.263586,0.132732,12.857332,1.831023,0.335362,0.196014,0.663401,0.777061,0.581266,0.660759,0.766169,0.791607,0.756058,0.611825,0.102312,27.031177,0.002716,0.007800,14.458715,0.004389,0.004404,0.000403,0.002446,21136646.504746,0.000000
-15860144.317261,1442856.338044,83424672.347615,55.450031,-0.519231,0.796009,0.755588,0.806657,0.659674,0.227611,0.581857,0.676827,0.285983,0.340341,0.139763,0.848643,0.419527,0.282447,0.194246,0.449457,0.702249,0.459935,0.972687,0.838305,0.299727,0.109054,0.005973,0.908299,0.284087,0.069780,0.638739,0.929369,0.967020,0.231671,0.276948,0.261648,0.099611,13.320500,18.761132,0.155688,0.166369,0.600373,0.652697,0.409699,0.417664,0.586861,0.655008,0.405022,0.312711,0.631095,24.549969,0.000431,0.014574,4.463737,0.004309,0.004327,0.000527,0.002322,15860144.317261,0.000000
-9845186.629824,1217370.364076,63570725.421195,54.628584,-1.121537,0.746907,0.982459,0.311416,0.070932,0.760887,0.728436,0.666422,0.077860,0.338689,0.079349,0.457134,0.584972,0.294789,0.194418,0.390304,0.580753,0.450994,0.232928,0.349636,0.498441,0.231414,0.031594,0.397484,0.298668,0.009836,0.694801,0.933565,0.900764,0.491592,0.397629,0.172736,0.099698,13.031715,20.449271,0.588746,0.240762,0.754761,0.796040,0.646845,0.662341,0.801059,0.840667,0.769742,0.435895,0.195908,25.371416,0.002610,0.011829,1.121537,0.004679,0.004698,0.000851,0.001998,9845186.629824,0.000000
-8610925.303205,1694712.515589,60305524.146028,36.478694,-1.888423,0.763976,0.999756,0.699088,0.077390,0.757775,0.158536,0.879443,0.509817,0.181063,0.243331,0.741919,0.657793,0.884407,0.750375,0.770681,0.782022,0.583823,0.792220,0.438498,0.016117,0.130440,0.006728,0.551427,0.006818,0.202475,0.698553,0.930935,0.745569,0.987159,0.466709,0.331549,0.106806,15.024364,14.631163,0.578918,0.250380,0.761888,0.778086,0.647028,0.659089,0.726517,0.747046,0.848690,0.526545,0.035755,43.521306,0.012940,0.023199,5.594946,0.004875,0.004873,0.000742,0.002107,8610925.303205,0.000000
-17025494.104744,1390349.540405,90967842.558286,67.684444,-1.578032,0.668417,0.974124,0.489630,0.669165,0.767021,0.428939,0.443793,0.237598,0.330504,0.141762,0.419301,0.407997,0.915539,0.150107,0.408670,0.695510,0.576335,0.987554,0.339061,0.031152,0.234428,0.077670,0.081632,0.473806,0.006960,0.695157,0.930114,0.932711,0.972949,0.416069,0.295183,0.100984,11.676328,20.625423,0.071322,0.184616,0.691340,0.816691,0.616142,0.702133,0.752388,0.794141,0.793619,0.601029,0.147288,12.315556,0.000270,0.011899,5.060737,0.004547,0.004541,0.000512,0.002337,17025494.104744,0.000000
-15686407.133127,1437669.495859,78113841.018081,56.435251,-1.890506,0.891683,0.974427,0.724913,0.071584,0.348786,0.970340,0.443514,0.261084,0.311593,0.211973,0.706016,0.465622,0.791272,0.370077,0.391260,0.783278,0.599733,0.200974,0.838417,0.358472,0.249002,0.488887,0.965293,0.311939,0.030026,0.754361,0.930425,0.986441,0.658650,0.467350,0.298635,0.103207,11.433225,19.524246,0.655213,0.246771,0.751082,0.786592,0.639670,0.645533,0.762812,0.796886,0.849005,0.472901,0.034269,23.564749,0.006940,0.004311,13.494253,0.004963,0.004966,0.000898,0.001951,15686407.133127,0.000000
-14185340.187344,1591829.721391,92040447.648644,44.916852,-1.672001,0.683570,0.763454,0.838176,0.575964,0.757764,0.694334,0.444394,0.264619,0.400827,0.250784,0.746636,0.397201,0.901655,0.748125,0.600410,0.727866,0.576670,0.388034,0.312895,0.433626,0.288807,0.594615,0.276897,0.124732,0.139386,0.696335,0.952614,0.958765,0.842330,0.419666,0.267243,0.227089,10.853970,16.115121,0.166258,0.234986,0.681177,0.830670,0.605882,0.729832,0.860021,0.949393,0.812129,0.554363,0.148706,35.083148,0.004356,0.007056,5.443012,0.004006,0.004023,0.000285,0.002564,14185340.187344,0.000000
-5049739.517473,1529464.880135,39897791.323761,33.619268,-1.544019,0.927278,0.973062,0.354254,0.078211,0.834652,0.857666,0.886414,0.308864,0.402860,0.334714,0.569645,0.666220,0.882830,0.191094,0.894563,0.683936,0.508789,0.924843,0.844047,0.506827,0.234827,0.158547,0.394684,0.009870,0.043364,0.102898,0.931153,0.736187,0.446823,0.410277,0.437211,0.216078,13.304603,19.269970,0.564342,0.260459,0.823121,0.767525,0.674515,0.676483,0.936884,0.920932,0.786479,0.475744,0.013382,46.380732,0.003455,0.020128,7.561230,0.004965,0.004974,0.001030,0.001819,5049739.517473,0.000000
-5190259.416372,1450070.864916,42768903.855430,33.703991,-1.320646,0.656235,0.973171,0.359657,0.065429,0.818231,0.693659,0.663279,0.523226,0.203541,0.795458,0.701469,0.462650,0.327730,0.730547,0.890847,0.782100,0.312653,0.696054,0.301896,0.066520,0.118353,0.160515,0.396938,0.011066,0.042996,0.614701,0.936027,0.962068,0.641522,0.374857,0.273264,0.099506,13.265793,19.265304,0.549864,0.282462,0.765377,0.786647,0.617619,0.644107,0.760774,0.797566,0.733037,0.474525,0.260842,46.296009,0.008017,0.013201,5.374731,0.004716,0.004734,0.000880,0.001969,5190259.416372,0.000000
-10633115.871843,1432528.533525,75333882.870818,38.175623,-1.668905,0.684510,0.761227,0.809312,0.711824,0.178852,0.727444,0.691494,0.584649,0.335230,0.830567,0.588512,0.411970,0.272840,0.173933,0.461872,0.583130,0.656292,0.419933,0.312331,0.293446,0.267368,0.477188,0.282890,0.078504,0.009582,0.682272,0.863581,0.730303,0.458165,0.466174,0.157121,0.201168,11.285012,20.096112,0.524752,0.219194,0.735047,0.816831,0.619532,0.683589,0.813287,0.934622,0.811547,0.482845,0.009151,41.824377,0.000317,0.005452,6.046934,0.004138,0.004156,0.000598,0.002251,10633115.871843,0.000000
-14527458.075829,1366273.465388,73185521.341235,56.051991,-0.598049,0.745116,0.974146,0.727376,0.072016,0.136968,0.462284,0.673133,0.345528,0.210827,0.210799,0.585536,0.464425,0.301757,0.363187,0.395272,0.783402,0.602067,0.985365,0.332552,0.338772,0.243022,0.626777,0.397661,0.314393,0.011748,0.641575,0.673867,0.981997,0.991718,0.397230,0.164632,0.222533,10.839298,19.973890,0.681445,0.162678,0.675741,0.769468,0.586961,0.664812,0.848444,0.925632,0.450116,0.603776,0.073917,23.948009,0.003641,0.013957,7.233000,0.004892,0.004895,0.000783,0.002066,14527458.075829,0.000000
-18203112.563642,1797126.814877,80315721.208536,48.415241,-0.607171,0.683531,0.977574,0.851453,0.074892,0.761765,0.753328,0.394787,0.483998,0.204757,0.771085,0.432577,0.327112,0.860220,0.730865,0.352912,0.779069,0.576611,0.979750,0.763896,0.503171,0.484211,0.016350,0.291060,0.046980,0.602588,0.641706,0.865106,0.969857,0.602002,0.310935,0.150554,0.222519,13.718723,2.599529,0.152930,0.146660,0.623779,0.748584,0.537889,0.642041,0.770734,0.892518,0.455110,0.456444,0.440939,31.584759,0.001269,0.012952,9.058008,0.003537,0.003550,0.000086,0.002763,18203112.563642,0.000000
-4826320.064039,1399111.631293,38123619.540334,35.037054,-1.887458,0.839512,0.844059,0.349798,0.012161,0.148839,0.688796,0.733863,0.561790,0.431961,0.240497,0.447560,0.460104,0.330879,0.186683,0.320306,0.810832,0.621326,0.988030,0.330720,0.058775,0.106937,0.821933,0.301317,0.026715,0.043583,0.695971,0.931351,0.986248,0.996050,0.466315,0.298335,0.100466,9.437423,18.685123,0.485677,0.324964,0.835167,0.815710,0.721263,0.722021,0.832824,0.850661,0.848544,0.603801,0.036713,44.962946,0.005347,0.008952,3.668629,0.004669,0.004686,0.000838,0.002011,4826320.064039,0.000000
-8538031.644427,1514558.569650,57449583.172998,35.843954,-0.609369,0.953182,0.972996,0.821792,0.166829,0.321059,0.694623,0.668954,0.496309,0.226529,0.106871,0.748733,0.381778,0.910140,0.749784,0.454855,0.575184,0.690890,0.413640,0.267602,0.675282,0.124586,0.601223,0.717188,0.046595,0.011774,0.020251,0.930677,0.987014,0.456081,0.429149,0.157262,0.251659,11.061794,19.912930,0.732475,0.196599,0.676058,0.742761,0.578118,0.637479,0.698870,0.788103,0.456306,0.394181,0.116389,44.156046,0.004011,0.009806,10.281454,0.004931,0.004932,0.000887,0.001962,8538031.644427,0.000000
-3923890.045004,1522253.857861,40215541.079464,32.501012,-1.926213,0.954793,0.975757,0.324423,0.066010,0.798045,0.154493,0.660601,0.345745,0.401591,0.679641,0.739033,0.674138,0.292505,0.244109,0.899658,0.781923,0.767591,0.983006,0.437903,0.412634,0.254746,0.003500,0.305091,0.004617,0.008080,0.695598,0.942764,0.955750,0.632883,0.466775,0.333590,0.106806,14.052110,20.451385,0.720560,0.319314,0.766061,0.794160,0.620683,0.643332,0.791633,0.819708,0.854301,0.473303,0.040479,47.498988,0.005798,0.026377,4.644382,0.004823,0.004840,0.000939,0.001910,3923890.045004,0.000000
-5357028.763633,1520389.743210,39319536.472266,33.663488,-1.544019,0.927569,0.973062,0.354254,0.058638,0.836370,0.941573,0.886421,0.540350,0.403873,0.329594,0.568628,0.825724,0.882451,0.126687,0.894563,0.683936,0.520239,0.203390,0.435204,0.769997,0.122384,0.307069,0.387364,0.010105,0.043364,0.084029,0.931153,0.735121,0.846462,0.410277,0.420687,0.213133,12.687808,19.148595,0.809381,0.265183,0.822229,0.747410,0.721265,0.659619,0.951849,0.907908,0.786479,0.522325,0.048281,46.336512,0.001944,0.012261,8.030842,0.004987,0.004995,0.001054,0.001796,5357028.763633,0.000000
-8607502.338303,1589827.415987,53859776.410270,38.837874,-0.379655,0.954782,0.761342,0.349648,0.677204,0.260949,0.853450,0.887730,0.299683,0.286705,0.115212,0.913090,0.429607,0.881012,0.755636,0.561372,0.685790,0.579569,0.395540,0.839238,0.510147,0.121980,0.477755,0.394790,0.026322,0.233653,0.651075,0.887356,0.881797,0.976246,0.276380,0.331264,0.225020,11.575243,13.270648,0.007049,0.215343,0.683184,0.673920,0.587590,0.580283,0.823140,0.812743,0.315903,0.597759,0.373905,41.162126,0.005239,0.015252,4.966204,0.003053,0.003051,0.000124,0.002725,8607502.338303,0.000000
-14203169.822599,1621722.698146,95632758.362188,45.138909,-1.729909,0.906736,0.763416,0.838192,0.667368,0.772317,0.692662,0.412927,0.231716,0.405219,0.671105,0.959114,0.397267,0.893812,0.149851,0.638025,0.714369,0.742692,0.387217,0.318606,0.295053,0.245418,0.595460,0.276868,0.119608,0.165222,0.650484,0.952512,0.955882,0.688875,0.428923,0.202001,0.225933,10.954171,15.338721,0.256907,0.220317,0.679802,0.837789,0.605872,0.710851,0.856272,0.936209,0.822699,0.495229,0.126580,34.861091,0.000270,0.005772,7.665952,0.004282,0.004288,0.000717,0.002132,14203169.822599,0.000000
-11606106.649735,1639782.346679,74940061.465919,38.557448,-0.513333,0.822545,0.973061,0.869621,0.674468,0.151960,0.755032,0.668635,0.515261,0.209336,0.092871,0.744656,0.388880,0.900579,0.741841,0.896608,0.777066,0.570914,0.979764,0.027172,0.283794,0.124846,0.062501,0.298126,0.074863,0.042222,0.037375,0.932637,0.948584,0.701306,0.416944,0.158173,0.215144,13.957726,19.487058,0.459093,0.170486,0.597850,0.754035,0.506030,0.637183,0.563686,0.795897,0.401502,0.502691,0.146296,41.442552,0.003821,0.000259,11.792961,0.004725,0.004714,0.000759,0.002090,11606106.649735,0.000000
-8898506.856818,1469565.767532,62243087.189357,36.899731,-1.900650,0.689189,0.997988,0.861461,0.071336,0.140266,0.656947,0.665962,0.554060,0.197841,0.076235,0.455215,0.377324,0.280864,0.176903,0.454365,0.511278,0.653530,0.830415,0.299229,0.861952,0.112499,0.248871,0.397427,0.052534,0.042974,0.046745,0.933560,0.954577,0.993795,0.467386,0.299641,0.170826,13.037593,19.242300,0.955377,0.264824,0.772936,0.803732,0.680654,0.711864,0.906160,0.931074,0.850529,0.608320,0.035482,43.100269,0.002379,0.010432,8.284341,0.004663,0.004640,0.000514,0.002335,8898506.856818,0.000000
-5299648.830274,1495619.243730,40061222.778063,33.667983,-1.901384,0.904444,0.973051,0.354253,0.064525,0.834652,0.788750,0.883310,0.538461,0.290253,0.212664,0.570612,0.668808,0.883450,0.174372,0.907062,0.683684,0.580267,0.988987,0.437173,0.769997,0.235170,0.165796,0.387321,0.010489,0.043364,0.646262,0.931114,0.975250,0.466059,0.468859,0.158746,0.216078,13.317538,19.266088,0.643136,0.266395,0.824243,0.789337,0.677475,0.693949,0.912290,0.900800,0.850638,0.401705,0.031557,46.332017,0.003220,0.020160,8.696413,0.004993,0.005002,0.001043,0.001806,5299648.830274,0.000000
-11459282.856501,1912339.390876,74435134.498932,37.112435,-1.534816,0.954796,0.975401,0.897716,0.674239,0.243945,0.720734,0.980346,0.289759,0.414232,0.327778,0.741919,0.677158,0.906575,0.839942,0.894825,0.772759,0.580455,0.983006,0.435649,0.016117,0.214320,0.003250,0.554025,0.010296,0.219827,0.695563,0.931183,0.735489,0.992798,0.408844,0.331982,0.210363,14.697875,14.161996,0.327287,0.204841,0.721298,0.754768,0.631003,0.658986,0.889595,0.907347,0.784505,0.522460,0.165743,42.887565,0.006472,0.014845,11.237178,0.004461,0.004463,0.000749,0.002100,11459282.856501,0.000000
-10162521.877716,1660813.606734,70480640.141171,37.914085,-1.663560,0.754780,0.834594,0.869937,0.670561,0.781397,0.694193,0.941405,0.567925,0.355809,0.120415,0.934573,0.674307,0.906246,0.819843,0.872927,0.714314,0.505200,0.967378,0.332338,0.712433,0.099819,0.070011,0.544985,0.078184,0.002821,0.648181,0.968420,0.948334,0.685904,0.410628,0.156358,0.431945,13.797769,20.680357,0.310196,0.201756,0.745121,0.775132,0.658336,0.683461,0.839704,0.908849,0.810537,0.496719,0.002276,42.085915,0.006226,0.010373,7.900822,0.004646,0.004651,0.000673,0.002176,10162521.877716,0.000000
-8489801.012334,1591800.220931,56751519.991147,37.088950,-1.918161,0.656235,0.973171,0.367397,0.651857,0.148688,0.690619,0.940243,0.557931,0.214127,0.795458,0.697038,0.462650,0.327730,0.728254,0.930360,0.783699,0.654579,0.694053,0.301896,0.064909,0.272067,0.485661,0.396939,0.011066,0.211038,0.648599,0.939082,0.733505,0.643605,0.467394,0.273264,0.254364,10.583535,13.952316,0.121114,0.245431,0.797411,0.798645,0.704083,0.705338,0.943230,0.943759,0.853123,0.518798,0.037731,42.911050,0.005161,0.008416,5.279329,0.003123,0.003148,0.000108,0.002741,8489801.012334,0.000000
-5175725.416000,1361780.253422,38923950.797217,35.036904,-0.373561,0.901954,0.763185,0.359846,0.080329,0.298041,0.747017,0.662736,0.522559,0.204160,0.816782,0.760395,0.709579,0.281710,0.174234,0.215291,0.585645,0.584513,0.077218,0.130922,0.303261,0.114212,0.479609,0.397606,0.027029,0.045460,0.683058,0.928707,0.953022,0.678922,0.261547,0.302644,0.095499,11.195313,18.905015,0.872187,0.266458,0.745464,0.712812,0.648830,0.622035,0.804642,0.840691,0.311721,0.492325,0.527316,44.963096,0.002899,0.000902,4.317306,0.004670,0.004689,0.000876,0.001973,5175725.416000,0.000000
-9401525.319546,1366575.881937,60456182.562875,45.031033,-1.203595,0.742749,0.768056,0.278208,0.367571,0.780477,0.204418,0.666654,0.331394,0.313341,0.841203,0.590810,0.414237,0.906216,0.371258,0.223866,0.785198,0.601185,0.556205,0.300919,0.496231,0.111535,0.156777,0.970839,0.123430,0.152146,0.612390,0.855190,0.975234,0.466218,0.395708,0.162993,0.090104,12.198109,16.004730,0.110623,0.233690,0.734178,0.763463,0.555610,0.577848,0.665453,0.734632,0.699887,0.401772,0.163769,34.968967,0.003107,0.006641,1.477258,0.003924,0.003951,0.000471,0.002378,9401525.319546,0.000000
-11546841.199429,1683543.703503,76011412.717820,37.192757,-1.483687,0.560637,0.975638,0.842513,0.684438,0.235987,0.975133,0.666615,0.573259,0.328739,0.830289,0.620641,0.824780,0.881817,0.559514,0.926303,0.812761,0.600888,0.426442,0.332802,0.004716,0.111980,0.302383,0.383378,0.033848,0.125378,0.663673,0.943090,0.972485,0.466218,0.395387,0.162532,0.105054,12.980318,16.766028,0.447897,0.203029,0.619212,0.638880,0.432519,0.446994,0.504279,0.568425,0.773200,0.402631,0.206425,42.807243,0.002892,0.006512,10.523173,0.004485,0.004485,0.000422,0.002427,11546841.199429,0.000000
-4964815.353991,1340941.929877,37227352.069825,36.917303,-0.203307,0.689923,0.741563,0.305148,0.071584,0.140266,0.683539,0.738097,0.354612,0.201732,0.080401,0.455527,0.379514,0.292228,0.741509,0.385307,0.572773,0.574145,0.979732,0.784552,0.512750,0.116753,0.201618,0.394922,0.052534,0.044207,0.707122,0.933676,0.954577,0.631432,0.459467,0.298636,0.170668,11.964075,19.164164,0.153153,0.326816,0.843961,0.818883,0.737901,0.725469,0.947316,0.953388,0.843544,0.473136,0.051544,43.082697,0.003462,0.012844,0.203307,0.004113,0.004127,0.000533,0.002316,4964815.353991,0.000000
-18907758.616546,1469063.868491,98625725.928435,63.876243,-1.582860,0.794312,0.983055,0.728228,0.122257,0.181297,0.893847,0.335965,0.137278,0.313732,0.387242,0.577552,0.703207,0.279124,0.748456,0.226278,0.467782,0.743314,0.230228,0.215641,0.690140,0.237405,0.017450,0.270860,0.300898,0.286337,0.750610,0.930208,0.958793,0.296621,0.416778,0.265653,0.228835,13.921229,12.183146,0.443889,0.208590,0.666717,0.805300,0.594488,0.666768,0.848352,0.943465,0.794613,0.340466,0.145599,16.123757,0.003012,0.003388,10.778674,0.004561,0.004569,0.000529,0.002320,18907758.616546,0.000000
-10825542.687154,1856774.355275,71357474.660704,37.050162,-1.534816,0.686126,0.982976,0.870039,0.674239,0.212822,0.934049,0.980354,0.289759,0.285832,0.214601,0.584874,0.703856,0.907195,0.839942,0.388177,0.835773,0.580455,0.983006,0.753768,0.016117,0.114804,0.003303,0.544088,0.010296,0.216676,0.695538,0.931183,0.988821,0.850744,0.408844,0.331982,0.225413,14.609858,14.244440,0.300036,0.229364,0.727902,0.732168,0.636840,0.640661,0.894371,0.897153,0.784505,0.546511,0.165743,42.949838,0.006472,0.015540,9.406524,0.004210,0.004174,0.000122,0.002727,10825542.687154,0.000000
-14832897.570709,1499094.030740,96511478.290483,45.466726,-1.729894,0.682446,0.740281,0.829963,0.665141,0.766715,0.694334,0.497403,0.233873,0.400827,0.356096,0.593983,0.397267,0.290461,0.748184,0.633404,0.715924,0.574407,0.387217,0.318480,0.434198,0.466842,0.595460,0.276868,0.123373,0.165936,0.650931,0.952512,0.955675,0.634525,0.428920,0.158865,0.225933,10.109272,15.297108,0.192662,0.222664,0.676874,0.831732,0.605825,0.727818,0.748837,0.945186,0.822697,0.473973,0.126586,34.533274,0.001096,0.006028,4.221233,0.003504,0.003535,0.000251,0.002598,14832897.570709,0.000000
-14919944.846292,1505125.557593,97302716.941205,45.466726,-1.729894,0.682446,0.763416,0.837863,0.665141,0.766715,0.694334,0.497403,0.233873,0.400827,0.356096,0.593983,0.397267,0.290461,0.748184,0.633404,0.715924,0.574407,0.387217,0.318480,0.434198,0.466842,0.595460,0.276868,0.123373,0.165936,0.650931,0.952512,0.955675,0.634525,0.428920,0.158865,0.225933,10.198686,15.300551,0.212712,0.221640,0.674722,0.831269,0.603939,0.726098,0.746447,0.945126,0.822697,0.473973,0.126586,34.533274,0.001082,0.006025,4.698054,0.003596,0.003624,0.000256,0.002593,14919944.846292,0.000000
-6409379.728534,1289085.976638,40444589.940057,41.434052,-0.280704,0.686054,0.763614,0.286019,0.009604,0.766767,0.950840,0.739752,0.345618,0.339056,0.366037,0.593802,0.298478,0.878133,0.748609,0.214712,0.789978,0.767418,0.422976,0.770617,0.508556,0.113101,0.021399,0.308105,0.122444,0.011661,0.650912,0.860444,0.836596,0.233330,0.275103,0.303182,0.104017,13.264536,20.342623,0.232501,0.237821,0.745642,0.699936,0.541424,0.572479,0.811449,0.839456,0.244748,0.351660,0.455259,38.565948,0.006170,0.006848,3.082931,0.004631,0.004627,0.000889,0.001960,6409379.728534,0.000000
-15489776.943410,1803053.077793,70718803.722647,47.112315,-0.593885,0.685153,0.977650,0.821650,0.673160,0.650921,0.984248,0.659474,0.349029,0.727581,0.681082,0.982474,0.389183,0.785005,0.368429,0.352912,0.783259,0.612082,0.984564,0.422699,0.509925,0.479749,0.018014,0.935846,0.078270,0.405950,0.641580,0.866917,0.960329,0.601499,0.308619,0.235903,0.194355,14.359237,8.564027,0.194983,0.158521,0.662863,0.691100,0.568979,0.592877,0.817551,0.843396,0.447822,0.459444,0.451249,32.887685,0.001345,0.012935,11.358386,0.004309,0.004276,0.000221,0.002628,15489776.943410,0.000000
-15581814.538989,2081182.796312,81052627.132116,42.934201,-1.534816,0.954678,0.975401,0.870039,0.674239,0.243945,0.787648,0.980354,0.268241,0.289993,0.214601,0.987144,0.677158,0.907195,0.884256,0.639737,0.715230,0.580455,0.983006,0.435649,0.016117,0.214320,0.003250,0.551422,0.010296,0.514359,0.695563,0.931183,0.975632,0.987118,0.408844,0.293805,0.210363,15.059748,5.272793,0.155063,0.192168,0.708526,0.725256,0.617238,0.631408,0.880130,0.885135,0.784505,0.604473,0.165743,37.065799,0.007152,0.014936,13.255614,0.004335,0.004343,0.000488,0.002361,15581814.538989,0.000000
-11447543.766646,1643182.338337,71612999.541265,40.295164,-0.583083,0.681824,0.977556,0.852044,0.074881,0.133292,0.737042,0.664814,0.340622,0.210877,0.773747,0.600633,0.682943,0.893417,0.375611,0.352912,0.779069,0.602598,0.979746,0.763896,0.503171,0.479842,0.016408,0.294380,0.046980,0.223470,0.641580,0.865106,0.982379,0.592949,0.308028,0.150342,0.215534,14.808103,14.010408,0.528971,0.181719,0.646498,0.724004,0.561821,0.626633,0.801106,0.872053,0.441825,0.448763,0.452555,39.704836,0.011177,0.013374,10.821370,0.004711,0.004696,0.000580,0.002269,11447543.766646,0.000000
-17901654.009753,1449416.871134,91803360.811662,59.963123,-1.634812,0.794147,0.971297,0.767174,0.052085,0.176366,0.926110,0.339726,0.155208,0.369256,0.389862,0.754140,0.470278,0.259763,0.145595,0.225995,0.776911,0.315313,0.430910,0.839447,0.470041,0.229379,0.022862,0.079955,0.281208,0.217814,0.832597,0.955710,0.969269,0.285436,0.412338,0.261902,0.093928,14.125350,14.225877,0.620861,0.230314,0.689425,0.711113,0.486395,0.495765,0.640567,0.722151,0.805011,0.333072,0.168229,20.036877,0.002566,0.006188,12.135851,0.004855,0.004834,0.000689,0.002160,17901654.009753,0.000000
-10585790.965571,1853731.269458,62423678.641847,51.909777,-1.694792,0.739654,0.976198,0.850124,0.076301,0.765039,0.936188,0.661717,0.746176,0.211285,0.390643,0.884759,0.463200,0.853603,0.187756,0.388973,0.788604,0.600275,0.983162,0.491220,0.757989,0.479884,0.107922,0.312265,0.076909,0.621425,0.640116,0.964208,0.982253,0.998168,0.417535,0.298636,0.222458,14.339612,1.999609,0.204954,0.188472,0.771487,0.724618,0.674027,0.635557,0.917364,0.892251,0.816363,0.606181,0.159169,28.090223,0.003391,0.013240,11.400252,0.004210,0.004177,0.000129,0.002720,10585790.965571,0.000000
-8699704.906566,1382896.063063,59114863.048442,45.329938,-1.925440,0.656235,0.973171,0.359657,0.066053,0.811598,0.728796,0.674829,0.149533,0.598499,0.377144,0.444075,0.413364,0.276895,0.161701,0.895488,0.576865,0.653587,0.832544,0.341371,0.750425,0.108631,0.518225,0.396701,0.125358,0.154591,0.689906,0.941917,0.975951,0.461299,0.467104,0.272788,0.103063,11.327574,15.639506,0.488621,0.293200,0.770445,0.797816,0.600895,0.622011,0.787526,0.826394,0.854188,0.399633,0.039473,34.670062,0.002796,0.014590,4.311109,0.004582,0.004605,0.000793,0.002056,8699704.906566,0.000000
-7641885.284899,1565519.070790,48829173.745187,35.345778,-1.423036,0.743349,0.617947,0.728562,0.060651,0.777144,0.940549,0.661429,0.570061,0.301604,0.133830,0.917647,0.822096,0.899872,0.968865,0.880818,0.725829,0.519476,0.216088,0.562290,0.692037,0.123584,0.300575,0.390077,0.039400,0.016578,0.769739,0.883969,0.903751,0.845062,0.414929,0.421064,0.443867,12.536188,19.993864,0.326484,0.266714,0.785109,0.780274,0.684865,0.681145,0.933023,0.930042,0.759019,0.576490,0.046538,44.654222,0.009893,0.004043,8.670235,0.004439,0.004454,0.000776,0.002073,7641885.284899,0.000000
-7635960.216608,1565518.341386,48853445.905791,35.345778,-1.423036,0.743349,0.617947,0.728562,0.060651,0.777144,0.940549,0.661429,0.570061,0.313308,0.133830,0.917647,0.822096,0.899872,0.968865,0.880818,0.725829,0.519476,0.216088,0.562290,0.692037,0.108924,0.300575,0.390077,0.039400,0.016578,0.769739,0.883969,0.903751,0.845062,0.414929,0.421064,0.443867,12.550358,19.993773,0.326484,0.266666,0.785036,0.780374,0.684802,0.681225,0.932981,0.930101,0.759019,0.576490,0.046538,44.654222,0.009894,0.004043,8.670235,0.004441,0.004455,0.000777,0.002072,7635960.216608,0.000000
-15992154.853977,1491672.484896,77947895.663932,62.724332,-1.643476,0.904845,0.998549,0.696401,0.005647,0.792676,0.802785,0.662209,0.226117,0.349668,0.822425,0.568833,0.706907,0.885715,0.171919,0.233570,0.518071,0.773221,0.882949,0.327777,0.753123,0.642485,0.201628,0.707982,0.339939,0.152642,0.644250,0.940599,0.976076,0.763618,0.421137,0.164435,0.237728,12.764937,16.099150,0.470744,0.168791,0.736666,0.791619,0.653681,0.699448,0.845602,0.929269,0.806693,0.517289,0.139733,17.275668,0.004886,0.003367,11.849315,0.004805,0.004804,0.000909,0.001940,15992154.853977,0.000000
-10480110.473966,1458523.325240,73343877.125220,37.983498,-1.503099,0.684510,0.761227,0.820673,0.674344,0.846369,0.728585,0.691494,0.593951,0.335230,0.830567,0.592943,0.429527,0.290558,0.730204,0.455229,0.780545,0.315067,0.421934,0.308082,0.296849,0.123819,0.152042,0.280466,0.076822,0.009615,0.615286,0.860612,0.958866,0.456081,0.439864,0.157121,0.201168,13.115358,20.365534,0.363192,0.226898,0.732014,0.803056,0.648108,0.676869,0.803734,0.918298,0.777560,0.402942,0.061775,42.016502,0.001349,0.006178,5.681963,0.004031,0.004053,0.000625,0.002224,10480110.473966,0.000000
-17100669.498250,1425604.787057,87264503.092297,57.005980,-0.229918,0.958840,0.976198,0.858606,0.067511,0.781013,0.952873,0.405223,0.234545,0.205220,0.134994,0.849514,0.468893,0.351292,0.187035,0.447591,0.702192,0.461087,0.428063,0.265192,0.059743,0.130546,0.480979,0.394724,0.299589,0.076198,0.693169,0.843850,0.967995,0.228896,0.275487,0.263568,0.132732,11.834898,18.152140,0.842796,0.168496,0.554069,0.730497,0.483610,0.522893,0.677838,0.817272,0.205402,0.311356,0.582800,22.994020,0.003015,0.009900,14.586117,0.004925,0.004932,0.000860,0.001989,17100669.498250,0.000000
-13900274.327159,1661764.603262,69739596.129162,51.699468,-1.410807,0.794929,0.755588,0.806360,0.076950,0.221667,0.581857,0.676827,0.567824,0.340341,0.139763,0.910614,0.311446,0.282447,0.144999,0.363630,0.783032,0.597716,0.976346,0.838305,0.284123,0.108242,0.628022,0.909714,0.076575,0.609041,0.033735,0.865897,0.960367,0.993504,0.422211,0.261792,0.099611,11.507047,1.921623,0.149301,0.170522,0.729982,0.745496,0.613809,0.622591,0.591928,0.621490,0.756054,0.612980,0.103621,28.300532,0.000959,0.010637,4.807510,0.003858,0.003886,0.000100,0.002749,13900274.327159,0.000000
-4417096.369941,1455641.372195,33881229.995045,34.365839,-0.245068,0.954782,0.761342,0.348533,0.061410,0.260793,0.853450,0.889952,0.299683,0.349012,0.386009,0.913090,0.429607,0.789031,0.150541,0.561372,0.685790,0.323179,0.399483,0.806984,0.500826,0.124266,0.478786,0.395391,0.026328,0.015345,0.647906,0.845984,0.939789,0.986917,0.276380,0.433070,0.442632,11.410869,19.828649,0.421054,0.248602,0.752558,0.661708,0.641766,0.566547,0.887962,0.802905,0.217349,0.618610,0.110203,45.634161,0.002551,0.016058,3.960877,0.004605,0.004604,0.000894,0.001955,4417096.369941,0.000000
-11414350.512739,1820497.033959,77013871.441706,37.019424,-1.533811,0.954796,0.975401,0.870039,0.674239,0.778966,0.780794,0.663925,0.289759,0.288577,0.214601,0.746935,0.413383,0.907208,0.839100,0.890193,0.772507,0.601149,0.445485,0.299937,0.046243,0.214320,0.003250,0.550096,0.010296,0.215121,0.695563,0.930794,0.975625,0.460129,0.408880,0.331982,0.210363,14.584550,14.277336,0.381206,0.238330,0.712440,0.771963,0.606127,0.615078,0.883093,0.894186,0.784288,0.399279,0.165475,42.980576,0.004066,0.005687,12.334454,0.004494,0.004501,0.000756,0.002093,11414350.512739,0.000000
-11761410.636355,1261339.777007,68758337.209282,57.112322,-0.447407,0.904845,0.854145,0.323565,0.064548,0.760115,0.756252,0.661022,0.226117,0.313563,0.377690,0.570249,0.396176,0.798235,0.178524,0.225281,0.776407,0.652921,0.977253,0.051577,0.732695,0.642485,0.207836,0.295879,0.329822,0.012462,0.693068,0.828575,0.975928,0.264707,0.306125,0.150074,0.214769,11.267455,20.259112,0.346244,0.172336,0.651788,0.733772,0.573791,0.642313,0.807781,0.880992,0.360716,0.323101,0.438556,22.887678,0.003354,0.004830,5.179471,0.004887,0.004884,0.001000,0.001849,11761410.636355,0.000000
-4014235.669454,1371031.852696,35603959.304933,33.009171,-0.642935,0.690618,0.979128,0.305288,0.020198,0.152898,0.802903,0.666775,0.474521,0.213966,0.768006,0.454429,0.702029,0.279798,0.987287,0.392736,0.521347,0.572156,0.979828,0.288904,0.034540,0.247272,0.201717,0.710038,0.004975,0.030956,0.855282,0.939056,0.954614,0.458062,0.287329,0.162204,0.237769,12.304193,19.568650,0.330013,0.248756,0.782314,0.738226,0.684429,0.648120,0.910631,0.874915,0.474253,0.405060,0.505206,46.990829,0.011122,0.010655,1.376374,0.004526,0.004548,0.000772,0.002077,4014235.669454,0.000000
-9668294.048889,1473402.285565,66257376.093362,38.671171,-1.312355,0.796518,0.972894,0.805969,0.067860,0.874631,0.757455,0.676648,0.566174,0.339748,0.740416,0.599648,0.391398,0.300764,0.754990,0.433505,0.702249,0.601990,0.432603,0.838863,0.467917,0.132046,0.601199,0.279701,0.078545,0.030036,0.635881,0.844636,0.960183,0.996987,0.417649,0.157916,0.200730,11.156236,19.368219,0.791017,0.225627,0.736507,0.771881,0.648751,0.678292,0.838249,0.909634,0.730815,0.614417,0.104691,41.328829,0.001725,0.010940,10.495684,0.004784,0.004789,0.000866,0.001983,9668294.048889,0.000000
-3505011.961878,1525047.085943,53902169.949070,32.240006,-1.951181,0.552891,0.974142,0.490551,0.680232,0.347043,0.447140,0.443793,0.065381,0.311525,0.143216,0.694050,0.475150,0.780054,0.150107,0.453474,0.697604,0.682448,0.987084,0.545809,0.043549,0.110508,0.415735,0.383311,0.001769,0.001951,0.755246,0.949150,0.739699,0.680945,0.467614,0.297952,0.250839,11.629449,20.302316,0.421112,0.287567,0.806192,0.858403,0.713147,0.756482,0.947605,0.968708,0.857894,0.517595,0.041417,47.759994,0.000263,0.020483,5.330188,0.004378,0.004353,0.000269,0.002580,3505011.961878,0.000000
-14719012.069096,1688468.755781,85782041.134893,42.997122,-1.866012,0.696243,0.779811,0.863716,0.064773,0.210962,0.692858,0.664127,0.336655,0.204856,0.816782,0.827635,0.464639,0.786865,0.728688,0.228584,0.753021,0.611199,0.076388,0.295181,0.296300,0.110897,0.485742,0.396552,0.027054,0.433219,0.444103,0.939082,0.952502,0.642904,0.458433,0.273310,0.223811,12.562151,7.275333,0.295160,0.234602,0.715142,0.809701,0.634136,0.701849,0.892036,0.937699,0.845260,0.478355,0.055926,37.002878,0.005621,0.000827,7.313849,0.004159,0.004180,0.000286,0.002563,14719012.069096,0.000000
-4458258.373876,1422275.039232,37530852.663894,33.480496,-1.900721,0.656201,0.969975,0.365781,0.001455,0.146450,0.744778,0.666035,0.518841,0.248969,0.795458,0.697038,0.703838,0.327730,0.040043,0.893619,0.585938,0.653878,0.694555,0.301896,0.064909,0.230646,0.479528,0.396939,0.011041,0.028952,0.682221,0.933569,0.733505,0.467974,0.467394,0.272463,0.099506,11.275320,19.415223,0.823653,0.292678,0.749465,0.791254,0.574282,0.608558,0.769413,0.815044,0.850539,0.485847,0.035471,46.519504,0.000560,0.019315,4.573421,0.004816,0.004833,0.000938,0.001911,4458258.373876,0.000000
-12979559.009072,1593850.342205,68688552.441987,44.131130,-1.296016,0.796583,0.997986,0.805195,0.068055,0.850988,0.757455,0.676648,0.564940,0.339705,0.378027,0.599911,0.391398,0.300735,0.368255,0.231567,0.752961,0.601748,0.418242,0.838863,0.464991,0.470554,0.601199,0.917173,0.075283,0.281597,0.635881,0.844636,0.968970,0.996987,0.415094,0.304999,0.200858,11.464516,11.787639,0.609103,0.227134,0.728821,0.748163,0.636554,0.652862,0.898138,0.910925,0.726380,0.610938,0.110724,35.868870,0.002047,0.005529,10.626591,0.004509,0.004519,0.000478,0.002371,12979559.009072,0.000000
-21238669.975337,1621117.601923,118499409.127622,74.749260,-0.536414,0.794274,0.972545,0.728229,0.126568,0.176366,0.940489,0.339726,0.155358,0.313221,0.783706,0.756723,0.471149,0.280594,0.995720,0.431448,0.466703,0.682557,0.228594,0.864458,0.470244,0.231521,0.476718,0.390078,0.302879,0.607011,0.748227,0.852403,0.960464,0.284751,0.307402,0.261729,0.248957,11.279726,2.208195,0.035064,0.128103,0.463161,0.723371,0.404531,0.618688,0.578706,0.871899,0.415158,0.335332,0.326874,5.250740,0.001538,0.005692,11.310838,0.004405,0.004418,0.000500,0.002349,21238669.975337,0.000000
-7323633.774154,1546938.879973,66988137.731577,33.439600,-2.004123,0.550867,0.974477,0.869318,0.677393,0.780365,0.694346,0.965475,0.788189,0.374658,0.832796,0.625567,0.435989,0.258918,0.564794,0.542569,0.755052,0.265155,0.569536,0.301301,0.678681,0.110166,0.795701,0.625420,0.017272,0.000454,0.688584,0.968102,0.741142,0.978055,0.466490,0.262986,0.102216,9.848328,20.102620,0.632362,0.246660,0.773413,0.760417,0.658368,0.673102,0.712726,0.733412,0.865221,0.511368,0.051453,46.560400,0.001074,0.004851,8.220952,0.004558,0.004540,0.000431,0.002418,7323633.774154,0.000000
-6095744.514028,1358236.481377,42696617.963204,39.104409,-1.845272,0.738970,0.962912,0.358442,0.012440,0.138691,0.952428,0.668694,0.561790,0.190817,0.072366,0.457955,0.391367,0.277540,0.148964,0.219650,0.584095,0.619503,0.988030,0.296823,0.058775,0.482428,0.851908,0.308118,0.079734,0.042756,0.694163,0.928727,0.956854,0.631889,0.460489,0.296032,0.319978,8.784508,18.708658,0.495490,0.305207,0.828813,0.803525,0.732182,0.711549,0.958215,0.945937,0.842018,0.472535,0.047393,40.895591,0.002711,0.004916,3.109624,0.004590,0.004602,0.000797,0.002052,6095744.514028,0.000000
-8348161.530107,1647270.559658,54470001.459345,33.691582,-1.901384,0.906761,0.975414,0.881467,0.064525,0.834652,0.941259,0.885800,0.538461,0.404800,0.325841,0.568282,0.668808,0.883894,0.174372,0.885882,0.683187,0.580267,0.988987,0.437173,0.771228,0.235170,0.299204,0.390100,0.010489,0.043364,0.646262,0.931114,0.735121,0.853218,0.468859,0.158746,0.221960,12.792603,19.210921,0.722622,0.213742,0.791235,0.773110,0.652980,0.670336,0.873199,0.881741,0.850638,0.522339,0.031557,46.308418,0.003220,0.017990,13.095705,0.004685,0.004684,0.000853,0.001996,8348161.530107,0.000000
-16195030.749468,1804066.626296,84298637.124576,43.405245,-1.726306,0.891480,0.976665,0.838186,0.667324,0.784208,0.646644,0.884856,0.236575,0.412659,0.128983,0.562153,0.465410,0.294289,0.863814,0.625892,0.686807,0.742588,0.986447,0.123907,0.734561,0.237521,0.595381,0.370688,0.026730,0.453634,0.089403,0.951450,0.964311,0.302722,0.428880,0.261858,0.226455,11.972523,6.592858,0.223314,0.178163,0.699337,0.748632,0.548212,0.557990,0.826313,0.886369,0.822060,0.341254,0.126208,36.594755,0.001040,0.002110,8.658978,0.003732,0.003746,0.000223,0.002626,16195030.749468,0.000000
-14593054.937474,1550000.398732,80068228.961853,48.115302,-0.698817,0.789510,0.959833,0.896680,0.117363,0.768925,0.893260,0.277241,0.576101,0.098264,0.323629,0.588496,0.475250,0.344018,0.758252,0.227006,0.404063,0.686420,0.786255,0.286451,0.301495,0.124993,0.852121,0.394733,0.123543,0.269588,0.022464,0.861928,0.960085,0.823901,0.443747,0.163406,0.249102,10.309749,11.967672,0.395266,0.166122,0.588854,0.758727,0.502494,0.649509,0.565609,0.819655,0.502827,0.546651,0.054035,31.884698,0.002127,0.002988,9.680497,0.004302,0.004303,0.000269,0.002580,14593054.937474,0.000000
-5246599.930098,1393087.330924,38877779.188171,36.762618,-1.583520,0.689189,0.998065,0.305148,0.071584,0.140266,0.740789,0.667589,0.499150,0.199838,0.080401,0.455527,0.702247,0.931325,0.836693,0.394531,0.772613,0.574110,0.979715,0.283534,0.751315,0.116753,0.199302,0.394922,0.050530,0.044185,0.046745,0.850138,0.954577,0.623337,0.459050,0.299488,0.169230,12.855204,19.196201,0.232763,0.268601,0.835390,0.808281,0.707044,0.713009,0.926938,0.936972,0.794749,0.469958,0.017600,43.237382,0.002786,0.015478,2.594000,0.004510,0.004526,0.000776,0.002073,5246599.930098,0.000000
-12157346.623179,1823967.267798,78518798.737280,37.076324,-1.559938,0.905544,0.973059,0.879672,0.677239,0.794500,0.785717,0.935583,0.535693,0.285688,0.366610,0.754791,0.309263,0.907427,0.159123,0.892338,0.777552,0.579234,0.983006,0.437587,0.392388,0.235145,0.159590,0.387328,0.009672,0.219273,0.650994,0.929348,0.735352,0.449853,0.413628,0.332229,0.216078,13.767009,14.044231,0.396617,0.207095,0.712573,0.743212,0.592492,0.601585,0.879060,0.888773,0.789851,0.477360,0.152944,42.923676,0.000293,0.014845,12.389652,0.004357,0.004341,0.000738,0.002111,12157346.623179,0.000000
-5150387.082502,1468903.261096,37511793.439382,34.891040,-0.494432,0.927569,0.978261,0.349883,0.058638,0.263718,0.857917,0.886421,0.540350,0.403069,0.325569,0.576047,0.667481,0.882830,0.759586,0.258733,0.683936,0.580270,0.924843,0.453273,0.769997,0.233574,0.004705,0.390421,0.026841,0.043301,0.084029,0.931143,0.965370,0.475778,0.273623,0.437211,0.216098,13.725110,19.391396,0.346986,0.274397,0.758814,0.671107,0.656274,0.583617,0.888908,0.805850,0.390083,0.408601,0.113112,45.108960,0.011335,0.005089,5.664912,0.004812,0.004824,0.000946,0.001903,5150387.082502,0.000000
-3763465.147215,1450193.248480,36769172.331992,32.926347,-1.697708,0.954026,0.763883,0.283952,0.071365,0.798045,0.154493,0.671236,0.345745,0.401591,0.679641,0.746719,0.674138,0.232858,0.256354,0.899658,0.781923,0.767591,0.421700,0.302388,0.496330,0.251664,0.004917,0.305091,0.010296,0.008031,0.695598,0.942771,0.974906,0.474365,0.466773,0.333590,0.106806,13.731874,20.429867,0.680644,0.335446,0.767463,0.805188,0.601897,0.632753,0.812881,0.849377,0.854303,0.405047,0.040485,47.073653,0.006115,0.033373,1.697708,0.004561,0.004589,0.000807,0.002042,3763465.147215,0.000000
-9036389.413772,1251970.893551,54835331.607510,55.013104,-1.357032,0.753678,0.745192,0.304688,0.071584,0.152779,0.735694,0.676881,0.079982,0.339496,0.103643,0.851442,0.391669,0.773944,0.180828,0.448207,0.575860,0.574994,0.985754,0.293634,0.296051,0.108206,0.163325,0.298751,0.302583,0.011403,0.030838,0.845448,0.960430,0.993821,0.444060,0.298636,0.217847,11.735730,20.281216,0.137053,0.243396,0.782884,0.811156,0.692549,0.716170,0.921218,0.946571,0.772122,0.613079,0.046298,24.986896,0.003274,0.014419,1.357032,0.004429,0.004429,0.000802,0.002047,9036389.413772,0.000000
-5275137.999718,1456341.559790,39856349.294109,34.856401,-1.349323,0.690639,0.981076,0.315060,0.064949,0.656182,0.937892,0.666781,0.513507,0.213966,0.768006,0.870129,0.391298,0.929141,0.749005,0.237345,0.783251,0.572156,0.982999,0.293756,0.478708,0.247318,0.206925,0.976853,0.026513,0.041029,0.641580,0.925739,0.954513,0.457037,0.383680,0.235927,0.214883,12.718368,19.296039,0.374027,0.266187,0.813916,0.773286,0.690451,0.681597,0.941783,0.921351,0.740584,0.404690,0.230318,45.143599,0.010149,0.008084,5.297419,0.004798,0.004805,0.000933,0.001916,5275137.999718,0.000000
-5606043.712667,1488593.427961,44634742.766127,34.567081,-1.991919,0.734881,0.973171,0.359657,0.065516,0.797483,0.692513,0.666729,0.522759,0.203541,0.805024,0.698006,0.463073,0.327809,0.173630,0.900393,0.571064,0.653878,0.959699,0.301896,0.064909,0.272067,0.485661,0.390091,0.011066,0.083676,0.677835,0.962532,0.951821,0.643605,0.467394,0.290896,0.118686,11.502591,17.776859,0.685133,0.307300,0.785571,0.813545,0.642743,0.665226,0.828848,0.853696,0.863567,0.478866,0.047343,45.432919,0.003175,0.014430,6.276757,0.004736,0.004755,0.000883,0.001966,5606043.712667,0.000000
-2421620.992448,1231035.294515,55580298.815787,56.159519,-1.773796,0.654982,0.987071,0.305171,0.066142,0.142302,0.692958,0.665977,0.746669,0.677522,0.376527,0.570712,0.462650,0.330915,0.189737,0.315554,0.779325,0.572289,0.694868,0.299762,0.752106,0.109902,0.907682,0.396974,0.299035,0.047874,0.562984,0.939623,0.733746,0.668116,0.442680,0.264029,0.099521,8.733735,18.622455,0.265328,0.218689,0.797788,0.809177,0.660948,0.671287,0.798773,0.816339,0.830312,0.518697,0.089742,23.840481,0.003693,0.012580,2.193860,0.004510,0.004527,0.000736,0.002113,2421620.992448,0.000000
-5704195.763051,1538510.230562,43715006.054827,37.095985,-1.926213,0.954793,0.766625,0.292879,0.064125,0.817511,0.154493,0.961100,0.343615,0.402342,0.683045,0.739913,0.674012,0.292505,0.262530,0.899658,0.777058,0.767591,0.983006,0.437930,0.412457,0.251664,0.002901,0.397839,0.010296,0.218998,0.695598,0.942764,0.988012,0.676146,0.466775,0.298582,0.106806,13.789908,14.067243,0.385110,0.300946,0.767637,0.795162,0.623880,0.646074,0.781651,0.807681,0.854301,0.479150,0.040479,42.904015,0.006702,0.033120,2.852093,0.004412,0.004439,0.000710,0.002139,5704195.763051,0.000000
-18334769.565218,1433085.967107,87872790.762978,75.890140,-1.492046,0.658175,0.968858,0.491526,0.022650,0.158012,0.742390,0.443798,0.153105,0.347652,0.329725,0.755126,0.661027,0.268243,0.163500,0.918238,0.781821,0.782409,0.986253,0.438804,0.468773,0.234124,0.483750,0.306670,0.473757,0.205331,0.858426,0.852084,0.977442,0.632811,0.442631,0.333610,0.248571,10.595983,14.282466,0.269975,0.182909,0.694926,0.814632,0.614303,0.713462,0.877497,0.951206,0.775088,0.465904,0.052173,4.109860,0.003902,0.031519,7.665676,0.004823,0.004840,0.000849,0.002000,18334769.565218,0.000000
-11187005.805154,1281547.547349,71488879.832337,55.207580,-1.563141,0.661075,0.755588,0.495187,0.076950,0.227687,0.587423,0.677227,0.097991,0.208097,0.139763,0.866575,0.307171,0.260510,0.186628,0.449468,0.693767,0.321067,0.421912,0.838305,0.034048,0.149500,0.018658,0.906764,0.280925,0.069780,0.033735,0.934666,0.960367,0.629908,0.411512,0.439212,0.100946,12.996025,18.646861,0.341504,0.280423,0.733013,0.818205,0.652845,0.697630,0.824323,0.864725,0.790523,0.470559,0.106415,24.792420,0.003100,0.015130,4.562873,0.004489,0.004504,0.000718,0.002131,11187005.805154,0.000000
-6323276.242671,1420276.261595,42870772.835554,38.720239,-0.510735,0.793490,0.980973,0.303861,0.064949,0.656182,0.937892,0.664059,0.513507,0.213966,0.388493,0.874322,0.391298,0.929277,0.749005,0.388223,0.777119,0.572156,0.983268,0.301719,0.478812,0.231639,0.485992,0.989348,0.077218,0.037661,0.610215,0.852834,0.954907,0.460908,0.304165,0.263234,0.214628,11.535697,19.190768,0.321203,0.232475,0.752649,0.711570,0.652602,0.618831,0.895089,0.860960,0.399946,0.406085,0.460949,41.279761,0.010633,0.012549,4.651457,0.004726,0.004739,0.000888,0.001961,6323276.242671,0.000000
-5414822.552354,1371417.024535,37678151.567157,37.196715,-1.567709,0.738970,0.677083,0.349798,0.011011,0.148839,0.946361,0.733863,0.561868,0.424248,0.867193,0.443334,0.461695,0.343132,0.183608,0.320207,0.809976,0.768326,0.987773,0.773285,0.054646,0.107011,0.011629,0.308353,0.056837,0.043583,0.681754,0.928727,0.986298,0.991916,0.415145,0.298335,0.250921,13.200243,19.359610,0.323847,0.299280,0.826504,0.789403,0.727591,0.697172,0.954344,0.934591,0.791478,0.602178,0.148923,42.803285,0.005243,0.010636,4.233596,0.004344,0.004363,0.000804,0.002045,5414822.552354,0.000000
-6413145.523738,1300459.478829,42610703.378979,41.622100,-0.306327,0.686054,0.763352,0.286019,0.012186,0.766767,0.696903,0.739807,0.345540,0.405163,0.366037,0.598027,0.298365,0.865880,0.754137,0.213187,0.789757,0.620418,0.372455,0.325628,0.512692,0.113118,0.868483,0.301070,0.122444,0.011661,0.650912,0.860444,0.836596,0.631449,0.277914,0.302306,0.250793,9.997135,19.644290,0.281820,0.232327,0.733231,0.710078,0.636499,0.617620,0.871640,0.850152,0.263854,0.515549,0.458852,38.377900,0.006223,0.007087,2.884340,0.004619,0.004612,0.000866,0.001983,6413145.523738,0.000000
-17002628.656424,1943096.569211,100464356.193563,42.613414,-0.789908,0.696210,0.972558,0.870654,0.659100,0.208725,0.745117,0.664174,0.330971,0.250284,0.816137,0.978582,0.734364,0.786865,0.875056,0.351124,0.754275,0.598253,0.983403,0.254741,0.296300,0.110897,0.037018,0.396552,0.026935,0.419077,0.444103,0.933655,0.978976,0.467402,0.306438,0.272509,0.223806,14.980681,8.131854,0.210609,0.175582,0.549074,0.740617,0.477750,0.583093,0.684646,0.874240,0.546114,0.401065,0.499679,37.386586,0.007248,0.007554,11.529953,0.004317,0.004281,0.000224,0.002625,17002628.656424,0.000000
-17857111.306337,1739530.134249,82168576.905772,49.185987,-1.785075,0.903825,0.779691,0.827911,0.002753,0.649237,0.963566,0.660733,0.236185,0.319890,0.773699,0.830266,0.706722,0.785097,0.724272,0.225736,0.714027,0.602070,0.075031,0.027619,0.504098,0.479997,0.477236,0.971331,0.073807,0.511821,0.693381,0.910396,0.952347,0.653748,0.460178,0.327383,0.222744,12.295472,4.929343,0.231051,0.232278,0.726621,0.778623,0.640056,0.683259,0.900813,0.932796,0.832216,0.482670,0.040410,30.814013,0.012594,0.000007,13.337069,0.003976,0.004000,0.000585,0.002264,17857111.306337,0.000000
-9331667.434564,1642338.622125,62961113.566641,35.306670,-1.578412,0.743349,0.978074,0.723909,0.656859,0.777144,0.936937,0.648614,0.570061,0.311500,0.133830,0.917647,0.462074,0.899872,0.144874,0.877428,0.725829,0.519837,0.178300,0.521975,0.676662,0.123584,0.083383,0.390077,0.039400,0.016665,0.769739,0.930235,0.932010,0.845062,0.416069,0.421064,0.443867,13.957154,20.202366,0.652745,0.263610,0.751545,0.774442,0.658725,0.677943,0.911610,0.925838,0.793698,0.565560,0.046538,44.693330,0.000261,0.002893,12.378736,0.004883,0.004877,0.000749,0.002100,9331667.434564,0.000000
-10593950.902982,1492356.962870,68831802.000188,39.051579,-0.269740,0.740040,0.975042,0.806657,0.370853,0.217759,0.759568,0.666127,0.517781,0.199667,0.202768,0.759105,0.462052,0.270600,0.153760,0.890885,0.574907,0.320730,0.995510,0.848149,0.308330,0.124972,0.900851,0.386721,0.079383,0.041190,0.043720,0.850188,0.962376,0.234260,0.277576,0.264010,0.215039,9.489165,18.790168,0.671634,0.194912,0.624580,0.719938,0.541519,0.608885,0.763835,0.859272,0.236422,0.315019,0.454802,40.948421,0.000628,0.006468,11.718781,0.004877,0.004880,0.000762,0.002087,10593950.902982,0.000000
-14076907.963992,1588708.002707,69126969.758925,46.786385,-0.463443,0.824070,0.770652,0.808417,0.085769,0.802106,0.727891,0.690619,0.581839,0.043249,0.095380,0.589131,0.418387,0.282335,0.752305,0.883204,0.771153,0.766375,0.963863,0.328889,0.289554,0.124718,0.990451,0.298388,0.078814,0.380773,0.032041,0.934625,0.960276,0.367041,0.435941,0.157179,0.199113,9.661695,8.485574,0.230967,0.149149,0.620225,0.715760,0.523567,0.592948,0.603843,0.742488,0.370886,0.367620,0.102591,33.213615,0.001353,0.037883,6.070177,0.003669,0.003691,0.000264,0.002585,14076907.963992,0.000000
-14076907.963992,1588708.002707,69126969.758925,46.786385,-0.463443,0.824070,0.770652,0.808417,0.085769,0.802106,0.727891,0.690619,0.581839,0.043249,0.095380,0.589131,0.418387,0.282335,0.752305,0.883204,0.771153,0.766375,0.963863,0.328889,0.289554,0.124718,0.990451,0.298388,0.078814,0.380773,0.032041,0.934625,0.960276,0.367041,0.435941,0.157179,0.199113,9.661695,8.485574,0.230967,0.149149,0.620225,0.715760,0.523567,0.592948,0.603843,0.742488,0.370886,0.367620,0.102591,33.213615,0.001353,0.037883,6.070177,0.003669,0.003691,0.000264,0.002585,14076907.963992,0.000000
-21062875.692458,1822156.969681,94351133.548865,51.872267,-1.410826,0.953934,0.976198,0.869701,0.071584,0.869813,0.935812,0.410691,0.244001,0.205220,0.134994,0.840090,0.391561,0.247236,0.155353,0.387792,0.783262,0.598868,0.983263,0.052403,0.335619,0.211252,0.473813,0.281950,0.076905,0.616524,0.641580,0.865106,0.982278,0.995598,0.422622,0.298636,0.221236,12.693009,1.791692,0.383330,0.205683,0.660620,0.767932,0.578175,0.667208,0.846652,0.923796,0.756058,0.605173,0.102312,28.127733,0.001052,0.005031,14.323275,0.004292,0.004310,0.000380,0.002469,21062875.692458,0.000000
-17855553.719603,1334393.308150,92871449.136461,73.856206,-0.588413,0.659862,0.855181,0.491526,0.072665,0.240238,0.735804,0.437162,0.132185,0.205386,0.208783,0.760982,0.459798,0.782365,0.175137,0.454321,0.783368,0.769149,0.424017,0.331681,0.031288,0.232699,0.195307,0.396045,0.478526,0.148309,0.848899,0.665240,0.958799,0.257734,0.400371,0.262040,0.112519,11.738583,16.224825,0.227351,0.150514,0.601355,0.763360,0.524945,0.563431,0.779131,0.829901,0.444793,0.325223,0.062411,6.143794,0.003074,0.020066,8.002418,0.004748,0.004746,0.000694,0.002155,17855553.719603,0.000000
-6167211.665129,1417111.318895,42512428.765945,38.843294,-0.278664,0.794032,0.980973,0.285794,0.053125,0.659747,0.937892,0.664059,0.535418,0.215583,0.366051,0.761982,0.391298,0.929277,0.749005,0.388223,0.777119,0.572084,0.983271,0.302977,0.478812,0.231622,0.485992,0.381450,0.078826,0.037661,0.610257,0.853989,0.954907,0.460908,0.277189,0.332452,0.214672,11.493316,19.187814,0.295939,0.237252,0.731781,0.684369,0.630662,0.591601,0.870370,0.825581,0.243206,0.406085,0.410135,41.156706,0.009904,0.012538,3.727898,0.004673,0.004687,0.000859,0.001990,6167211.665129,0.000000
-12603566.339271,1809021.830107,71895040.073272,38.346225,-0.409055,0.905002,0.978258,0.897738,0.677239,0.220001,0.785968,0.935583,0.513782,0.283267,0.388780,0.872565,0.307936,0.907427,0.744337,0.256508,0.777552,0.579308,0.983004,0.452430,0.392388,0.233567,0.003241,0.996022,0.025035,0.219209,0.650951,0.822495,0.965602,0.475406,0.303950,0.263012,0.216054,14.711734,14.172761,0.321242,0.177965,0.635416,0.646602,0.541543,0.551259,0.790500,0.801107,0.335722,0.408382,0.443694,41.653775,0.001736,0.005393,13.144760,0.004426,0.004408,0.000638,0.002211,12603566.339271,0.000000
-11284116.004835,1413290.563714,72411924.952298,42.408837,-1.723815,0.904191,0.752963,0.849339,0.115358,0.298041,0.747017,0.662736,0.522559,0.204160,0.355436,0.760395,0.394769,0.290723,0.174234,0.626616,0.585645,0.584192,0.046932,0.130922,0.440057,0.114212,0.599505,0.278890,0.122421,0.045839,0.683058,0.952565,0.953022,0.678922,0.427919,0.302644,0.095499,10.754194,18.888938,0.826285,0.282243,0.741040,0.802710,0.641181,0.656928,0.745977,0.795169,0.821616,0.492325,0.128956,37.591163,0.002133,0.000039,6.394149,0.004467,0.004486,0.000835,0.002014,11284116.004835,0.000000
-9827255.634532,1707353.653184,70317590.720058,36.927101,-1.958496,0.796986,0.975607,0.703871,0.659939,0.340130,0.584386,0.971147,0.232840,0.671610,0.661880,0.741976,0.307383,0.894176,0.256354,0.899658,0.781923,0.575065,0.387375,0.437903,0.412457,0.251664,0.003500,0.551422,0.010296,0.210448,0.695312,0.953083,0.955750,0.284422,0.466738,0.333590,0.106806,14.290890,14.407129,0.391033,0.258022,0.615893,0.642112,0.385957,0.406551,0.596677,0.651234,0.858930,0.336563,0.044787,43.072899,0.000709,0.010815,9.835873,0.004109,0.004100,0.000621,0.002228,9827255.634532,0.000000
-7619289.921508,1354711.775651,50039544.231913,44.364041,-1.598677,0.686054,0.764063,0.286109,0.011036,0.766767,0.464452,0.739807,0.345618,0.404158,0.366229,0.611915,0.297362,0.880936,0.748609,0.225104,0.788901,0.748759,0.377056,0.041360,0.508549,0.114187,0.120655,0.311921,0.123126,0.126626,0.773308,0.947057,0.748189,0.625729,0.410957,0.312369,0.252131,12.722825,16.791061,0.229307,0.269768,0.794987,0.806717,0.702812,0.712781,0.937224,0.943510,0.797836,0.521695,0.167731,35.635959,0.006077,0.005780,3.050473,0.004472,0.004470,0.000811,0.002038,7619289.921508,0.000000
-6423009.950029,1303775.031757,40300165.150878,41.389333,-0.280704,0.686054,0.768125,0.286019,0.009604,0.766767,0.979121,0.740392,0.345694,0.339056,0.380195,0.590818,0.298478,0.878133,0.748609,0.214712,0.785214,0.767418,0.423196,0.308682,0.508182,0.113124,0.020594,0.925937,0.122444,0.009867,0.567533,0.860444,0.973608,0.480127,0.275103,0.304754,0.239539,13.316525,20.397519,0.285418,0.243893,0.741449,0.686086,0.642771,0.597084,0.877711,0.826026,0.244748,0.407700,0.512186,38.610667,0.006106,0.006811,3.154963,0.004640,0.004637,0.000893,0.001956,6423009.950029,0.000000
-6331499.376838,1287519.618116,44665145.597313,41.655054,-1.356495,0.743183,0.763544,0.284241,0.071137,0.780477,0.173252,0.666015,0.334837,0.350993,0.816741,0.593794,0.414923,0.906216,0.365225,0.223813,0.789844,0.601185,0.415044,0.762854,0.496604,0.111511,0.156189,0.347028,0.124985,0.011655,0.651810,0.943430,0.838222,0.219422,0.395708,0.160939,0.102493,12.709861,20.233089,0.283531,0.253301,0.733082,0.771906,0.510393,0.541852,0.764165,0.816473,0.773930,0.345435,0.205722,38.344946,0.010962,0.006796,1.356495,0.004687,0.004700,0.000887,0.001962,6331499.376838,0.000000
-6419827.400088,1411386.557889,44164416.312532,40.103939,-1.720738,0.952936,0.767633,0.326140,0.166829,0.805341,0.694623,0.964414,0.496093,0.228233,0.822508,0.586028,0.417584,0.902355,0.721151,0.427168,0.785751,0.767396,0.413640,0.267602,0.675282,0.115638,0.987781,0.318543,0.101972,0.011774,0.609427,0.936063,0.987288,0.366543,0.435826,0.295580,0.251659,9.412115,19.568804,0.305096,0.284443,0.821890,0.786748,0.709548,0.696358,0.953409,0.934873,0.821066,0.359390,0.103480,39.896061,0.010345,0.010564,6.501211,0.004683,0.004676,0.000906,0.001943,6419827.400088,0.000000
-7501252.615006,1460746.008688,53612658.290308,41.507168,-2.010572,0.743967,0.973171,0.359657,0.065936,0.776687,0.740527,0.661800,0.197290,0.311164,0.795458,0.444382,0.366458,0.367742,0.162257,0.886731,0.642818,0.338731,0.854292,0.301300,0.750425,0.243511,0.483673,0.396701,0.079121,0.153193,0.693642,0.968527,0.951663,0.640357,0.467377,0.422018,0.126746,11.420454,15.688024,0.500494,0.322215,0.805772,0.807596,0.681929,0.699381,0.882852,0.899418,0.866088,0.477644,0.049834,38.492832,0.002815,0.012550,4.540066,0.004609,0.004631,0.000819,0.002030,7501252.615006,0.000000
-18462030.693021,1436901.496087,92372326.466754,76.043543,-0.490827,0.658175,0.971545,0.491526,0.064944,0.189814,0.742390,0.447154,0.150975,0.219370,0.332991,0.755126,0.634597,0.920864,0.165954,0.385728,0.776956,0.782409,0.986253,0.438831,0.479024,0.234119,0.477119,0.399418,0.471547,0.213758,0.603114,0.852100,0.954521,0.670430,0.302089,0.298601,0.346712,10.773619,14.041016,0.128549,0.126932,0.563425,0.749791,0.492215,0.647590,0.706786,0.891763,0.387880,0.488466,0.207934,3.956457,0.002946,0.015291,8.934543,0.004798,0.004774,0.000640,0.002209,18462030.693021,0.000000
-6347374.748082,1437741.730899,44739196.266352,39.008639,-1.356624,0.793490,0.981039,0.303861,0.063479,0.643846,0.818060,0.660703,0.513507,0.342999,0.388630,0.874322,0.391298,0.276644,0.752727,0.920731,0.777119,0.572156,0.983268,0.301719,0.468561,0.231644,0.485992,0.989348,0.079428,0.042872,0.865526,0.852819,0.977828,0.466552,0.444707,0.263234,0.214628,11.400497,19.033240,0.330681,0.278725,0.811921,0.793792,0.705533,0.697806,0.947636,0.940728,0.778426,0.401092,0.048097,40.991361,0.006040,0.027069,1.356624,0.004308,0.004336,0.000630,0.002219,6347374.748082,0.000000
-11594880.758074,1466219.262572,76138752.137339,38.651025,-0.356334,0.741121,0.961659,0.838444,0.700972,0.147809,0.787595,0.666973,0.495253,0.209336,0.762109,0.744656,0.389102,0.291606,0.174602,0.468650,0.575422,0.570914,0.434554,0.027172,0.296428,0.113296,0.605436,0.710312,0.074648,0.042222,0.052421,0.839814,0.958037,0.694640,0.291126,0.161886,0.215144,10.976233,19.005167,0.809193,0.177566,0.583815,0.714902,0.504226,0.620004,0.556903,0.780481,0.299761,0.496733,0.508293,41.348975,0.000327,0.000245,12.231549,0.004724,0.004720,0.000735,0.002114,11594880.758074,0.000000
-6791240.939897,1371746.883871,53558544.306593,37.275194,-0.977192,0.752812,0.968437,0.354710,0.399311,0.660577,0.162015,0.643116,0.561920,0.213138,0.324170,0.625740,0.386097,0.258720,0.265571,0.449388,0.283992,0.746868,0.980492,0.274328,0.330905,0.115699,0.012902,0.217816,0.052223,0.063524,0.182005,0.937672,0.962629,0.625073,0.415300,0.158060,0.210791,13.541595,18.778299,0.374925,0.231917,0.708224,0.793846,0.610711,0.682729,0.743160,0.844194,0.623634,0.467895,0.152618,42.724806,0.001509,0.003484,3.644011,0.004065,0.004104,0.000501,0.002348,6791240.939897,0.000000
-6299288.647474,1307738.550021,39782805.975952,41.284364,-0.289387,0.904167,0.759026,0.286869,0.007629,0.766767,0.950840,0.739752,0.345618,0.339056,0.366037,0.583303,0.298478,0.790078,0.755316,0.214712,0.789978,0.767418,0.430688,0.770617,0.510689,0.054108,0.028478,0.308105,0.122444,0.005566,0.615421,0.860444,0.837465,0.838196,0.276053,0.265622,0.105379,13.454691,20.525548,0.245165,0.228346,0.748005,0.687214,0.649958,0.599757,0.844129,0.827520,0.251278,0.590633,0.590839,38.715636,0.006438,0.004511,2.939808,0.004631,0.004627,0.000892,0.001957,6299288.647474,0.000000
-17375268.329578,1827831.194129,77865228.522335,52.046947,-1.848845,0.902126,0.977288,0.868445,0.000170,0.765032,0.813528,0.661393,0.237737,0.662538,0.975082,0.630315,0.705827,0.920292,0.374758,0.559742,0.572708,0.551780,0.983333,0.042015,0.295973,0.250955,0.474041,0.632027,0.120725,0.441819,0.644173,0.933655,0.953280,0.685723,0.458433,0.432992,0.106673,12.812377,7.104675,0.289291,0.225734,0.687757,0.697608,0.542201,0.548438,0.653248,0.680690,0.842581,0.494906,0.053663,27.953053,0.011954,0.006457,12.099085,0.004273,0.004279,0.000735,0.002114,17375268.329578,0.000000
-11465787.278666,1448931.798959,77906407.864839,38.702880,-0.402876,0.794054,0.971215,0.838627,0.711820,0.152249,0.583025,0.676938,0.515200,0.209336,0.092879,0.744656,0.389581,0.282316,0.168897,0.893169,0.573384,0.570914,0.428612,0.027172,0.299818,0.124768,0.595957,0.929061,0.075441,0.041908,0.034470,0.937469,0.960338,0.701368,0.274163,0.158520,0.098808,10.900684,19.023228,0.832248,0.173026,0.569215,0.733688,0.492219,0.608549,0.498071,0.698311,0.331605,0.498560,0.650279,41.297120,0.000301,0.000239,8.926160,0.004717,0.004725,0.000712,0.002137,11465787.278666,0.000000
-11717703.625896,1379336.299023,63479271.640843,55.926010,-1.317784,0.823622,0.757452,0.806759,0.073285,0.227398,0.753864,0.668524,0.567824,0.340341,0.139763,0.850665,0.310745,0.291737,0.723699,0.452897,0.704286,0.459935,0.972550,0.838305,0.289204,0.108320,0.628022,0.278758,0.287767,0.070094,0.033735,0.844641,0.962305,0.231671,0.418497,0.261426,0.215947,10.946237,18.230084,0.274387,0.162769,0.758910,0.801755,0.612959,0.619074,0.885874,0.924768,0.732272,0.314026,0.102703,24.073990,0.001090,0.014137,7.101020,0.004590,0.004601,0.000721,0.002128,11717703.625896,0.000000
-7220918.105487,1354852.464154,47973197.350068,39.629781,-0.463390,0.824266,0.676142,0.291084,0.403295,0.802106,0.727891,0.691085,0.560641,0.043249,0.095380,0.613834,0.418489,0.282335,0.752667,0.883204,0.771153,0.620859,0.963863,0.328889,0.285278,0.124718,0.928117,0.302769,0.078814,0.068160,0.032041,0.934625,0.960276,0.367041,0.435941,0.157179,0.199113,10.046707,17.891135,0.108846,0.206327,0.704006,0.750418,0.605233,0.644518,0.740053,0.792281,0.370853,0.367620,0.102591,40.370219,0.004465,0.022484,2.451249,0.003567,0.003610,0.000209,0.002640,7220918.105487,0.000000
-12495259.644416,1671432.749656,62747658.669717,50.607861,-1.486647,0.738774,0.771431,0.803489,0.085629,0.792587,0.957072,0.661716,0.582987,0.406449,0.976238,0.590554,0.413219,0.903651,0.563332,0.563593,0.810832,0.763888,0.983373,0.330612,0.105403,0.111083,0.851050,0.630226,0.123419,0.370292,0.689345,0.943221,0.975191,0.701101,0.395768,0.302785,0.105772,10.693858,8.967414,0.120552,0.201024,0.696580,0.707495,0.552254,0.559924,0.651346,0.670272,0.773870,0.493258,0.205462,29.392139,0.004999,0.024036,11.039740,0.003708,0.003719,0.000450,0.002399,12495259.644416,0.000000
-16190696.496466,1808500.357259,83675044.147000,43.343725,-0.763126,0.789413,0.972960,0.838186,0.644739,0.778219,0.652309,0.889373,0.236311,0.412659,0.129561,0.911172,0.475159,0.294169,0.863291,0.416491,0.686724,0.742587,0.985040,0.262650,0.296031,0.116009,0.083023,0.420185,0.027071,0.453634,0.089403,0.978655,0.986249,0.656336,0.465786,0.165938,0.228791,14.484135,7.013784,0.234145,0.166551,0.581555,0.688947,0.491903,0.582211,0.540402,0.707295,0.533793,0.472070,0.057220,36.656275,0.000999,0.008075,9.965431,0.004131,0.004097,0.000046,0.002803,16190696.496466,0.000000
-7956322.917596,1516629.837734,54278819.016827,33.490519,-1.352822,0.686459,0.760605,0.726465,0.650900,0.783859,0.939298,0.888655,0.350315,0.411706,0.838959,0.593577,0.463791,0.294454,0.173007,0.389604,0.689376,0.602333,0.571339,0.301301,0.858370,0.112257,0.596665,0.395820,0.014111,0.016679,0.019649,0.862986,0.967162,0.862488,0.414595,0.429878,0.217163,10.833716,19.732235,0.527455,0.290935,0.767055,0.749703,0.671284,0.657219,0.922650,0.911490,0.741490,0.559108,0.120283,46.509481,0.000359,0.006924,9.908324,0.004181,0.004202,0.000652,0.002197,7956322.917596,0.000000
-10765045.260240,1456754.210602,72313635.247606,38.215244,-1.501506,0.684976,0.761227,0.820673,0.674344,0.846369,0.954650,0.691494,0.561884,0.334730,0.769223,0.592943,0.429527,0.290558,0.730204,0.452974,0.780545,0.315067,0.430393,0.321980,0.331962,0.488045,0.152042,0.280466,0.079777,0.010037,0.615286,0.860124,0.838746,0.456081,0.439864,0.157121,0.220571,12.684735,20.352967,0.357745,0.213895,0.735631,0.795826,0.629289,0.690336,0.794681,0.908733,0.777206,0.442612,0.061564,41.784756,0.001384,0.006662,10.107974,0.004072,0.004096,0.000622,0.002227,10765045.260240,0.000000
-15544783.083218,1781492.562444,71199405.907271,51.849914,-1.293322,0.689419,0.998067,0.805195,0.067860,0.850988,0.757455,0.676648,0.566343,0.196409,0.774491,0.599648,0.391398,0.941369,0.368255,0.433505,0.702249,0.601748,0.418242,0.838863,0.456659,0.464343,0.600059,0.402562,0.078545,0.607049,0.635881,0.844636,0.960193,0.996987,0.414674,0.242771,0.200858,11.843687,2.020947,0.215077,0.175094,0.725530,0.738879,0.629664,0.641033,0.895770,0.904695,0.725642,0.614413,0.111722,28.150086,0.003097,0.010610,10.523081,0.004031,0.004044,0.000140,0.002709,15544783.083218,0.000000
-5291839.935770,1375675.723981,39557324.501885,36.732665,-1.585981,0.796315,0.997984,0.305148,0.071584,0.140266,0.740789,0.667589,0.497747,0.343177,0.080401,0.455527,0.702247,0.290641,0.836693,0.394531,0.772613,0.574110,0.979715,0.283534,0.759647,0.122964,0.200443,0.909531,0.050530,0.042787,0.046745,0.850138,0.954567,0.623337,0.459470,0.299461,0.169230,12.841601,19.233479,0.286949,0.272874,0.833223,0.806388,0.711983,0.711782,0.930267,0.940834,0.795253,0.469961,0.016766,43.267335,0.002270,0.012689,1.670396,0.004406,0.004429,0.000699,0.002150,5291839.935770,0.000000
-14688675.548951,1672133.582243,89470485.066505,42.997122,-1.866264,0.697177,0.974013,0.867840,0.064773,0.210962,0.625157,0.664127,0.336655,0.204856,0.816782,0.828405,0.464639,0.330312,0.143469,0.324508,0.753202,0.598621,0.077283,0.293089,0.301648,0.110881,0.485742,0.396282,0.027054,0.433219,0.444103,0.939082,0.952676,0.642904,0.458476,0.273345,0.223262,12.783049,7.277652,0.776497,0.240125,0.704925,0.802946,0.625874,0.705020,0.884760,0.939481,0.845299,0.478295,0.055837,37.002878,0.002298,0.000925,10.766120,0.004515,0.004491,0.000397,0.002452,14688675.548951,0.000000
-7408018.619873,1548911.508498,50962126.377829,34.726139,-0.303209,0.931283,0.960414,0.714978,0.069989,0.798364,0.950955,0.795878,0.497813,0.667248,0.194806,0.754558,0.298852,0.878009,0.827570,0.213088,0.779775,0.768014,0.962112,0.755170,0.508556,0.113193,0.151236,0.550837,0.035000,0.004153,0.641987,0.860444,0.836105,0.678452,0.277571,0.299626,0.105824,13.658493,20.516947,0.664916,0.209947,0.700881,0.659698,0.589775,0.569204,0.721724,0.741641,0.261555,0.535088,0.469653,45.273861,0.002503,0.004022,13.281026,0.004938,0.004924,0.000906,0.001943,7408018.619873,0.000000
-12877615.143108,1338935.776264,63007483.173638,68.750632,-1.459185,0.764715,0.977325,0.293381,0.012474,0.799124,0.944783,0.667683,0.346495,0.179140,0.677401,0.780755,0.657366,0.790533,0.752615,0.385762,0.801331,0.687659,0.795392,0.332498,0.712033,0.132831,0.017649,0.306753,0.414459,0.152815,0.642888,0.996199,0.975595,0.291234,0.400678,0.094731,0.225567,12.049811,16.226782,0.066099,0.152369,0.737608,0.794252,0.628948,0.661111,0.625993,0.753919,0.767574,0.333524,0.217317,11.249368,0.021645,0.013123,4.017569,0.004715,0.004729,0.000892,0.001957,12877615.143108,0.000000
-17217058.080156,1783693.251151,121656972.099511,47.189931,-0.536414,0.794274,0.972545,0.728229,0.641164,0.176366,0.648783,0.343891,0.155358,0.313213,0.187868,0.756723,0.471149,0.280594,0.995720,0.431448,0.689187,0.325162,0.425159,0.864421,0.470244,0.222222,0.475523,0.390078,0.033202,0.607011,0.064414,0.852403,0.957699,0.235696,0.307402,0.261729,0.200445,12.008294,2.065419,0.081150,0.160728,0.434591,0.725136,0.379884,0.505728,0.537260,0.860872,0.415158,0.316894,0.447562,32.810069,0.000694,0.007997,9.921551,0.003898,0.003895,0.000065,0.002784,17217058.080156,0.000000
-7873491.464194,1619519.923844,52256712.837175,35.792309,-0.853533,0.952936,0.976351,0.732158,0.166829,0.763382,0.690010,0.968588,0.496309,0.226529,0.822508,0.916957,0.381568,0.902355,0.721083,0.454855,0.785786,0.690890,0.969238,0.330587,0.675249,0.114893,0.208598,0.710436,0.046907,0.011774,0.612390,0.688030,0.987288,0.456081,0.429149,0.295562,0.220361,13.621263,20.252636,0.710740,0.227395,0.759441,0.722222,0.649867,0.621265,0.917314,0.898987,0.574093,0.394096,0.009033,44.207691,0.004164,0.011665,12.124903,0.005013,0.005002,0.001074,0.001775,7873491.464194,0.000000
-13152788.321951,1475615.404820,67455533.257577,56.438895,-0.631819,0.743515,0.975905,0.727312,0.071922,0.777128,0.943616,0.403107,0.569592,0.205201,0.208137,0.919567,0.600407,0.917805,0.974735,0.395260,0.774842,0.599758,0.985365,0.333432,0.337067,0.247392,0.019106,0.397661,0.311636,0.035028,0.641701,0.677963,0.969413,0.998274,0.400137,0.164632,0.220183,14.235398,19.802544,0.446540,0.141720,0.702869,0.774764,0.606344,0.666147,0.872950,0.928953,0.468376,0.611265,0.068949,23.561105,0.010399,0.013895,10.840622,0.004923,0.004896,0.000748,0.002101,13152788.321951,0.000000
-6415371.629875,1429020.521060,45604037.242401,37.367544,-1.883897,0.901954,0.773946,0.365217,0.079930,0.345732,0.747017,0.657078,0.538527,0.204160,0.816782,0.693873,0.703435,0.281710,0.174234,0.215291,0.585645,0.579920,0.077218,0.570337,0.301849,0.481972,0.479609,0.397606,0.027029,0.159040,0.683058,0.930111,0.953022,0.668705,0.466378,0.302644,0.095615,11.063885,15.481540,0.545930,0.312817,0.786430,0.815698,0.641898,0.670682,0.783347,0.823027,0.848003,0.488311,0.036077,42.632456,0.002906,0.003418,4.650814,0.004543,0.004564,0.000815,0.002034,6415371.629875,0.000000
-14106502.743473,1386443.266494,68499555.049638,63.759035,-1.604297,0.904845,0.976381,0.323672,0.005647,0.793520,0.758871,0.662209,0.227553,0.339538,0.822425,0.569812,0.709865,0.771550,0.171919,0.225281,0.699659,0.600910,0.977253,0.807989,0.759709,0.642485,0.598548,0.709144,0.349386,0.156616,0.644250,0.940602,0.960078,0.666640,0.414988,0.173123,0.238925,9.421568,15.612162,0.222743,0.187360,0.757878,0.792639,0.672707,0.701772,0.877570,0.934891,0.798969,0.485047,0.154720,16.240965,0.004886,0.004456,5.250300,0.004834,0.004846,0.000956,0.001893,14106502.743473,0.000000
-18120522.898120,1362868.472647,90770227.810848,73.200150,-1.223146,0.792744,0.853667,0.491526,0.072131,0.223883,0.463181,0.437162,0.132185,0.340108,0.141140,0.758152,0.389326,0.781847,0.766077,0.388239,0.778111,0.574852,0.986116,0.287706,0.031288,0.234077,0.478314,0.396075,0.469211,0.148309,0.613035,0.845543,0.958799,0.246979,0.403417,0.263221,0.112519,10.567847,15.995875,0.025319,0.168704,0.665182,0.734959,0.519485,0.523896,0.741435,0.795809,0.705697,0.321007,0.139590,6.799850,0.008159,0.012408,5.056799,0.004615,0.004609,0.000825,0.002024,18120522.898120,0.000000
-6521044.128499,1387990.258032,44166092.410454,39.374608,-0.464701,0.659744,0.982486,0.303861,0.065487,0.658473,0.937892,0.664059,0.513507,0.213966,0.386254,0.874322,0.461770,0.929277,0.158064,0.454305,0.777111,0.766454,0.432537,0.301719,0.478812,0.231639,0.202984,0.989348,0.086533,0.037661,0.852541,0.846633,0.954907,0.459655,0.301119,0.262053,0.214628,12.817898,19.418883,0.530430,0.235003,0.742577,0.704997,0.643927,0.613064,0.886714,0.854509,0.371677,0.405593,0.469792,40.625392,0.002699,0.019704,4.281042,0.004753,0.004766,0.000910,0.001939,6521044.128499,0.000000
-10635556.194956,1525386.510487,72023690.206030,38.031791,-1.476080,0.684510,0.761227,0.809312,0.711720,0.848395,0.727856,0.662556,0.561588,0.337106,0.973374,0.592455,0.413313,0.919629,0.730204,0.455229,0.811221,0.315067,0.415012,0.312331,0.295057,0.111026,0.152042,0.215866,0.077581,0.009230,0.691714,0.940936,0.975121,0.664531,0.395267,0.157121,0.106895,12.997608,20.390677,0.254936,0.221532,0.723796,0.741739,0.580391,0.593008,0.663656,0.712110,0.771468,0.479040,0.205724,41.968209,0.004551,0.005846,5.889003,0.004028,0.004044,0.000664,0.002185,10635556.194956,0.000000
-7667501.540660,1369219.165754,54559685.299034,42.916572,-1.363320,0.738970,0.676922,0.286156,0.403155,0.792587,0.957800,0.691119,0.584851,0.404573,0.833430,0.615744,0.414931,0.256851,0.563693,0.403156,0.780157,0.622077,0.950444,0.330612,0.101126,0.113711,0.851908,0.701630,0.124342,0.058032,0.612382,0.862897,0.958936,0.458032,0.416278,0.302785,0.200045,9.846454,18.297438,0.106542,0.263445,0.772621,0.789717,0.679764,0.694181,0.926197,0.935942,0.744190,0.403685,0.116220,37.083428,0.005380,0.014698,2.132899,0.003597,0.003632,0.000204,0.002645,7667501.540660,0.000000
-8114631.516580,1656137.355260,59051306.725446,33.008521,-1.534816,0.954796,0.973089,0.870039,0.674239,0.774829,0.760793,0.980386,0.289759,0.420151,0.214601,0.756262,0.677027,0.334646,0.832552,0.882082,0.571040,0.583849,0.574249,0.300063,0.019496,0.214320,0.593168,0.550704,0.010989,0.004293,0.694136,0.931183,0.958723,0.691323,0.408844,0.332475,0.102375,11.002670,20.154571,0.658502,0.263074,0.715003,0.734802,0.573451,0.588846,0.681287,0.708536,0.784505,0.495191,0.165743,46.991479,0.002189,0.006457,11.535867,0.004731,0.004733,0.000854,0.001995,8114631.516580,0.000000
-18646096.282965,1800033.386308,79676810.057639,51.822660,-0.530266,0.685170,0.957730,0.852044,0.074881,0.657238,0.944291,0.664839,0.353871,0.210877,0.772499,0.855680,0.414444,0.923503,0.364973,0.455111,0.783245,0.602505,0.431354,0.309527,0.295764,0.479842,0.146890,0.935846,0.076756,0.617940,0.614759,0.860777,0.982277,0.601499,0.303403,0.235903,0.201887,14.293958,2.055624,0.231312,0.156239,0.617181,0.671087,0.528961,0.574211,0.768571,0.823065,0.411552,0.452118,0.468831,28.177340,0.003798,0.012227,11.829156,0.004257,0.004231,0.000173,0.002676,18646096.282965,0.000000
-10824375.640754,1535758.466485,65245442.016657,42.836163,-1.486647,0.738027,0.681437,0.695614,0.403155,0.759329,0.947660,0.662182,0.561790,0.406449,0.971805,0.615256,0.413321,0.916769,0.563401,0.563593,0.810832,0.622077,0.983373,0.330612,0.012624,0.251119,0.851908,0.549779,0.123419,0.057680,0.689310,0.943221,0.981288,0.994216,0.395768,0.302933,0.105735,9.612286,18.363826,0.179455,0.241280,0.747979,0.792646,0.659346,0.683661,0.753440,0.771129,0.773870,0.605023,0.205462,37.163837,0.006099,0.019816,9.364791,0.003996,0.004005,0.000592,0.002257,10824375.640754,0.000000
-17657921.508253,1481776.467377,83840487.649804,60.718852,-1.610156,0.901250,0.969141,0.720577,0.071584,0.765201,0.956367,0.408232,0.261085,0.326971,0.357788,0.599389,0.402630,0.270979,0.748106,0.208545,0.588852,0.742464,0.990869,0.334158,0.434518,0.251011,0.267785,0.965293,0.309862,0.165561,0.609504,0.910461,0.978710,0.657813,0.431099,0.295181,0.236223,12.540377,15.635706,0.399164,0.208588,0.714340,0.804752,0.633082,0.708119,0.888494,0.944620,0.800144,0.475201,0.102980,19.281148,0.001712,0.003066,12.714962,0.004702,0.004707,0.000744,0.002105,17657921.508253,0.000000
-6322910.836857,1424899.492037,43174016.732477,38.720239,-1.489200,0.793693,0.980990,0.303861,0.064947,0.656182,0.937892,0.663778,0.513507,0.213966,0.388500,0.874322,0.391298,0.788244,0.141356,0.319863,0.777118,0.575899,0.966017,0.301719,0.478812,0.229015,0.485992,0.989348,0.077218,0.037661,0.768156,0.852877,0.954907,0.460908,0.441734,0.263234,0.214732,11.430668,19.187266,0.493670,0.276295,0.816041,0.785377,0.704914,0.691196,0.948384,0.935924,0.774447,0.406085,0.054425,41.279761,0.002238,0.009545,4.578960,0.004740,0.004754,0.000896,0.001953,6322910.836857,0.000000
-11844100.231617,1298970.578723,66012092.249294,55.919208,-0.485761,0.793871,0.755588,0.806657,0.071352,0.227687,0.581857,0.676827,0.562237,0.299948,0.209419,0.850665,0.311782,0.282447,0.144999,0.407403,0.784166,0.458366,0.213961,0.553305,0.300505,0.108851,0.483446,0.366093,0.288345,0.069780,0.033735,0.929893,0.960367,0.229974,0.273111,0.261768,0.099586,11.273824,18.347333,0.589998,0.156035,0.668770,0.701094,0.448961,0.461537,0.666762,0.717982,0.384771,0.313903,0.650650,24.080792,0.001619,0.003499,4.697569,0.004621,0.004637,0.000720,0.002129,11844100.231617,0.000000
-17992965.925777,1608277.305369,99024298.595114,70.116475,-1.898943,0.901723,0.972502,0.860664,0.002188,0.173815,0.895266,0.325575,0.237737,0.662538,0.370709,0.756211,0.705827,0.257194,0.374707,0.237272,0.572708,0.599711,0.973214,0.036282,0.295973,0.115375,0.477792,0.396481,0.312298,0.439315,0.644173,0.949278,0.757201,0.682557,0.458565,0.266919,0.238807,12.599819,7.240999,0.326231,0.162763,0.696625,0.827144,0.620043,0.712808,0.878426,0.942441,0.850273,0.524435,0.059905,9.883525,0.002239,0.003623,13.076352,0.004557,0.004565,0.000527,0.002322,17992965.925777,0.000000
-6235480.442266,1494770.621687,44328751.851334,33.408262,-2.012026,0.751963,0.840000,0.332980,0.662410,0.146450,0.748440,0.666035,0.567866,0.249994,0.795458,0.697038,0.703838,0.901428,0.094068,0.894168,0.712677,0.653878,0.981560,0.332203,0.064909,0.230114,0.071678,0.396939,0.011041,0.028952,0.683832,0.966912,0.952592,0.466134,0.468505,0.155679,0.105437,12.618316,19.785849,0.248485,0.269109,0.710436,0.742628,0.532865,0.558870,0.699885,0.745566,0.866283,0.408871,0.046901,46.591738,0.000127,0.011782,6.012354,0.004000,0.004011,0.000613,0.002236,6235480.442266,0.000000
-11347277.593196,1592057.072346,63866614.388666,42.931155,-1.744647,0.659019,0.964569,0.902737,0.015601,0.781397,0.690531,0.941405,0.518900,0.422427,0.048145,0.934223,0.674579,0.332807,0.038832,0.872378,0.587575,0.513481,0.680827,0.302031,0.685192,0.248648,0.477757,0.544985,0.078184,0.218991,0.642566,0.932346,0.729246,0.687744,0.441670,0.273142,0.208100,12.217888,13.789959,0.656130,0.212040,0.776172,0.756892,0.684214,0.668555,0.923357,0.917759,0.825293,0.519562,0.088831,37.068845,0.000479,0.013610,9.321179,0.004475,0.004460,0.000357,0.002492,11347277.593196,0.000000
-7795912.943422,1429880.147043,58868520.332512,34.279432,-0.228757,0.550091,0.973028,0.806657,0.088863,0.227687,0.585478,0.676827,0.567824,0.315044,0.139763,0.627256,0.311446,0.280958,0.144999,0.449457,0.578009,0.319078,0.566062,0.835883,0.301890,0.108242,0.797724,0.624570,0.010190,0.069814,0.033735,0.844641,0.951448,0.231671,0.275076,0.262643,0.103983,10.087881,17.959899,0.874913,0.208291,0.662158,0.713259,0.427551,0.465167,0.669421,0.748670,0.204478,0.317073,0.585300,45.720568,0.001911,0.007348,5.098417,0.004240,0.004219,0.000146,0.002703,7795912.943422,0.000000
-15137931.793135,1968950.469419,77376728.151579,41.284081,-1.036839,0.901981,0.972348,0.870088,0.671621,0.243503,0.808586,0.974170,0.290654,0.416125,0.393200,0.827750,0.683956,0.905367,0.374758,0.879739,0.570269,0.599793,0.983332,0.046676,0.019091,0.250990,0.477792,0.396473,0.007647,0.439315,0.644676,0.933653,0.949786,0.285454,0.337245,0.433731,0.238807,12.740774,7.131995,0.253709,0.205460,0.666402,0.684931,0.537659,0.546325,0.827724,0.844102,0.645426,0.338697,0.114248,38.715919,0.001393,0.000489,12.861443,0.004238,0.004246,0.000546,0.002303,15137931.793135,0.000000
-11351769.661731,1527885.104933,74725094.592392,38.531017,-0.555020,0.787527,0.973080,0.838720,0.667467,0.157015,0.755032,0.668635,0.515200,0.209336,0.128865,0.590815,0.475284,0.294233,0.749292,0.626932,0.575422,0.570914,0.984885,0.028465,0.289294,0.124846,0.595964,0.298028,0.074863,0.036284,0.034470,0.937469,0.962273,0.701368,0.417584,0.158173,0.215144,11.005176,19.203799,0.529658,0.185618,0.595270,0.743671,0.508953,0.633554,0.557883,0.781877,0.425939,0.497879,0.146926,41.468983,0.001520,0.000276,10.282860,0.004528,0.004530,0.000602,0.002247,11351769.661731,0.000000
-16402873.394022,1797921.352633,84388020.776829,43.527828,-0.656468,0.823723,0.960306,0.838195,0.708001,0.779154,0.632435,0.889373,0.236311,0.412659,0.092998,0.747725,0.388755,0.291543,0.863291,0.895568,0.686807,0.742587,0.979918,0.122614,0.296031,0.125328,0.595374,0.394827,0.026730,0.459611,0.089403,0.951450,0.964406,0.295142,0.428912,0.164343,0.225933,12.165599,6.414839,0.214211,0.149368,0.572353,0.695961,0.481985,0.544401,0.524214,0.718583,0.481320,0.338262,0.126135,36.472172,0.000555,0.001898,9.080634,0.004019,0.004034,0.000257,0.002592,16402873.394022,0.000000
-5335125.136836,1551092.648515,39812172.237059,33.620529,-1.901384,0.904444,0.973051,0.354254,0.058667,0.834652,0.857387,0.886453,0.538453,0.414492,0.325841,0.570612,0.668808,0.882830,0.174372,0.894563,0.683936,0.580267,0.989485,0.490930,0.769997,0.235170,0.160665,0.389827,0.009882,0.043364,0.646262,0.931114,0.735121,0.401278,0.468859,0.437064,0.216078,13.364267,19.272356,0.638556,0.290423,0.822679,0.783923,0.668710,0.685337,0.937978,0.936140,0.850638,0.456579,0.013223,46.379471,0.003351,0.020174,8.669802,0.005005,0.005013,0.001048,0.001801,5335125.136836,0.000000
-14995574.984088,1440372.172330,72384354.382192,55.104562,-1.511267,0.753678,0.743515,0.872640,0.071380,0.657219,0.736937,0.664998,0.348820,0.338585,0.772345,0.855497,0.387161,0.766800,0.366845,0.448207,0.575860,0.574994,0.985754,0.293634,0.296051,0.108206,0.163325,0.316749,0.303799,0.011403,0.030838,0.864418,0.960430,0.593919,0.439170,0.298374,0.217847,13.038531,20.389554,0.234882,0.184830,0.747003,0.820970,0.659871,0.713118,0.896342,0.942093,0.779370,0.456440,0.064925,24.895438,0.004132,0.014288,6.584063,0.004574,0.004583,0.000795,0.002054,14995574.984088,0.000000
-16587872.438231,1423260.834670,86620740.569508,56.934403,-1.336671,0.660401,0.977951,0.719636,0.072202,0.801301,0.934561,0.243899,0.350611,0.046880,0.318598,0.767049,0.614072,0.305143,0.193467,0.488750,0.767280,0.764408,0.393372,0.042987,0.701255,0.109613,0.624279,0.285719,0.277582,0.126836,0.085875,0.861588,0.897663,0.524054,0.412793,0.297647,0.248080,10.902233,16.486013,0.832162,0.192666,0.684061,0.811223,0.606382,0.711856,0.855510,0.947215,0.737281,0.449972,0.123980,23.065597,0.003342,0.003242,9.519632,0.004729,0.004708,0.000577,0.002272,16587872.438231,0.000000
-10784418.340593,1908029.048401,73356530.353459,37.197277,-1.559292,0.961407,0.975401,0.897716,0.674239,0.786364,0.720984,0.980346,0.289759,0.194590,0.327778,0.741919,0.679218,0.906575,0.851861,0.897447,0.772759,0.581709,0.983006,0.435649,0.016117,0.215487,0.483098,0.554025,0.010296,0.219827,0.695674,0.938916,0.735489,0.647247,0.408844,0.331982,0.210363,12.221453,13.765268,0.330334,0.206706,0.727573,0.756689,0.628951,0.635832,0.879009,0.886038,0.789715,0.519642,0.169315,42.802723,0.006652,0.014772,11.305632,0.004397,0.004398,0.000706,0.002143,10784418.340593,0.000000
-6002825.586135,1414885.768567,42301677.430840,36.881963,-1.267845,0.757645,0.740334,0.305148,0.368015,0.212622,0.683539,0.738097,0.366954,0.201686,0.077582,0.455527,0.379514,0.281163,0.741509,0.385307,0.499198,0.573827,0.979732,0.784552,0.523543,0.248621,0.201618,0.390058,0.052074,0.044207,0.707003,0.934271,0.969366,0.995294,0.459467,0.411965,0.170668,10.919360,19.182051,0.059979,0.328895,0.826388,0.811519,0.728696,0.716666,0.953980,0.949812,0.843838,0.610120,0.051791,43.118037,0.002818,0.010361,1.267845,0.003461,0.003482,0.000225,0.002624,6002825.586135,0.000000
-5996066.911851,1434400.500579,46527708.290617,34.193376,-0.246902,0.739480,0.761342,0.349648,0.675213,0.260793,0.732824,0.890318,0.583057,0.637398,0.115461,0.907255,0.413643,0.290476,0.972663,0.561372,0.778366,0.510621,0.395540,0.309039,0.502094,0.124495,0.478786,0.394790,0.026328,0.006927,0.613155,0.846543,0.931578,0.980428,0.276380,0.161918,0.438739,11.255781,20.119938,0.143521,0.195033,0.710125,0.675313,0.612160,0.583600,0.851110,0.816598,0.218782,0.619353,0.116183,45.806624,0.003422,0.006464,3.461339,0.003287,0.003301,0.000121,0.002728,5996066.911851,0.000000
-12465359.304197,1329016.520409,68142583.120979,56.920020,-1.328153,0.799258,0.753834,0.806657,0.076935,0.227687,0.930488,0.411571,0.567824,0.345358,0.139763,0.576033,0.311446,0.282447,0.144999,0.449457,0.702249,0.599979,0.957506,0.824882,0.291849,0.108242,0.483198,0.909714,0.301177,0.069780,0.015822,0.844620,0.960367,0.230935,0.420140,0.261974,0.099611,11.319673,18.350901,0.330824,0.158590,0.671999,0.687595,0.437014,0.447901,0.645709,0.700496,0.735034,0.314280,0.098864,23.079980,0.001835,0.014234,8.705730,0.004235,0.004249,0.000594,0.002255,12465359.304197,0.000000
-7269649.025155,1412107.939474,56793133.419971,34.363466,-1.246527,0.656235,0.973171,0.726619,0.076576,0.799736,0.184570,0.667616,0.536688,0.344414,0.137202,0.564093,0.391126,0.168913,0.149178,0.469728,0.646163,0.574493,0.431503,0.301278,0.747045,0.106938,0.493102,0.389298,0.018034,0.046249,0.044286,0.939112,0.733229,0.663140,0.459316,0.273809,0.097403,11.558373,18.903763,1.126898,0.233545,0.735870,0.799585,0.616842,0.644519,0.726036,0.783355,0.712499,0.518678,0.054118,45.636534,0.000880,0.015288,3.535028,0.004680,0.004662,0.000532,0.002317,7269649.025155,0.000000
-5208397.262644,1459557.154788,37709909.227195,35.501259,-0.545633,0.932456,0.960414,0.285440,0.011036,0.798364,0.950955,0.797257,0.514496,0.210175,0.683035,0.754558,0.298349,0.876027,0.827570,0.198836,0.801259,0.768014,0.962198,0.747825,0.505905,0.113193,0.021399,0.308105,0.035000,0.042439,0.641987,0.934931,0.965366,0.282684,0.277914,0.300430,0.215272,13.750090,19.414362,0.317128,0.246619,0.767190,0.680260,0.643175,0.594252,0.896739,0.817115,0.420525,0.333115,0.492068,44.498741,0.005614,0.003988,4.555499,0.004820,0.004832,0.000943,0.001906,5208397.262644,0.000000
-8424662.639413,1594475.703140,55858860.721671,35.728192,-0.853533,0.952936,0.969115,0.864260,0.169028,0.321059,0.694623,0.968588,0.496309,0.226529,0.828277,0.740341,0.383656,0.902355,0.721083,0.454855,0.785940,0.690890,0.413640,0.438889,0.675282,0.241564,0.208220,0.710436,0.046057,0.011774,0.694046,0.688030,0.987046,0.456081,0.429149,0.293169,0.098807,13.542833,20.254110,0.740632,0.231364,0.666816,0.688698,0.486164,0.503566,0.625822,0.657531,0.574093,0.394171,0.009033,44.271808,0.003814,0.011639,11.132008,0.004923,0.004926,0.001032,0.001817,8424662.639413,0.000000
-9489031.561993,1580749.356872,70453638.175202,34.000437,-0.471073,0.794929,0.974096,0.867660,0.668688,0.227687,0.494032,0.676827,0.567824,0.420080,0.141006,0.850665,0.305615,0.318221,0.144999,0.469674,0.702913,0.464744,0.421912,0.822219,0.299727,0.106054,0.628046,0.909714,0.006886,0.070266,0.687496,0.932442,0.960367,0.231671,0.270649,0.330756,0.099865,10.985976,18.123207,0.670936,0.229655,0.623966,0.659766,0.384069,0.410658,0.599212,0.676203,0.375668,0.314568,0.419407,45.999563,0.000255,0.007799,8.599401,0.004672,0.004664,0.000611,0.002238,9489031.561993,0.000000
-6777526.802072,1465478.894770,48215171.010828,37.359856,-1.496513,0.738970,0.969389,0.286156,0.385068,0.656699,0.957072,0.641299,0.561357,0.406449,0.976238,0.615256,0.385630,0.903651,0.563693,0.563593,0.820131,0.622077,0.983360,0.330612,0.101126,0.115682,0.851908,0.633503,0.052851,0.057680,0.012415,0.946350,0.984128,0.666182,0.395768,0.302785,0.105772,10.108319,18.296481,0.196338,0.246051,0.755052,0.777992,0.610074,0.628149,0.745952,0.772392,0.776091,0.476608,0.206950,42.640144,0.006468,0.024546,4.376919,0.004135,0.004153,0.000537,0.002312,6777526.802072,0.000000
-16289873.073795,1297009.484323,78369322.523346,68.618873,-1.655187,0.682853,0.763081,0.489630,0.072669,0.347711,0.446816,0.443793,0.225223,0.399622,0.142267,0.696220,0.395720,0.780367,0.150107,0.391213,0.696525,0.574439,0.986332,0.551960,0.031152,0.456134,0.623782,0.276712,0.479074,0.015267,0.648807,0.952506,0.955650,0.675991,0.417079,0.285764,0.100932,9.442082,19.886531,0.178772,0.210485,0.732073,0.819661,0.653083,0.681277,0.794666,0.832846,0.808944,0.490254,0.154983,11.381127,0.002355,0.014784,2.504456,0.004736,0.004731,0.000740,0.002109,16289873.073795,0.000000
-11278377.073072,1563318.448009,68521158.705961,41.467146,-1.415010,0.765720,0.977292,0.722919,0.071427,0.802537,0.944783,0.646819,0.499975,0.178854,0.189855,0.781194,0.657366,0.790409,0.752119,0.385762,0.779846,0.687659,0.795307,0.332498,0.720085,0.132831,0.067779,0.548590,0.079779,0.152815,0.642888,0.934597,0.975941,0.675956,0.400335,0.093193,0.251782,14.397344,16.108650,0.571001,0.196038,0.699680,0.776282,0.586548,0.677457,0.525432,0.725919,0.757077,0.483208,0.189251,38.532854,0.011440,0.012537,10.810129,0.004794,0.004766,0.000635,0.002214,11278377.073072,0.000000
-17032288.188838,1786528.964442,73624800.792165,48.726312,-0.503146,0.685132,0.977574,0.852799,0.074881,0.133292,0.753565,0.664814,0.340622,0.672500,0.773873,0.436746,0.387014,0.783649,0.369201,0.352461,0.779069,0.464252,0.979750,0.760887,0.500664,0.480943,0.025055,0.082083,0.046980,0.617033,0.639385,0.840670,0.982150,0.601499,0.308028,0.262407,0.099796,14.696004,2.155917,0.224786,0.166365,0.638242,0.654427,0.467352,0.478870,0.515676,0.561716,0.395375,0.452160,0.438114,31.273688,0.002661,0.013216,10.712224,0.003830,0.003840,0.000161,0.002688,17032288.188838,0.000000
-7471247.166811,1478373.045582,53255790.462629,39.116330,-1.781287,0.761182,0.977201,0.328891,0.444190,0.778178,0.504436,0.635526,0.495507,0.048638,0.341378,0.844817,0.714490,0.709919,0.738941,0.454819,0.625495,0.745471,0.641486,0.004790,0.295911,0.084554,0.010093,0.715330,0.080513,0.048192,0.685927,0.966847,0.745199,0.460708,0.429958,0.324347,0.241401,13.770412,19.273315,0.353964,0.266955,0.798604,0.828410,0.706194,0.720511,0.940604,0.955663,0.831579,0.478308,0.130494,40.883670,0.009067,0.000154,6.667436,0.004403,0.004423,0.000724,0.002125,7471247.166811,0.000000
-16169332.085311,1732887.280190,93436212.989743,45.051293,-1.585553,0.696210,0.968676,0.917944,0.000103,0.208725,0.745117,0.664174,0.332270,0.250284,0.775510,0.828004,0.717425,0.786865,0.728688,0.224715,0.754275,0.602211,0.110629,0.295051,0.330981,0.110897,0.479609,0.396552,0.052078,0.419077,0.049371,0.843906,0.952498,0.466824,0.462897,0.272509,0.223583,13.086978,7.745560,0.497761,0.191665,0.666921,0.792853,0.580830,0.634734,0.799240,0.912679,0.795165,0.409172,0.007430,34.948707,0.011738,0.001689,10.641138,0.004404,0.004371,0.000298,0.002551,16169332.085311,0.000000
-5758500.333899,1342552.810310,41707076.912842,37.970707,-1.264671,0.745693,0.779933,0.311416,0.088021,0.841091,0.728436,0.661694,0.345115,0.211058,0.079349,0.846974,0.581855,0.924867,0.352077,0.390304,0.569373,0.314205,0.233385,0.367886,0.683841,0.231414,0.033741,0.298890,0.076905,0.009836,0.088861,0.868070,0.900187,0.522620,0.398571,0.272544,0.250015,13.607449,20.376939,0.499243,0.253288,0.808170,0.792534,0.710621,0.697963,0.930151,0.933299,0.717668,0.448536,0.162471,42.029293,0.006458,0.012275,4.123170,0.004820,0.004830,0.000898,0.001951,5758500.333899,0.000000
-10947264.441372,1505045.265563,71072574.648361,39.152831,-0.390661,0.793370,0.975042,0.854754,0.370853,0.209022,0.753514,0.676827,0.521587,0.196513,0.206859,0.850706,0.311446,0.291966,0.153235,0.890885,0.567725,0.320730,0.995510,0.769080,0.306944,0.124972,0.628022,0.793399,0.081355,0.041437,0.043720,0.850764,0.962376,0.233950,0.290942,0.259094,0.215039,10.998068,19.017076,0.691986,0.192697,0.630000,0.726827,0.547662,0.602308,0.776937,0.869891,0.323390,0.314898,0.454555,40.847169,0.000624,0.005921,12.213636,0.004876,0.004868,0.000811,0.002038,10947264.441372,0.000000
-19112320.407396,1407296.187919,99089311.789341,63.779439,-0.548511,0.794312,0.763873,0.728229,0.126763,0.176366,0.745500,0.331029,0.155358,0.313178,0.384827,0.756986,0.475640,0.280594,0.995720,0.229511,0.465842,0.682557,0.075149,0.866920,0.470286,0.230074,0.479659,0.390078,0.299617,0.282671,0.682099,0.856103,0.969251,0.292934,0.307402,0.261729,0.100448,11.293251,11.906247,0.121787,0.174968,0.545292,0.727651,0.481499,0.511973,0.669610,0.757400,0.422191,0.336004,0.449752,16.220561,0.001699,0.001032,6.142654,0.004236,0.004255,0.000458,0.002391,19112320.407396,0.000000
-5376126.156396,1414207.260871,39868201.633371,35.043603,-0.361813,0.901954,0.971856,0.359846,0.080329,0.298041,0.942005,0.671433,0.522559,0.204160,0.819197,0.760395,0.705088,0.281710,0.174234,0.215291,0.586506,0.584513,0.230663,0.128461,0.303219,0.115658,0.476668,0.397606,0.027029,0.045813,0.749186,0.925007,0.953022,0.670739,0.261547,0.302644,0.244008,11.390515,18.916765,0.906530,0.249456,0.739404,0.683375,0.640952,0.594681,0.868287,0.812615,0.303587,0.489110,0.527316,44.956397,0.002899,0.003706,4.232839,0.004676,0.004695,0.000872,0.001977,5376126.156396,0.000000
-9971915.092036,1495333.088998,67554696.614330,37.762446,-0.653050,0.792158,0.975050,0.806808,0.372666,0.791098,0.626918,0.676887,0.514466,0.309764,0.204499,0.693715,0.311511,0.332047,0.163370,0.318458,0.778482,0.322282,0.999603,0.791931,0.307465,0.108078,0.963475,0.918357,0.072501,0.006950,0.772389,0.963868,0.962383,0.675086,0.279720,0.257417,0.199716,8.946784,19.770540,0.678895,0.224785,0.655326,0.728526,0.574932,0.636276,0.791092,0.862534,0.479544,0.487554,0.639617,42.237554,0.000693,0.007904,9.129315,0.004827,0.004830,0.000679,0.002170,9971915.092036,0.000000
-16195309.095344,1943580.557698,107538877.522669,42.234509,-1.675003,0.954477,0.976201,0.838326,0.664247,0.869649,0.963566,0.418993,0.243754,0.321190,0.670629,0.841648,0.698152,0.240082,0.858612,0.640094,0.716661,0.314032,0.983266,0.023422,0.286074,0.459722,0.596227,0.279621,0.002595,0.511821,0.693461,0.864844,0.978821,0.652884,0.466518,0.262028,0.222002,11.827881,4.841972,0.262261,0.213149,0.643158,0.789170,0.566372,0.651774,0.839987,0.902354,0.812692,0.473246,0.009000,37.765491,0.000697,0.000229,16.110056,0.004210,0.004225,0.000619,0.002230,16195309.095344,0.000000
-9635526.110821,1661228.823959,56975903.248185,42.651879,-1.573222,0.951601,0.978567,0.888766,0.403155,0.792242,0.963506,0.986035,0.608197,0.406449,0.974157,0.615256,0.413321,0.903651,0.563693,0.563593,0.810832,0.580751,0.983007,0.330612,0.101126,0.111083,0.023241,0.634607,0.123419,0.057680,0.689316,0.943221,0.973164,0.666482,0.408896,0.302785,0.106231,14.221812,19.094825,0.488512,0.216430,0.682826,0.693628,0.538534,0.546814,0.640327,0.645035,0.792624,0.480471,0.171172,37.348121,0.004115,0.016732,14.796481,0.004666,0.004666,0.000950,0.001899,9635526.110821,0.000000
-7662581.301781,1655401.954344,59854714.192206,33.233569,-1.923120,0.841575,0.844534,0.865321,0.402761,0.786919,0.949321,0.665638,0.796106,0.167432,0.243341,0.741946,0.670064,0.882977,0.369789,0.898465,0.810848,0.582144,0.980456,0.331774,0.319237,0.113646,0.863356,0.394223,0.006886,0.029061,0.695946,0.943343,0.952309,0.666707,0.465923,0.158746,0.102387,9.555604,19.183634,0.486693,0.231965,0.677573,0.698294,0.528080,0.544143,0.574363,0.612151,0.853850,0.487775,0.042425,46.766431,0.002752,0.019115,12.380198,0.004552,0.004551,0.000754,0.002095,7662581.301781,0.000000
-6337514.261751,1261617.421782,40358596.838903,41.347116,-0.280704,0.686054,0.763614,0.281641,0.009604,0.766767,0.950840,0.739752,0.345618,0.316645,0.366037,0.593802,0.298478,0.878133,0.154708,0.214712,0.787798,0.336864,0.422976,0.770617,0.508556,0.103771,0.022711,0.308105,0.121284,0.011661,0.650912,0.860444,0.737381,0.233330,0.275103,0.261656,0.104017,13.369951,20.338029,0.337254,0.226419,0.748212,0.703139,0.543488,0.577525,0.812472,0.842513,0.244748,0.383667,0.580250,38.652884,0.003940,0.007729,2.482691,0.004624,0.004621,0.000890,0.001959,6337514.261751,0.000000
-6761266.413491,1355991.993278,47100227.208543,38.930510,-1.500333,0.791156,0.896640,0.352153,0.078222,0.784725,0.763788,0.664431,0.517781,0.196811,0.203086,0.606842,0.311446,0.270600,0.167762,0.225114,0.774831,0.320730,0.991545,0.837122,0.571760,0.124972,0.608189,0.909731,0.078512,0.041437,0.043720,0.845560,0.962376,0.590762,0.447553,0.259315,0.215039,11.039718,18.959504,0.423322,0.254013,0.795502,0.798337,0.696706,0.704633,0.911687,0.918969,0.776944,0.454552,0.039040,41.069490,0.002751,0.006419,4.131269,0.004524,0.004532,0.000762,0.002087,6761266.413491,0.000000
-18598582.944239,1609284.304926,92124417.467567,61.839578,-1.269412,0.748777,0.975401,0.894609,0.009953,0.191097,0.785139,0.349427,0.236843,0.339711,0.327778,0.716343,0.461112,0.921501,0.839942,0.445229,0.775198,0.580348,0.983006,0.291152,0.296099,0.214320,0.003250,0.554025,0.302703,0.219827,0.711185,0.846776,0.738722,0.992798,0.409881,0.297306,0.210363,14.467505,14.241167,0.340755,0.157702,0.663805,0.814645,0.583601,0.708689,0.847411,0.936356,0.719003,0.555704,0.124231,18.160422,0.005154,0.016314,11.430995,0.004749,0.004721,0.000593,0.002256,18598582.944239,0.000000
-8900137.434515,1267256.444883,53945124.704788,55.013104,-1.497592,0.959697,0.745192,0.307794,0.071651,0.153231,0.735694,0.676881,0.079982,0.307254,0.103643,0.851442,0.391669,0.773944,0.180828,0.244009,0.575860,0.575018,0.999716,0.432910,0.300006,0.108206,0.163325,0.298751,0.302583,0.011403,0.016994,0.929857,0.960430,0.993821,0.444060,0.332573,0.217847,11.560007,20.278867,0.103966,0.258433,0.797392,0.821277,0.707940,0.727937,0.935943,0.953599,0.826440,0.612121,0.082522,24.986896,0.003272,0.003920,1.497592,0.004372,0.004373,0.000792,0.002057,8900137.434515,0.000000
-13154902.809785,1307303.414530,65765516.287802,68.713621,-1.459185,0.738806,0.977325,0.293381,0.064785,0.799124,0.944783,0.666923,0.346495,0.103616,0.378750,0.694117,0.415456,0.733034,0.752615,0.165663,0.801331,0.687659,0.795392,0.332498,0.712033,0.132831,0.939900,0.306753,0.410184,0.152815,0.642888,0.996199,0.975595,0.291234,0.400678,0.094731,0.225083,10.935412,15.451800,0.013206,0.158531,0.723563,0.792571,0.618747,0.674798,0.595145,0.744744,0.767574,0.333524,0.217317,11.286379,0.009718,0.004586,3.835104,0.004572,0.004589,0.000803,0.002046,13154902.809785,0.000000
-7110133.596470,1378360.476502,46917393.255887,42.207574,-1.838622,0.793490,0.980973,0.286298,0.064949,0.656182,0.937892,0.664059,0.513199,0.213966,0.388493,0.586589,0.391298,0.929277,0.748603,0.388223,0.777119,0.572895,0.367937,0.301450,0.478812,0.231639,0.457741,0.989348,0.122854,0.037661,0.610215,0.949540,0.756407,0.460908,0.448251,0.302150,0.214439,11.366535,19.220835,0.273278,0.269165,0.821380,0.805737,0.712948,0.714308,0.953273,0.945923,0.840964,0.474202,0.081841,37.792426,0.008414,0.012545,3.004284,0.004637,0.004651,0.000857,0.001992,7110133.596470,0.000000
-4314257.824984,1402645.351665,34502571.221574,33.514645,-0.500295,0.686054,0.763513,0.303671,0.011036,0.766767,0.950840,0.739807,0.345926,0.404940,0.366229,0.881535,0.276060,0.880936,0.749011,0.213088,0.788901,0.766679,0.989165,0.331813,0.508549,0.113193,0.043885,0.311921,0.017551,0.009873,0.773308,0.850351,0.946689,0.631449,0.303890,0.263390,0.250709,13.593314,20.348221,0.363044,0.250807,0.780461,0.708442,0.675693,0.616200,0.915444,0.858322,0.393648,0.475855,0.460591,46.485355,0.005436,0.006786,4.753729,0.004629,0.004621,0.000889,0.001960,4314257.824984,0.000000
-10804897.658982,1445910.145499,62776787.981553,41.434052,-0.288411,0.686054,0.763614,0.869979,0.014179,0.766767,0.950840,0.739752,0.344821,0.338643,0.216922,0.748785,0.413246,0.878133,0.748609,0.210928,0.789978,0.603448,0.422976,0.770617,0.508556,0.113101,0.021399,0.308105,0.122444,0.011661,0.650912,0.860444,0.837570,0.233330,0.275946,0.303182,0.211200,14.044240,20.411495,0.386654,0.203966,0.649854,0.699533,0.563348,0.605102,0.790024,0.839292,0.250546,0.351358,0.455843,38.565948,0.004891,0.006630,7.557006,0.004501,0.004514,0.000434,0.002415,10804897.658982,0.000000
-13852006.399173,1980021.522182,66489414.653958,46.764187,-1.710166,0.955247,0.975401,0.898440,0.674269,0.243945,0.720734,0.696193,0.583905,0.414232,0.342433,0.741919,0.683198,0.906575,0.839942,0.894772,0.772759,0.768968,0.963742,0.431031,0.288038,0.215127,0.990694,0.549088,0.078525,0.380966,0.695563,0.931183,0.727669,0.947680,0.436622,0.331982,0.210363,10.308334,8.559481,0.179960,0.170740,0.769754,0.786412,0.670915,0.674020,0.883426,0.885063,0.819164,0.519362,0.099559,33.235813,0.006472,0.014054,11.215305,0.004181,0.004178,0.000568,0.002281,13852006.399173,0.000000
-4487228.990818,1334775.753204,41764826.667725,36.766757,-1.584717,0.689189,0.969890,0.305141,0.069829,0.146438,0.740457,0.665381,0.796212,0.199838,0.079187,0.633205,0.703782,0.327277,0.023681,0.387928,0.575852,0.591561,0.979715,0.302126,0.751315,0.252962,0.220746,0.394953,0.050530,0.044185,0.046745,0.850622,0.954577,0.623337,0.458984,0.262966,0.104064,12.495535,19.179003,0.544170,0.259312,0.789938,0.797974,0.641503,0.669531,0.801630,0.833033,0.794994,0.469958,0.017933,43.233243,0.000189,0.011656,3.137486,0.004546,0.004568,0.000785,0.002064,4487228.990818,0.000000
-6965361.705151,1550841.038283,53690977.359761,32.632807,-1.885207,0.852463,0.841613,0.865321,0.071015,0.786697,0.138206,0.878863,0.572534,0.622624,0.242522,0.741946,0.670064,0.271346,0.369830,0.896075,0.777521,0.579056,0.980682,0.438437,0.505375,0.241944,0.006536,0.390685,0.006002,0.009479,0.695690,0.931354,0.952077,0.621998,0.465923,0.158746,0.102387,14.392307,20.453319,0.741033,0.254425,0.710447,0.736543,0.556722,0.577341,0.652479,0.693915,0.848202,0.470286,0.037497,47.367193,0.002031,0.023400,2.457246,0.004721,0.004731,0.000885,0.001964,6965361.705151,0.000000
-4008448.278551,1526408.932943,40422783.027460,32.501012,-1.920288,0.949670,0.971664,0.324423,0.081262,0.848545,0.176173,0.660599,0.345594,0.401591,0.681375,0.739033,0.675394,0.283748,0.244109,0.898592,0.781954,0.767591,0.983264,0.437903,0.413046,0.110905,0.003500,0.305091,0.004617,0.008080,0.691835,0.940887,0.955750,0.664808,0.466775,0.339624,0.106806,14.159040,20.451150,0.722618,0.319200,0.770449,0.797680,0.628993,0.650899,0.794414,0.820931,0.853435,0.485831,0.039708,47.498988,0.005248,0.026220,4.841850,0.004798,0.004815,0.000923,0.001926,4008448.278551,0.000000
-10631465.170933,1526260.166810,72398895.192634,38.031791,-1.482006,0.689633,0.765317,0.809312,0.712766,0.797895,0.727856,0.662558,0.561739,0.337106,0.971627,0.592455,0.412057,0.928369,0.730204,0.456295,0.811189,0.315067,0.413836,0.312331,0.294645,0.254867,0.152042,0.215866,0.077581,0.009230,0.695477,0.942813,0.975121,0.632606,0.395267,0.151087,0.106895,12.782835,20.390175,0.260390,0.219582,0.716271,0.734537,0.568366,0.581258,0.654542,0.705224,0.772818,0.466607,0.206618,41.968209,0.004541,0.005831,6.054066,0.004072,0.004088,0.000682,0.002167,10631465.170933,0.000000
-11957902.724696,1683165.551470,93473420.592798,43.083681,-2.073742,0.654828,0.978426,0.869937,0.681298,0.282026,0.694193,0.666194,0.035544,0.628460,0.095052,0.934223,0.425658,0.882119,0.564675,0.547251,0.714314,0.240479,0.217554,0.537955,0.685192,0.248117,0.089501,0.546229,0.080925,0.218991,0.689401,0.965689,0.745586,0.970040,0.480016,0.271773,0.184799,14.023793,14.117826,0.329851,0.226152,0.715173,0.822539,0.637102,0.722327,0.894056,0.910668,0.874286,0.513964,0.023788,36.916319,0.002964,0.001871,9.108392,0.004206,0.004180,0.000121,0.002728,11957902.724696,0.000000
-18357330.468453,1408063.339075,94963753.762682,59.768722,-0.826105,0.794312,0.763873,0.727776,0.126763,0.176366,0.957076,0.331029,0.155358,0.313178,0.378132,0.756986,0.414928,0.269400,0.995720,0.229511,0.465842,0.621850,0.075149,0.866920,0.107559,0.230074,0.477531,0.390078,0.253832,0.282671,0.682260,0.942562,0.975208,0.292934,0.307402,0.261437,0.100600,11.174724,11.878054,0.156835,0.199855,0.586817,0.737758,0.510496,0.522083,0.685906,0.769932,0.562249,0.334296,0.500940,20.231278,0.001220,0.000866,9.887789,0.004237,0.004256,0.000452,0.002397,18357330.468453,0.000000
-9489571.060803,1637845.526634,63284830.596593,34.352153,-0.511042,0.905544,0.976291,0.879672,0.677239,0.223566,0.785968,0.935583,0.550489,0.284882,0.366338,0.760225,0.307936,0.271983,0.744337,0.256508,0.777552,0.581799,0.984130,0.453679,0.379304,0.233795,0.003241,0.389484,0.026643,0.017771,0.650994,0.926874,0.965748,0.999384,0.276919,0.332229,0.216098,14.173235,20.242144,0.525988,0.220076,0.656486,0.643501,0.567493,0.557090,0.793248,0.777911,0.400130,0.613148,0.416955,45.647847,0.000543,0.005535,12.520137,0.004727,0.004717,0.000792,0.002057,9489571.060803,0.000000
-12892888.411617,1412412.238838,83087114.174983,45.555084,-1.729630,0.656757,0.767196,0.837863,0.058992,0.766908,0.716951,0.443786,0.233873,0.400827,0.102165,0.693681,0.397267,0.290461,0.136388,0.390065,0.715924,0.574457,0.404329,0.317754,0.440245,0.233914,0.992811,0.277334,0.123373,0.165936,0.650390,0.952428,0.955675,0.634525,0.428920,0.158062,0.225933,8.647396,14.930722,0.502771,0.244363,0.713608,0.828364,0.637696,0.732854,0.786827,0.938327,0.822650,0.473973,0.126549,34.444916,0.001986,0.010295,5.166379,0.004195,0.004214,0.000162,0.002687,12892888.411617,0.000000
-21021882.587940,1871133.896590,93970602.738430,51.825657,-1.410613,0.958940,0.976198,0.861141,0.165527,0.760092,0.952670,0.403466,0.243271,0.211281,0.809447,0.909442,0.377917,0.254272,0.369289,0.361863,0.783191,0.598868,0.983330,0.330653,0.665760,0.211416,0.210133,0.390222,0.076974,0.616524,0.645636,0.865106,0.881350,0.998274,0.422588,0.298619,0.220884,13.956219,2.028719,0.308629,0.191423,0.663781,0.769431,0.580050,0.667707,0.849258,0.924688,0.756006,0.606610,0.102390,28.174343,0.000745,0.008003,15.140520,0.004390,0.004408,0.000644,0.002205,21021882.587940,0.000000
-10694715.833205,1621420.866384,66765846.224339,38.713602,-1.856336,0.756241,0.834594,0.869937,0.670561,0.781397,0.695662,0.941405,0.568275,0.355809,0.047225,0.934223,0.674579,0.906506,0.092857,0.889807,0.714314,0.504789,0.968154,0.301751,0.475964,0.248117,0.069906,0.544070,0.078184,0.037852,0.644177,0.965689,0.948334,0.685904,0.442781,0.156358,0.214626,13.773091,19.607799,0.373242,0.213186,0.775818,0.785016,0.678417,0.691149,0.856048,0.905956,0.843756,0.496719,0.100735,41.286398,0.000122,0.009200,7.891838,0.004597,0.004605,0.000615,0.002234,10694715.833205,0.000000
-11450071.706717,1411305.271678,67358857.675634,50.551355,-0.511703,0.824761,0.763614,0.286019,0.083868,0.802206,0.950840,0.738405,0.347838,0.339342,0.366037,0.589120,0.298478,0.878133,0.748609,0.209320,0.789978,0.766340,0.418336,0.328668,0.503245,0.124674,0.991190,0.308105,0.122444,0.370366,0.020702,0.932307,0.836596,0.233330,0.275103,0.303182,0.105609,10.773664,8.754307,0.029967,0.178130,0.646793,0.694009,0.444754,0.468684,0.698066,0.755624,0.400526,0.351660,0.455259,29.448645,0.005341,0.004822,3.336425,0.003947,0.003941,0.000522,0.002327,11450071.706717,0.000000
-15527351.111942,1402976.672756,75310985.385895,59.435811,-0.800500,0.782357,0.977331,0.728300,0.126568,0.176366,0.942483,0.337891,0.498168,0.175396,0.386618,0.755295,0.459462,0.282256,0.746025,0.431448,0.458467,0.682557,0.105520,0.864458,0.470244,0.233187,0.145649,0.390078,0.302872,0.145153,0.642981,0.934461,0.960464,0.284751,0.307402,0.262974,0.248957,13.188345,16.352721,0.454554,0.179848,0.660561,0.765321,0.581666,0.669170,0.811275,0.902215,0.550896,0.335332,0.326874,20.564189,0.002363,0.001897,12.107241,0.004916,0.004913,0.000755,0.002094,15527351.111942,0.000000
-14018716.535397,1506706.192998,73139331.522745,45.436904,-1.700833,0.683477,0.763416,0.837863,0.665141,0.221349,0.759444,0.497403,0.528678,0.398101,0.200953,0.593983,0.397267,0.290461,0.748184,0.628313,0.715924,0.574407,0.390900,0.318480,0.434198,0.465090,0.597497,0.390224,0.123373,0.164718,0.650931,0.952512,0.962424,0.634525,0.424278,0.136553,0.225933,10.312923,15.353348,0.247797,0.200443,0.749180,0.828192,0.643767,0.714039,0.778316,0.922938,0.817469,0.471665,0.137552,34.563096,0.001131,0.006075,6.309577,0.003790,0.003813,0.000211,0.002638,14018716.535397,0.000000
-21210827.296783,1621643.917950,126713338.878743,74.744450,-0.536117,0.791517,0.972545,0.785780,0.124980,0.174306,0.940489,0.333717,0.155497,0.207070,0.783706,0.755079,0.471149,0.283760,0.995720,0.474122,0.466703,0.596212,0.228594,0.864458,0.296583,0.231521,0.463131,0.390078,0.302871,0.607011,0.522325,0.852313,0.960707,0.684288,0.307402,0.155103,0.248957,11.272531,2.228924,0.067279,0.102116,0.433394,0.727618,0.381518,0.626506,0.486513,0.875374,0.414985,0.491741,0.447508,5.255550,0.001374,0.004567,12.669636,0.004371,0.004385,0.000465,0.002384,21210827.296783,0.000000
-19552873.920816,1514042.066198,96775148.022068,64.608428,-1.350052,0.660401,0.977951,0.716284,0.072239,0.801301,0.934561,0.243899,0.350611,0.046880,0.318598,0.496334,0.459357,0.312583,0.193467,0.389374,0.767280,0.763117,0.987140,0.052495,0.837344,0.109757,0.624279,0.287328,0.277582,0.368124,0.088004,0.861588,0.897663,0.524054,0.414874,0.299033,0.216922,10.834102,9.235103,0.368285,0.165109,0.655427,0.802687,0.580441,0.689509,0.830806,0.937101,0.740773,0.449972,0.118978,15.391572,0.003376,0.005021,8.587865,0.004285,0.004265,0.000190,0.002659,19552873.920816,0.000000
-15519369.919953,1513849.430354,84241454.881861,45.265957,-1.729894,0.682615,0.763614,0.837863,0.663065,0.766715,0.693267,0.497403,0.350360,0.400827,0.366023,0.593976,0.397267,0.290461,0.748599,0.633404,0.788439,0.574407,0.388030,0.318480,0.432728,0.113799,0.027925,0.276868,0.122465,0.165936,0.663289,0.952512,0.955675,0.634525,0.428920,0.158865,0.222007,13.477948,15.760330,0.219752,0.217422,0.717988,0.831933,0.639428,0.719751,0.807331,0.944347,0.822697,0.473973,0.126586,34.734043,0.001099,0.006055,4.845491,0.003643,0.003673,0.000304,0.002545,15519369.919953,0.000000
-9003594.495921,1672629.295203,74207718.765051,36.933397,-1.958496,0.797622,0.978132,0.703871,0.659939,0.340130,0.584386,0.662645,0.126363,0.671625,0.237974,0.741976,0.307383,0.894176,0.256354,0.899658,0.781923,0.575065,0.184331,0.437903,0.412457,0.251664,0.039114,0.551422,0.010296,0.210448,0.694386,0.953083,0.955750,0.284422,0.466738,0.333063,0.106806,14.105891,14.362252,0.414978,0.270337,0.636341,0.664346,0.410247,0.431916,0.625229,0.690630,0.858930,0.336563,0.044787,43.066603,0.000709,0.003466,9.601496,0.004118,0.004111,0.000626,0.002223,9003594.495921,0.000000
-6786071.039811,1438783.197145,46476755.205774,34.480049,-1.352822,0.684901,0.760617,0.359380,0.650900,0.768433,0.938376,0.888655,0.522754,0.410204,0.816739,0.593577,0.463791,0.282716,0.173027,0.389788,0.580653,0.602333,0.571339,0.301301,0.847060,0.114203,0.596665,0.395820,0.027213,0.016595,0.014793,0.862986,0.967162,0.862488,0.414595,0.429878,0.217163,10.756516,19.714257,0.393950,0.302301,0.790514,0.751140,0.692195,0.659915,0.936413,0.912436,0.741490,0.559108,0.120283,45.519951,0.000359,0.007638,6.210073,0.004019,0.004043,0.000475,0.002374,6786071.039811,0.000000
-6520160.792153,1445281.485889,50482620.822190,34.030958,-0.373561,0.903511,0.763172,0.726931,0.080329,0.313468,0.747939,0.662736,0.350120,0.205662,0.839001,0.760395,0.709579,0.293447,0.174214,0.215108,0.694367,0.584513,0.077218,0.130922,0.314571,0.112265,0.479609,0.397606,0.013926,0.045544,0.690291,0.928707,0.953022,0.678922,0.261547,0.302644,0.095499,11.591561,18.933450,0.950550,0.252934,0.696317,0.710217,0.605608,0.617607,0.753843,0.796179,0.311721,0.492325,0.527316,45.969042,0.002576,0.000348,6.996747,0.004598,0.004614,0.000960,0.001889,6520160.792153,0.000000
-5771263.361197,1462924.503997,41088838.900489,35.502643,-1.910609,0.662252,0.970001,0.369039,0.011036,0.789341,0.949028,0.797257,0.514496,0.210175,0.683175,0.755467,0.298349,0.872783,0.811072,0.198836,0.586750,0.768014,0.962198,0.747825,0.500593,0.231013,0.021399,0.307999,0.035018,0.042439,0.682206,0.934931,0.965366,0.276898,0.468362,0.300430,0.215272,13.806779,19.412526,0.422274,0.299690,0.819835,0.792160,0.650968,0.670374,0.936966,0.940487,0.852010,0.330853,0.034104,44.497357,0.004830,0.004911,8.642852,0.004914,0.004904,0.000853,0.001996,5771263.361197,0.000000
-14244065.420646,1429517.274497,69338736.465606,58.726380,-1.079335,0.764726,0.977325,0.722086,0.072667,0.799125,0.712327,0.665298,0.499975,0.179140,0.197996,0.693742,0.485235,0.260788,0.733407,0.385762,0.779846,0.687659,0.958334,0.332498,0.712033,0.239380,0.147485,0.083204,0.291079,0.152815,0.642888,0.934599,0.975941,0.687002,0.400422,0.079931,0.225567,13.234852,16.132742,0.484402,0.150570,0.687199,0.790106,0.575573,0.679869,0.398992,0.671757,0.660178,0.487508,0.189023,21.273620,0.001850,0.012558,10.201271,0.004784,0.004760,0.000624,0.002225,14244065.420646,0.000000
-5354202.891675,1268527.670329,43602222.273936,41.548399,-0.444389,0.741948,0.758139,0.282292,0.063727,0.780463,0.941034,0.939217,0.586156,0.582413,0.374033,0.590241,0.413568,0.276047,0.730204,0.490896,0.780598,0.768321,0.412165,0.055967,0.502095,0.109767,0.155401,0.291592,0.124164,0.009860,0.104627,0.859868,0.902365,0.460119,0.399463,0.161199,0.252433,12.642522,20.306286,0.369201,0.203207,0.720722,0.683756,0.618670,0.588232,0.773585,0.707751,0.358784,0.422744,0.156310,38.451601,0.007316,0.005796,1.856678,0.004377,0.004405,0.000682,0.002167,5354202.891675,0.000000
-4135039.364300,1405709.461869,36031317.808615,33.054601,-1.943845,0.686054,0.970640,0.365582,0.001540,0.142842,0.950840,0.666715,0.345618,0.407080,0.366229,0.593802,0.298852,0.880936,0.748609,0.213088,0.788901,0.769266,0.377056,0.331545,0.063627,0.113193,0.481514,0.397853,0.010397,0.009873,0.687097,0.947057,0.748035,0.465174,0.467485,0.273164,0.106630,11.280278,19.985912,0.407685,0.298618,0.764781,0.806692,0.593811,0.628317,0.805661,0.844756,0.856848,0.479152,0.040817,46.945399,0.006231,0.006745,4.063264,0.004571,0.004566,0.000851,0.001998,4135039.364300,0.000000
-6556549.047047,1344492.442528,44124078.994651,41.914898,-1.786011,0.656201,0.762848,0.286309,0.007874,0.770375,0.744778,0.739127,0.518841,0.246829,0.795458,0.697038,0.703838,0.327730,0.040043,0.893619,0.585938,0.730492,0.694555,0.301896,0.509834,0.230646,0.031914,0.311007,0.123094,0.028952,0.768433,0.933569,0.733659,0.699882,0.447885,0.301605,0.243396,13.511673,19.824789,0.683112,0.279550,0.824707,0.810671,0.729060,0.717709,0.955545,0.948616,0.832373,0.520864,0.075830,38.085102,0.000530,0.022479,3.753422,0.004747,0.004766,0.000903,0.001946,6556549.047047,0.000000
-10516490.413104,1531959.582200,70982705.873210,37.986524,-0.528446,0.906486,0.779823,0.879672,0.677239,0.746104,0.726609,0.932313,0.535693,0.284884,0.079252,0.763213,0.581312,0.282150,0.230494,0.233642,0.777552,0.312985,0.976326,0.503621,0.682489,0.231390,0.003241,0.300584,0.078763,0.004693,0.650994,0.933600,0.965602,0.474336,0.276488,0.330372,0.216098,13.962007,20.648354,0.432253,0.221870,0.629445,0.669408,0.548566,0.582238,0.762615,0.805178,0.410480,0.407964,0.423744,42.013476,0.000563,0.005202,7.315879,0.004369,0.004386,0.000652,0.002197,10516490.413104,0.000000
-15240397.452309,1817447.286430,78281180.420907,41.976478,-1.036839,0.901994,0.972350,0.870088,0.671621,0.244199,0.899106,0.974170,0.290654,0.416125,0.379268,0.560861,0.467892,0.905367,0.374758,0.240645,0.568451,0.683045,0.242615,0.046676,0.030775,0.250990,0.391317,0.394561,0.015354,0.438239,0.644676,0.933653,0.949786,0.296897,0.337245,0.434685,0.238807,12.908787,7.225543,0.302165,0.216015,0.661751,0.665783,0.574183,0.577886,0.823410,0.826617,0.645426,0.343198,0.112067,38.023522,0.001393,0.000319,12.732824,0.003754,0.003767,0.000244,0.002605,15240397.452309,0.000000
-12656677.233033,1651098.528334,62825505.155771,51.968642,-1.347490,0.793490,0.981496,0.303861,0.063479,0.643846,0.957690,0.658851,0.487756,0.342999,0.206349,0.874322,0.405440,0.276644,0.752727,0.920731,0.777108,0.572156,0.983268,0.301433,0.468561,0.231644,0.063855,0.993444,0.079428,0.613088,0.866157,0.932186,0.977828,0.466552,0.466145,0.263234,0.215727,9.900187,2.213460,0.017337,0.234018,0.782602,0.774972,0.652384,0.661964,0.920789,0.927452,0.848796,0.401092,0.037395,28.031358,0.005282,0.026916,1.347490,0.003227,0.003288,0.000027,0.002822,12656677.233033,0.000000
-16207120.313341,1627330.154618,71952558.627067,70.161856,-1.948399,0.937275,0.991373,0.332815,0.065763,0.765632,0.932802,0.654304,0.237982,0.311711,0.817018,0.825068,0.705827,0.927055,0.374594,0.317796,0.777356,0.746109,0.983332,0.041446,0.504804,0.250955,0.477792,0.396552,0.312079,0.441296,0.641887,0.965288,0.973332,0.686154,0.458433,0.433369,0.199056,10.280744,7.156556,0.070304,0.215550,0.765256,0.784922,0.675240,0.691756,0.924126,0.927095,0.857498,0.488080,0.066857,9.838144,0.012786,0.003864,5.874336,0.004417,0.004437,0.000726,0.002123,16207120.313341,0.000000
-4368289.916143,1373490.406603,50159117.397849,33.141981,-0.836820,0.546989,0.974498,0.305795,0.677130,0.774832,0.755373,0.245955,0.346183,0.045261,0.159679,0.625567,0.474852,0.334643,0.171169,0.544701,0.577179,0.326281,0.567927,0.051087,0.786570,0.109785,0.797332,0.635176,0.010981,0.009237,0.063610,0.968102,0.901731,0.959747,0.442716,0.262637,0.103986,9.500999,19.740926,0.497193,0.281996,0.777397,0.827028,0.679932,0.722742,0.807650,0.843096,0.819534,0.574081,0.101918,46.858019,0.000332,0.000544,0.836820,0.003805,0.003845,0.000385,0.002464,4368289.916143,0.000000
-5045839.345882,1457446.447513,37656492.890373,35.497983,-0.545633,0.932456,0.959722,0.285446,0.011036,0.766762,0.950955,0.797257,0.342217,0.397446,0.369870,0.754558,0.298349,0.880898,0.827570,0.197916,0.801259,0.768014,0.962198,0.747825,0.505905,0.113193,0.021745,0.308141,0.035000,0.042279,0.769652,0.934931,0.965366,0.635837,0.277914,0.300430,0.215223,13.713622,19.413585,0.308984,0.247352,0.764602,0.675706,0.663726,0.590106,0.894700,0.812476,0.420525,0.471175,0.544344,44.502017,0.005921,0.003928,3.662734,0.004801,0.004809,0.000932,0.001917,5045839.345882,0.000000
-6447272.596931,1324846.521244,41742098.227902,41.396335,-1.829156,0.686054,0.764205,0.286103,0.011036,0.798369,0.950840,0.739807,0.517897,0.217668,0.679393,0.593802,0.298852,0.876065,0.748609,0.214008,0.788901,0.767418,0.377056,0.331545,0.508549,0.113193,0.033479,0.311885,0.122444,0.010033,0.645643,0.947057,0.748189,0.278296,0.447976,0.302306,0.250569,13.207183,20.386377,0.291358,0.280651,0.834834,0.808836,0.710891,0.717605,0.960050,0.947525,0.839451,0.399258,0.081378,38.603665,0.005848,0.006883,4.076088,0.004650,0.004646,0.000902,0.001947,6447272.596931,0.000000
-6336365.169599,1293923.522120,45050268.562253,41.581548,-1.058573,0.743183,0.769003,0.284005,0.071137,0.779203,0.210015,0.667867,0.337759,0.350993,0.831223,0.568621,0.414777,0.770442,0.365225,0.225635,0.583882,0.594286,0.405303,0.300919,0.496231,0.111535,0.155484,0.965083,0.124605,0.009860,0.612390,0.943430,0.960184,0.995774,0.395708,0.162511,0.238014,12.718711,20.280544,0.381680,0.263332,0.806130,0.812081,0.713960,0.719179,0.888719,0.927649,0.773930,0.606606,0.205722,38.418452,0.011110,0.005333,1.058573,0.004688,0.004703,0.000883,0.001966,6336365.169599,0.000000
-755089.694660,1160372.936678,78532554.482036,70.146937,-1.676448,0.662708,0.760354,0.366792,0.085010,0.774832,0.583491,0.024184,0.792839,0.314755,0.159679,0.626342,0.464591,0.332312,0.172169,0.545109,0.575085,0.320711,0.571115,0.308044,0.655957,0.294963,0.809911,0.625420,0.500138,0.012062,0.694074,0.968102,0.737386,0.954947,0.440780,0.263309,0.103986,8.551630,19.845449,0.317373,0.195605,0.738002,0.839191,0.660708,0.742931,0.831189,0.858994,0.843036,0.509901,0.106242,9.853063,0.002756,0.015680,1.676448,0.004832,0.004846,0.000831,0.002018,755089.694660,0.000000
-12721224.116351,1386748.240668,65448132.593924,61.549583,-1.608831,0.659031,0.990433,0.303023,0.078122,0.336539,0.746250,0.440958,0.513482,0.203259,0.389721,0.877187,0.676192,0.782285,0.174965,0.390083,0.777255,0.446391,0.114156,0.548727,0.339992,0.231645,0.477379,0.985651,0.296188,0.223580,0.609306,0.852814,0.954968,0.496712,0.468303,0.298414,0.200697,9.870942,13.673286,0.146136,0.227686,0.769853,0.827219,0.679577,0.712403,0.929550,0.947409,0.807188,0.420120,0.000621,18.450417,0.002962,0.005654,1.608831,0.004302,0.004319,0.000706,0.002143,12721224.116351,0.000000
-15253962.227553,2040541.623620,97167301.673638,42.234383,-1.821940,0.903825,0.975635,0.838186,0.664247,0.798324,0.963566,0.959051,0.233962,0.321190,0.670629,0.981214,0.698152,0.785097,0.854996,0.640094,0.714578,0.320528,0.984561,0.023422,0.286074,0.460754,0.595502,0.939025,0.002595,0.511821,0.693461,0.910396,0.978821,0.653878,0.466518,0.293580,0.196451,11.979035,4.869997,0.196216,0.204397,0.683715,0.734963,0.595204,0.601675,0.836441,0.847891,0.838288,0.473633,0.027704,37.765617,0.006850,0.000229,16.479744,0.004340,0.004350,0.000554,0.002295,15253962.227553,0.000000
-15131406.607950,2028794.616951,96415969.175416,42.234383,-1.821940,0.903825,0.975635,0.821198,0.664247,0.798324,0.963566,0.959051,0.233962,0.321190,0.670629,0.981214,0.698152,0.785097,0.854996,0.640094,0.664707,0.320528,0.984561,0.023422,0.286074,0.460754,0.595502,0.939025,0.002595,0.511821,0.693461,0.910396,0.978821,0.653878,0.466518,0.293580,0.196451,11.963318,4.866595,0.193520,0.205473,0.685596,0.734968,0.597992,0.604597,0.839308,0.850665,0.838288,0.473633,0.027704,37.765617,0.006850,0.000229,16.417701,0.004357,0.004366,0.000557,0.002292,15131406.607950,0.000000
-3842958.614896,1352321.674317,35268832.159997,33.480791,-1.298124,0.656667,0.763382,0.363297,0.001455,0.146450,0.943525,0.666035,0.354798,0.046949,0.795458,0.697038,0.588018,0.328388,0.191150,0.893619,0.770886,0.434499,0.645004,0.056710,0.001411,0.230452,0.482966,0.396939,0.011041,0.028936,0.092587,0.933635,0.733505,0.467974,0.442596,0.272463,0.099506,11.027414,19.393285,0.720830,0.248169,0.757768,0.807020,0.581606,0.622215,0.773110,0.825727,0.726957,0.485847,0.087349,46.519209,0.006096,0.009461,3.389706,0.004727,0.004746,0.000892,0.001957,3842958.614896,0.000000
-4648355.961951,1359644.184041,39600114.508519,34.101619,-0.521985,0.900460,0.774261,0.311416,0.071443,0.760887,0.728436,0.661694,0.541024,0.596854,0.366089,0.754495,0.582473,0.303293,0.194331,0.390304,0.576056,0.314633,0.233385,0.348845,0.389456,0.211664,0.002670,0.399728,0.025474,0.009836,0.088861,0.929409,0.965923,0.522517,0.277237,0.270245,0.249797,13.909810,20.386535,0.740375,0.253377,0.756699,0.725082,0.660179,0.634236,0.888362,0.860271,0.406658,0.426694,0.490774,45.898381,0.003719,0.009276,3.258059,0.004688,0.004707,0.000891,0.001958,4648355.961951,0.000000
-19618401.299578,1816955.423747,89439330.347283,52.911478,-1.730957,0.915255,0.977634,0.842120,0.059267,0.772374,0.746072,0.409554,0.233137,0.662688,0.674239,0.583308,0.415333,0.789290,0.160379,0.390715,0.692842,0.743020,0.430642,0.036184,0.752865,0.114931,0.485247,0.284117,0.078893,0.652965,0.612587,0.952476,0.975730,0.850443,0.429109,0.265474,0.225261,12.810858,0.693484,0.305772,0.204022,0.699991,0.796510,0.617548,0.697662,0.876440,0.929917,0.822885,0.551218,0.126127,27.088522,0.002886,0.003267,10.774988,0.003918,0.003935,0.000499,0.002350,19618401.299578,0.000000
-6444058.482866,1524646.259141,55403901.991739,37.197065,-2.003347,0.650082,0.974508,0.355723,0.579798,0.811598,0.928499,0.678290,0.152990,0.197767,0.795458,0.444075,0.701344,0.318209,0.756636,0.557239,0.752939,0.652031,0.833245,0.301299,0.292996,0.109942,0.465219,0.396701,0.026522,0.152881,0.693844,0.968108,0.959051,0.639585,0.466353,0.272788,0.100179,11.738296,15.712517,0.240252,0.291374,0.749916,0.777107,0.600791,0.622181,0.730658,0.768428,0.865117,0.474800,0.051733,42.802935,0.006587,0.011332,5.567013,0.003903,0.003938,0.000430,0.002419,6444058.482866,0.000000
-21284824.401690,1602703.745951,118972023.825286,74.971410,-0.539839,0.794679,0.972545,0.724215,0.126568,0.176366,0.940489,0.339726,0.155358,0.313221,0.816382,0.753397,0.477729,0.280594,0.997104,0.431448,0.466703,0.600260,0.238871,0.062193,0.463654,0.251846,0.477797,0.390078,0.302879,0.613745,0.748227,0.853450,0.952836,0.291110,0.307402,0.261729,0.248816,11.053635,1.999335,0.116684,0.130744,0.461170,0.721658,0.403394,0.620329,0.575787,0.870442,0.417158,0.340034,0.331994,5.028590,0.001602,0.002446,11.365671,0.004400,0.004415,0.000514,0.002335,21284824.401690,0.000000
-5009311.050118,1433618.222998,35853869.375990,34.942431,-1.544019,0.927569,0.765043,0.349388,0.058638,0.254903,0.734112,0.886421,0.539346,0.403873,0.322848,0.570612,0.668808,0.881924,0.193518,0.894563,0.778964,0.580267,0.382088,0.437173,0.769230,0.126004,0.469792,0.394814,0.026382,0.043364,0.084029,0.931153,0.735121,0.450226,0.410277,0.437211,0.216493,11.445526,18.990051,0.443842,0.273079,0.834248,0.787304,0.703062,0.694634,0.951847,0.932864,0.786479,0.477607,0.012918,45.057569,0.004024,0.036518,5.310403,0.004733,0.004744,0.000926,0.001923,5009311.050118,0.000000
-18518941.808246,1460523.882831,93771600.135138,76.664557,-1.836885,0.658175,0.855921,0.491526,0.072669,0.830839,0.743983,0.441014,0.150971,0.353026,0.335511,0.571323,0.660900,0.889075,0.167090,0.888969,0.784070,0.769149,0.986253,0.446981,0.074982,0.234077,0.198490,0.399725,0.477584,0.218970,0.858426,0.959766,0.977442,0.681921,0.442631,0.298601,0.200583,11.735684,14.124080,0.118293,0.185963,0.703480,0.835417,0.627228,0.729508,0.880942,0.942280,0.840687,0.485013,0.098519,3.335443,0.002832,0.033145,7.873709,0.004598,0.004601,0.000680,0.002169,18518941.808246,0.000000
-7800513.491019,1404409.179910,64825898.669173,38.133525,-1.527755,0.687581,0.835189,0.809965,0.066433,0.849043,0.819460,0.690880,0.755386,0.335230,0.830567,0.593373,0.408057,0.413454,0.730204,0.319046,0.780922,0.315067,0.422049,0.312163,0.295057,0.113654,0.152042,0.282889,0.078828,0.009582,0.501759,0.861266,0.958866,0.456081,0.443576,0.159365,0.119290,13.461520,20.366127,0.644199,0.222843,0.740397,0.764948,0.568624,0.587503,0.762921,0.799998,0.782978,0.402942,0.054114,41.866475,0.003180,0.007521,8.604668,0.004538,0.004551,0.000744,0.002105,7800513.491019,0.000000
-17837995.654448,1380897.463097,101529542.164124,73.897507,-1.894188,0.655798,0.979577,0.492864,0.072669,0.347711,0.137755,0.443798,0.092066,0.207365,0.239190,0.570969,0.587421,0.881927,0.838821,0.409589,0.714213,0.579925,0.182233,0.295234,0.710385,0.481013,0.167897,0.393458,0.473785,0.159067,0.640725,0.930110,0.959210,0.997823,0.468162,0.299389,0.100932,10.968570,15.922914,0.137439,0.208270,0.690793,0.836287,0.619052,0.721556,0.761485,0.816491,0.849559,0.611535,0.032527,6.102493,0.010888,0.008622,4.580134,0.004834,0.004812,0.000671,0.002178,17837995.654448,0.000000
-15059731.126159,1581837.452921,75115562.888988,46.106433,-1.448046,0.965272,0.979466,0.720565,0.657535,0.766715,0.941074,0.497403,0.456592,0.312000,0.357045,0.591814,0.467866,0.290461,0.367022,0.633404,0.716190,0.575169,0.387217,0.318480,0.720917,0.245211,0.590804,0.081253,0.131152,0.165936,0.757370,0.864561,0.981964,0.630929,0.428840,0.299749,0.251642,11.209734,15.316880,0.495935,0.229880,0.724386,0.786814,0.636098,0.687995,0.896431,0.935408,0.764971,0.463652,0.087836,33.893567,0.001382,0.006389,14.203714,0.004507,0.004516,0.000804,0.002045,15059731.126159,0.000000
-13772446.431091,1771460.147756,85135850.116968,41.194782,-1.589861,0.697177,0.974021,0.867840,0.064773,0.191831,0.625157,0.683348,0.336655,0.307518,0.809470,0.828405,0.460997,0.908394,0.143469,0.324508,0.753202,0.598749,0.144632,0.293089,0.300080,0.110881,0.485742,0.401110,0.006548,0.439996,0.693009,0.941668,0.958782,0.642904,0.412222,0.332134,0.223262,12.884529,7.071715,0.549390,0.240506,0.687305,0.780461,0.605447,0.682809,0.863935,0.928819,0.796046,0.476193,0.162081,38.805218,0.002298,0.002671,10.812194,0.004498,0.004471,0.000381,0.002468,13772446.431091,0.000000
-18723473.285980,1541155.194646,93034480.965634,61.616363,-1.827497,0.954796,0.975394,0.850753,0.010021,0.210680,0.785139,0.330206,0.236843,0.204806,0.335089,0.716343,0.464754,0.343416,0.839942,0.241032,0.775198,0.580245,0.913548,0.430428,0.301622,0.214320,0.003250,0.549197,0.302703,0.213050,0.445928,0.931185,0.732615,0.992798,0.456134,0.272454,0.210363,14.170756,14.426045,0.441347,0.174234,0.709225,0.837671,0.626954,0.737882,0.875451,0.943972,0.839184,0.521320,0.057388,18.383637,0.002545,0.004659,12.089108,0.004763,0.004769,0.000806,0.002043,18723473.285980,0.000000
-16393684.085645,1571022.612173,83679180.944359,56.060518,-1.848845,0.959534,0.977288,0.870088,0.066482,0.775283,0.948431,0.440528,0.237737,0.203178,0.817018,0.829539,0.705472,0.922026,0.374123,0.409718,0.572708,0.599709,0.983306,0.272808,0.357714,0.250080,0.477792,0.396552,0.312079,0.018570,0.694111,0.933655,0.953129,0.996063,0.458433,0.264893,0.242282,11.653271,19.926002,0.520526,0.205080,0.735344,0.826847,0.652482,0.728326,0.905895,0.955358,0.842581,0.607709,0.053663,23.939482,0.012603,0.008401,16.292684,0.004960,0.004960,0.001001,0.001848,16393684.085645,0.000000
-12808628.326378,1864991.503045,67142775.040484,41.092906,-1.036863,0.901981,0.972348,0.870088,0.671621,0.243593,0.487838,0.974170,0.561701,0.416125,0.393200,0.850668,0.683956,0.321787,0.377907,0.448410,0.570269,0.599793,0.983332,0.046676,0.301127,0.250990,0.632658,0.909748,0.006887,0.431848,0.687164,0.933660,0.949786,0.285454,0.337245,0.433731,0.239946,11.838896,7.256008,0.346684,0.202738,0.702353,0.686301,0.553551,0.563096,0.859913,0.845352,0.645435,0.338697,0.114248,38.907094,0.001415,0.000489,8.094726,0.004317,0.004327,0.000445,0.002404,12808628.326378,0.000000
-6431301.423692,1428254.593905,43548093.624540,38.720054,-0.550347,0.793490,0.980973,0.303861,0.064949,0.757610,0.937892,0.664059,0.509279,0.213966,0.388154,0.913073,0.391298,0.917692,0.749005,0.388223,0.776846,0.572156,0.983268,0.301719,0.657364,0.231612,0.485992,0.373796,0.077216,0.037661,0.610215,0.864973,0.954907,0.473088,0.304165,0.263234,0.214628,11.664919,19.194042,0.350032,0.232724,0.752087,0.709563,0.652837,0.617860,0.894254,0.858688,0.423250,0.410866,0.468201,41.279946,0.009820,0.012543,5.127124,0.004766,0.004778,0.000909,0.001940,6431301.423692,0.000000
-5232157.186795,1326403.724924,41274226.663099,37.974962,-1.216488,0.742909,0.763544,0.284241,0.071137,0.780477,0.176339,0.666019,0.334837,0.350993,0.816741,0.850635,0.414447,0.906281,0.365225,0.223813,0.789844,0.602491,0.415044,0.774047,0.496604,0.490685,0.156189,0.347028,0.076080,0.011655,0.651810,0.859139,0.837479,0.219422,0.395708,0.160939,0.102827,12.242787,20.218281,0.337263,0.248115,0.716202,0.759377,0.488651,0.523989,0.745148,0.801998,0.703731,0.345663,0.165646,42.025038,0.011766,0.006808,2.020971,0.004756,0.004768,0.000931,0.001918,5232157.186795,0.000000
-10840017.763917,1529587.076821,70073260.845991,38.971416,-1.662389,0.953182,0.972983,0.815534,0.166829,0.321059,0.693941,0.668975,0.494082,0.197689,0.092741,0.748733,0.391067,0.328746,0.171241,0.454855,0.575184,0.690890,0.413640,0.267146,0.675282,0.124482,0.486018,0.395726,0.046595,0.158940,0.686802,0.930677,0.987014,0.637842,0.429149,0.157323,0.252097,11.999298,15.549510,0.881131,0.241314,0.745776,0.791035,0.660859,0.698550,0.851682,0.924519,0.810315,0.464641,0.116389,41.028584,0.001726,0.009716,10.255742,0.004798,0.004806,0.000788,0.002061,10840017.763917,0.000000
-12082108.989441,1328269.729989,82166281.589247,50.738931,-0.230741,0.796837,0.753322,0.819681,0.057144,0.789202,0.746605,0.668270,0.119534,0.161084,0.386337,0.760367,0.309493,0.298869,0.169374,0.229433,0.777025,0.342804,0.125936,0.130970,0.918103,0.119292,0.915547,0.918982,0.220165,0.070630,0.749830,0.852714,0.954218,0.995197,0.272414,0.261099,0.200228,8.945257,17.890173,0.702652,0.203718,0.551363,0.689915,0.483597,0.599368,0.671168,0.828926,0.206055,0.616090,0.603578,29.261069,0.001645,0.001446,7.082067,0.004534,0.004556,0.000722,0.002127,12082108.989441,0.000000
-9646251.086649,1495424.200120,63726454.720466,38.533064,-1.609672,0.741121,0.960981,0.870079,0.019056,0.147809,0.755337,0.669083,0.516578,0.204716,0.311078,0.744648,0.699147,0.284887,0.266934,0.468650,0.572748,0.570914,0.982859,0.027172,0.296428,0.251197,0.595957,0.712686,0.073137,0.042222,0.638144,0.937469,0.962355,0.685614,0.417376,0.158173,0.216232,11.073912,19.007858,0.989558,0.235466,0.761954,0.797806,0.674745,0.704685,0.851127,0.921475,0.800047,0.491684,0.147434,41.466936,0.002856,0.003366,10.835894,0.004888,0.004865,0.000712,0.002137,9646251.086649,0.000000
-10664737.390601,1475780.433047,69583614.721170,39.001407,-0.276501,0.793370,0.990583,0.819139,0.370853,0.229030,0.759749,0.676827,0.520332,0.196513,0.209924,0.759105,0.314380,0.270600,0.175154,0.391698,0.574907,0.320730,0.995510,0.832925,0.307812,0.124332,0.628022,0.895012,0.079383,0.041437,0.043720,0.849783,0.962288,0.234260,0.278468,0.259315,0.215039,10.983913,19.006160,0.638811,0.195236,0.621830,0.713903,0.539834,0.615162,0.761292,0.854201,0.241567,0.315044,0.454802,40.998593,0.000787,0.006572,11.424231,0.004840,0.004831,0.000690,0.002159,10664737.390601,0.000000
-4307886.456953,1426554.620625,39902735.998947,33.062533,-1.885207,0.793270,0.969844,0.305485,0.068542,0.810905,0.752997,0.882764,0.798729,0.196930,0.237572,0.435453,0.668186,0.323241,0.370962,0.554533,0.751835,0.582144,0.833937,0.267288,0.327859,0.115065,0.007155,0.390726,0.007579,0.025322,0.614337,0.931354,0.952551,0.639456,0.465923,0.161156,0.253623,14.090593,19.933078,0.637472,0.272340,0.829413,0.784208,0.714409,0.696659,0.896975,0.879783,0.848202,0.476984,0.037497,46.937467,0.005953,0.020712,4.533304,0.004767,0.004784,0.000911,0.001938,4307886.456953,0.000000
-5655031.896799,1358657.683769,41124671.578971,36.765854,-0.369606,0.689940,0.770984,0.305141,0.069829,0.810172,0.740457,0.693671,0.581835,0.200427,0.078856,0.633205,0.704935,0.931325,0.836693,0.483077,0.771278,0.555547,0.999925,0.328135,0.291290,0.249149,0.216066,0.394922,0.050530,0.044185,0.046745,0.941490,0.954577,0.621472,0.436193,0.154631,0.104064,12.452255,19.189136,0.314178,0.211520,0.728530,0.735358,0.619365,0.632447,0.763599,0.758523,0.308993,0.469225,0.105016,43.234146,0.004395,0.021340,5.931311,0.004793,0.004805,0.000814,0.002035,5655031.896799,0.000000
-15257824.294507,1804526.415860,75744201.996957,48.884394,-1.730957,0.907318,0.977634,0.838186,0.072669,0.772374,0.933886,0.407810,0.484757,0.662688,0.674239,0.583308,0.461938,0.789291,0.736561,0.390715,0.775593,0.347559,0.143654,0.036184,0.295436,0.115215,0.464805,0.270944,0.045741,0.626445,0.612587,0.952476,0.933106,0.850443,0.429109,0.282107,0.203162,13.266218,1.509561,0.312013,0.203528,0.736373,0.787894,0.647136,0.690033,0.902647,0.910656,0.822885,0.567271,0.126127,31.115606,0.005053,0.001399,13.763824,0.003949,0.003965,0.000523,0.002326,15257824.294507,0.000000
-8812519.125622,1689153.382055,67299632.501944,35.450743,-1.962325,0.904845,0.976381,0.704243,0.701171,0.801768,0.802785,0.662204,0.226117,0.349668,0.822425,0.569812,0.713237,0.763021,0.171648,0.227062,0.774820,0.573999,0.971747,0.327777,0.752814,0.255239,0.210027,0.549606,0.005760,0.152642,0.694206,0.952878,0.975928,0.666640,0.467513,0.161700,0.237728,13.311344,15.968926,0.493929,0.241596,0.775298,0.811683,0.686348,0.705667,0.870045,0.937127,0.859469,0.479585,0.043147,44.549257,0.000317,0.004746,11.927096,0.004472,0.004476,0.000811,0.002038,8812519.125622,0.000000
-19044617.270467,1568172.056898,84337306.318796,75.185535,-0.536414,0.668809,0.974733,0.726791,0.080224,0.178385,0.935293,0.403399,0.441733,0.313221,0.785619,0.757301,0.298301,0.280594,0.734509,0.431448,0.466703,0.682557,0.228594,0.864458,0.337937,0.232355,0.476718,0.092615,0.311622,0.593297,0.024251,0.852403,0.969223,0.992567,0.307402,0.262423,0.248382,11.389401,2.615654,0.052205,0.129594,0.598241,0.709202,0.516981,0.609644,0.750273,0.859879,0.415158,0.609112,0.447562,4.814465,0.000739,0.005954,11.037721,0.004247,0.004265,0.000267,0.002582,19044617.270467,0.000000
-4324182.490289,1418054.212995,38304996.288496,33.109771,-1.216707,0.793270,0.969844,0.305485,0.068542,0.799237,0.753415,0.882764,0.335668,0.198399,0.237572,0.435453,0.668186,0.728218,0.759405,0.182255,0.751835,0.582144,0.833937,0.267325,0.327859,0.115287,0.007155,0.390726,0.008202,0.025322,0.614603,0.929128,0.952551,0.636013,0.465923,0.095544,0.254125,13.952017,19.926264,0.464992,0.255111,0.766291,0.774607,0.644814,0.652529,0.679041,0.647802,0.703796,0.475631,0.036581,46.890229,0.005924,0.004466,4.958862,0.004820,0.004833,0.000899,0.001950,4324182.490289,0.000000
-9194722.018575,1490576.977117,61213725.545041,38.693826,-1.895579,0.655181,0.969975,0.809634,0.001455,0.227975,0.744884,0.666149,0.518841,0.248969,0.795458,0.759519,0.734456,0.270630,0.040043,0.893619,0.585938,0.632922,0.694555,0.302810,0.304737,0.228091,0.440204,0.396939,0.079624,0.028869,0.682221,0.931946,0.733505,0.470000,0.467394,0.272541,0.099506,11.957723,19.533193,1.142110,0.255683,0.711534,0.735377,0.534893,0.553168,0.691415,0.737307,0.849769,0.486718,0.034806,41.306174,0.000560,0.014855,11.870436,0.005041,0.005043,0.000874,0.001975,9194722.018575,0.000000
-5738955.879557,1424803.493923,43107976.549020,33.737153,-0.285028,0.794605,0.975042,0.362805,0.370853,0.146162,0.759539,0.676713,0.517781,0.196513,0.203086,0.696624,0.280828,0.327701,0.153235,0.890885,0.574907,0.341686,0.995510,0.837122,0.068503,0.127527,0.628266,0.909731,0.010799,0.041520,0.043720,0.852387,0.962376,0.232233,0.278468,0.259237,0.215039,10.448023,18.926117,0.252511,0.225899,0.733986,0.730972,0.626435,0.633013,0.872763,0.869342,0.248007,0.314226,0.453188,46.262847,0.000624,0.015846,2.586839,0.003559,0.003578,0.000297,0.002552,5738955.879557,0.000000
-9269780.083660,1228339.006314,56215597.674025,55.793415,-1.614682,0.959697,0.745192,0.307794,0.071651,0.153231,0.735694,0.676881,0.077861,0.307254,0.124022,0.596803,0.391669,0.772500,0.180828,0.244009,0.514095,0.574469,0.980051,0.431630,0.300006,0.108206,0.088638,0.298751,0.302583,0.035767,0.028868,0.930052,0.960430,0.623585,0.444060,0.332573,0.099691,11.433723,19.598189,0.065157,0.255346,0.795187,0.828966,0.686722,0.700978,0.834522,0.861149,0.826548,0.468060,0.082606,24.206585,0.003272,0.003605,1.614682,0.004242,0.004242,0.000724,0.002125,9269780.083660,0.000000
-16259444.131029,1573345.219634,98527062.882619,55.248448,-1.627081,0.901817,0.977288,0.870088,0.000170,0.765543,0.809153,0.440546,0.237737,0.197388,0.817018,0.827730,0.377660,0.920304,0.369985,0.388481,0.784720,0.599709,0.989354,0.320800,0.358397,0.103648,0.477792,0.393216,0.301350,0.018570,0.644148,0.865974,0.953018,0.658064,0.457665,0.434130,0.245029,11.809453,19.922907,0.567437,0.228251,0.665898,0.825572,0.589613,0.721658,0.857017,0.956413,0.803498,0.484132,0.026977,24.751552,0.003436,0.010202,13.359560,0.004978,0.004980,0.000986,0.001863,16259444.131029,0.000000
-10168320.111659,1604329.303884,63192329.713853,38.720239,-0.513774,0.793490,0.980973,0.856516,0.064949,0.579696,0.937892,0.664059,0.513507,0.218224,0.388493,0.874322,0.425722,0.981312,0.749005,0.387508,0.777275,0.569654,0.983268,0.301690,0.480943,0.231718,0.485992,0.989348,0.077218,0.037661,0.610215,0.852359,0.954752,0.460908,0.304712,0.362629,0.184378,11.842270,19.254965,0.642617,0.219631,0.669935,0.707158,0.577378,0.608704,0.823701,0.857225,0.401767,0.406134,0.307579,41.279761,0.004495,0.012296,12.562093,0.004968,0.004941,0.000785,0.002064,10168320.111659,0.000000
-6776447.174910,1287936.989369,44157542.698064,41.764260,-1.496268,0.743183,0.770979,0.284005,0.071137,0.779203,0.748757,0.667867,0.337759,0.350989,0.828877,0.568621,0.414777,0.734920,0.171485,0.225635,0.573650,0.594286,0.405303,0.300919,0.469463,0.111535,0.481281,0.959373,0.124605,0.014279,0.612390,0.944778,0.960090,0.678543,0.396472,0.160805,0.238014,11.202115,19.884644,0.451595,0.262495,0.810691,0.799588,0.716695,0.709157,0.890330,0.915650,0.776036,0.489705,0.204311,38.235740,0.002993,0.005244,2.777193,0.004685,0.004700,0.000878,0.001971,6776447.174910,0.000000
-18619682.080108,1447142.535395,94606976.576701,76.148054,-1.483003,0.658175,0.969635,0.491526,0.063474,0.177478,0.203649,0.443798,0.150975,0.348407,0.335474,0.755126,0.660900,0.303765,0.363416,0.918238,0.787188,0.782409,0.986253,0.438831,0.495540,0.234124,0.151322,0.405006,0.473757,0.214651,0.858426,0.850736,0.977537,0.992032,0.441867,0.300308,0.248571,11.746005,14.275865,0.169248,0.174285,0.674418,0.832081,0.597290,0.727805,0.861714,0.959332,0.773045,0.605640,0.053217,3.851946,0.007598,0.031754,5.369112,0.004799,0.004816,0.000857,0.001992,18619682.080108,0.000000
-4778256.284466,1384004.061470,36456318.896858,35.072250,-1.566374,0.738970,0.676922,0.349815,0.012161,0.144452,0.692424,0.733863,0.561790,0.421110,0.862771,0.447560,0.461209,0.325953,0.189135,0.319995,0.810832,0.621326,0.988007,0.330579,0.663086,0.106937,0.887057,0.301317,0.027017,0.043583,0.688974,0.928727,0.986298,0.985762,0.414937,0.298335,0.250921,9.071622,18.617236,0.411232,0.307131,0.828914,0.792245,0.729504,0.699442,0.955494,0.936190,0.791199,0.599792,0.149434,44.927750,0.005471,0.010986,2.012526,0.004372,0.004388,0.000792,0.002057,4778256.284466,0.000000
-6775651.492556,1357381.169553,47014815.610090,38.885404,-1.501581,0.791156,0.896640,0.352136,0.078222,0.789112,0.763788,0.664431,0.517781,0.200171,0.207508,0.606842,0.311446,0.269955,0.167762,0.225425,0.774831,0.320730,0.991568,0.837122,0.045425,0.161145,0.606441,0.909731,0.077929,0.041437,0.036790,0.845560,0.962376,0.595917,0.447761,0.259315,0.215039,10.838184,18.963493,0.424680,0.253066,0.794482,0.805987,0.696406,0.710510,0.911592,0.924482,0.777222,0.456570,0.038608,41.114596,0.002751,0.006425,4.138263,0.004517,0.004526,0.000759,0.002090,6775651.492556,0.000000
-12706686.814340,1354386.468845,65904236.999885,59.394637,-1.684460,0.738806,0.972309,0.293381,0.064785,0.760099,0.950633,0.679214,0.346495,0.103616,0.378750,0.469242,0.251615,0.727310,0.752615,0.384936,0.801331,0.682996,0.795392,0.332498,0.457463,0.132831,0.049506,0.306753,0.299620,0.152815,0.616873,0.996199,0.976579,0.544947,0.400636,0.272372,0.225256,11.655556,16.147701,0.041173,0.233343,0.761461,0.782502,0.676934,0.694654,0.914706,0.927762,0.814455,0.431996,0.217429,20.605363,0.002753,0.013710,3.431638,0.004461,0.004471,0.000790,0.002059,12706686.814340,0.000000
-14337658.848043,1270794.102239,83576553.755668,63.350105,-1.224081,0.746952,0.781643,0.724983,0.372678,0.799913,0.722587,0.666651,0.151202,0.605572,0.391887,0.698474,0.471492,0.309017,0.194331,0.171031,0.567512,0.326949,0.233716,0.874282,0.716560,0.231414,0.924768,0.298860,0.410752,0.009836,0.643414,0.934490,0.898645,0.285932,0.399022,0.094903,0.249841,9.145542,19.805813,0.298313,0.150915,0.644031,0.811454,0.546533,0.699513,0.424680,0.805106,0.705972,0.354053,0.192657,16.649895,0.000938,0.002837,6.208788,0.004518,0.004532,0.000594,0.002255,14337658.848043,0.000000
-9484470.347520,1438275.520190,62554910.371447,38.314149,-0.528610,0.793370,0.990583,0.819139,0.164403,0.229030,0.690664,0.676827,0.497449,0.196240,0.108443,0.748815,0.380110,0.270600,0.175154,0.391698,0.575184,0.320730,0.991582,0.259185,0.680436,0.124332,0.627924,0.716276,0.079383,0.011398,0.043720,0.927976,0.962288,0.456428,0.278468,0.259315,0.215039,10.821401,19.902898,0.954513,0.215013,0.669474,0.720181,0.586303,0.628906,0.807716,0.856210,0.410576,0.402002,0.622714,41.685851,0.001817,0.006514,10.757127,0.004918,0.004896,0.000738,0.002111,9484470.347520,0.000000
-9682557.928394,1562192.377587,63237969.911167,36.486851,-0.568516,0.953182,0.972996,0.821792,0.373278,0.321059,0.763708,0.668954,0.519192,0.226802,0.208352,0.759023,0.316049,0.910140,0.749784,0.454855,0.574907,0.690890,0.414098,0.841342,0.302658,0.122973,0.601321,0.895923,0.046595,0.041813,0.020251,0.852483,0.987014,0.233912,0.429149,0.157262,0.251659,11.238649,19.016240,0.538547,0.177513,0.651927,0.752409,0.555398,0.614898,0.661815,0.801966,0.433635,0.308056,0.081794,43.513149,0.002475,0.009761,11.563860,0.004714,0.004698,0.000847,0.002002,9682557.928394,0.000000
-15691776.788748,1902259.655613,99290557.204350,42.378732,-1.986511,0.742221,0.975635,0.821198,0.664247,0.798324,0.963566,0.904942,0.233962,0.321190,0.670629,0.963904,0.698152,0.329007,0.186474,0.640084,0.774752,0.320528,0.984561,0.310586,0.286074,0.249660,0.595748,0.931177,0.002595,0.519252,0.693461,0.962420,0.950843,0.653878,0.466518,0.293580,0.194520,12.071931,4.620751,0.293860,0.222920,0.687630,0.749725,0.609287,0.635211,0.864859,0.878312,0.862827,0.483243,0.049064,37.621268,0.000397,0.007789,13.510098,0.004303,0.004320,0.000264,0.002585,15691776.788748,0.000000
-17411791.496844,1788205.791521,102121250.991985,44.766576,-1.581878,0.796545,0.997986,0.805195,0.067860,0.850988,0.757455,0.677860,0.286661,0.339695,0.774491,0.599294,0.391398,0.300735,0.368255,0.444889,0.702249,0.601777,0.418242,0.838863,0.442572,0.470554,0.601199,0.555258,0.009547,0.605585,0.636184,0.933324,0.732946,0.997209,0.415082,0.304999,0.200311,11.891305,1.994519,0.402256,0.205540,0.636408,0.756421,0.562942,0.662498,0.821457,0.914396,0.794411,0.520671,0.151173,35.233424,0.001797,0.010400,11.028158,0.004041,0.004060,0.000383,0.002466,17411791.496844,0.000000
-11406635.134967,1874099.489250,61469477.206435,42.947206,-1.248708,0.954796,0.975401,0.897716,0.674239,0.243945,0.720734,0.979078,0.568038,0.414285,0.327778,0.742273,0.677158,0.906575,0.839942,0.883441,0.772759,0.580426,0.983006,0.435649,0.038927,0.214320,0.003250,0.915940,0.079294,0.219827,0.695260,0.842494,0.962726,0.992576,0.408857,0.331982,0.210910,14.626206,14.215940,0.274113,0.189917,0.755349,0.723076,0.651522,0.625169,0.903018,0.892950,0.713125,0.611682,0.124748,37.052794,0.006472,0.014846,11.235954,0.004487,0.004488,0.000763,0.002086,11406635.134967,0.000000
-12389976.316386,1306775.320839,73655763.178081,54.914184,-1.738595,0.818341,0.758554,0.304931,0.420756,0.801308,0.941055,0.410366,0.350765,0.021555,0.322956,0.768380,0.400989,0.769631,0.157800,0.633532,0.767280,0.442011,0.645091,0.052403,0.000190,0.110886,0.162455,0.266645,0.302170,0.009351,0.090245,0.928761,0.898188,0.498124,0.442546,0.270097,0.249582,11.876992,20.380993,0.209006,0.212880,0.720794,0.839294,0.634095,0.739466,0.854671,0.947858,0.824233,0.439382,0.085360,25.085816,0.000560,0.001090,2.607388,0.004270,0.004282,0.000675,0.002175,12389976.316386,0.000000
-10622212.327404,1472685.375930,69179916.179576,39.001407,-1.284926,0.792771,0.969992,0.810181,0.371951,0.229030,0.759749,0.676827,0.518498,0.196513,0.348635,0.759105,0.328566,0.270600,0.188372,0.391698,0.574907,0.320730,0.939971,0.829346,0.022690,0.124332,0.628022,0.916725,0.079383,0.041437,0.042959,0.850931,0.962288,0.233592,0.410173,0.298829,0.101700,10.949205,19.006104,0.636360,0.214190,0.643981,0.673318,0.401871,0.424599,0.611255,0.683592,0.723329,0.314783,0.125434,40.998593,0.000890,0.006892,11.658686,0.004838,0.004830,0.000732,0.002117,10622212.327404,0.000000
-4470863.561868,1402937.538886,35631940.424138,34.359715,-0.332170,0.690618,0.855957,0.305180,0.064949,0.139944,0.745836,0.666756,0.474521,0.213966,0.768596,0.596160,0.391298,0.888973,0.177569,0.870140,0.779123,0.653125,0.979831,0.301430,0.045566,0.247272,0.483091,0.296773,0.022043,0.030956,0.855282,0.828269,0.975079,0.458062,0.292722,0.271382,0.214263,10.933575,19.348009,0.332479,0.248484,0.765750,0.730772,0.660406,0.631711,0.903091,0.874826,0.282635,0.398644,0.494197,45.640285,0.003314,0.040200,2.905477,0.004417,0.004414,0.000787,0.002062,4470863.561868,0.000000
-9651569.111710,1463714.311911,64070536.154836,38.556558,-1.609692,0.743155,0.976174,0.858078,0.051496,0.147809,0.755032,0.668629,0.514833,0.209336,0.831096,0.744656,0.389102,0.283761,0.266934,0.468650,0.575422,0.570914,0.405190,0.299859,0.492113,0.113299,0.146204,0.971781,0.074648,0.042161,0.606377,0.937407,0.960173,0.994722,0.417409,0.158173,0.215144,13.737843,19.369082,1.149547,0.240186,0.759230,0.789205,0.668054,0.697989,0.826035,0.900994,0.800051,0.608998,0.147324,41.443442,0.002159,0.012688,12.337863,0.005011,0.005016,0.000879,0.001970,9651569.111710,0.000000
-8436261.201188,1321396.809545,58406425.391716,41.683281,-0.453671,0.741148,0.769003,0.284005,0.717972,0.779203,0.210015,0.667873,0.339504,0.350993,0.311205,0.587350,0.414777,0.778287,0.365225,0.225635,0.583882,0.594286,0.436304,0.028241,0.300545,0.111535,0.605237,0.705978,0.124605,0.009920,0.189347,0.943492,0.962366,0.694536,0.395708,0.162511,0.238014,10.488217,19.934824,0.183219,0.224786,0.699065,0.809592,0.605905,0.698938,0.736695,0.867276,0.660083,0.495173,0.205751,38.316719,0.001201,0.000245,0.453671,0.003729,0.003756,0.000352,0.002497,8436261.201188,0.000000
-12777005.639745,1766880.321688,67391239.887445,43.192075,-1.996586,0.751579,0.978426,0.869937,0.677420,0.798144,0.694001,0.928368,0.535493,0.290295,0.359442,0.934710,0.424813,0.903613,0.746858,0.547251,0.776651,0.579961,0.223259,0.332380,0.685192,0.233637,0.089501,0.547615,0.082207,0.218992,0.689381,0.965689,0.948484,0.972826,0.466491,0.382453,0.183887,14.042424,14.145736,0.328024,0.236465,0.780227,0.769486,0.686638,0.678047,0.898610,0.900283,0.864202,0.593275,0.050460,36.807925,0.004166,0.002912,10.961717,0.004606,0.004580,0.000472,0.002377,12777005.639745,0.000000
-10853311.960322,1757682.555488,62364533.758181,38.373751,-0.388848,0.907282,0.978258,0.879672,0.677236,0.223566,0.786160,0.935384,0.568126,0.623048,0.101948,0.759739,0.308781,0.907596,0.562154,0.256508,0.757683,0.264464,0.977403,0.451357,0.392388,0.248030,0.003241,0.395829,0.025361,0.219208,0.651014,0.929338,0.965452,0.475406,0.262942,0.273029,0.216098,14.466996,14.185473,0.320836,0.175908,0.661702,0.619133,0.567441,0.532429,0.790918,0.740336,0.322163,0.408429,0.640349,41.626249,0.001884,0.005260,12.334991,0.004384,0.004366,0.000528,0.002321,10853311.960322,0.000000
-8495535.883245,1611167.794633,55252708.218578,35.843954,-1.540587,0.952708,0.972996,0.836491,0.166829,0.321059,0.694623,0.890764,0.496309,0.227710,0.106871,0.748733,0.381778,0.910140,0.749784,0.454855,0.684586,0.690890,0.921336,0.267602,0.675380,0.124586,0.601223,0.717188,0.046595,0.011774,0.019567,0.930686,0.987014,0.456081,0.409976,0.436059,0.214147,11.093197,19.926680,0.673688,0.262861,0.779140,0.767559,0.650827,0.661422,0.918315,0.920891,0.785745,0.394181,0.125177,44.156046,0.003916,0.010698,10.500501,0.004917,0.004917,0.000887,0.001962,8495535.883245,0.000000
-970086.158401,1183076.498445,77528237.898865,68.567732,-1.654656,0.662708,0.760354,0.366792,0.085080,0.774832,0.583491,0.024184,0.788009,0.315887,0.385312,0.626975,0.464591,0.332312,0.737419,0.545109,0.575085,0.320711,0.571115,0.308642,0.655957,0.104213,0.809911,0.630525,0.479276,0.011978,0.694074,0.968102,0.737386,0.739053,0.440780,0.299588,0.103986,9.992230,19.844285,0.131017,0.202897,0.740363,0.838936,0.662058,0.705545,0.826234,0.857885,0.843036,0.509901,0.106242,11.432268,0.008076,0.015664,1.654656,0.004767,0.004779,0.000885,0.001964,970086.158401,0.000000
-8240253.047728,1588121.822720,53960124.602907,35.679276,-0.545633,0.932456,0.977849,0.730097,0.073408,0.798364,0.950955,0.664252,0.500038,0.210460,0.674008,0.692636,0.298349,0.862760,0.732686,0.195263,0.800185,0.768014,0.962198,0.740282,0.505905,0.113193,0.151754,0.308506,0.037005,0.042439,0.641987,0.934931,0.965366,0.705658,0.277914,0.300430,0.215327,13.630224,19.354266,0.640514,0.224812,0.700511,0.692408,0.607289,0.600947,0.838102,0.829160,0.420525,0.498470,0.544344,44.320724,0.002377,0.003756,15.076357,0.004872,0.004858,0.000977,0.001872,8240253.047728,0.000000
-18141316.007072,1355467.551924,91469962.601581,73.870133,-1.203042,0.656442,0.855181,0.491526,0.072689,0.226173,0.462249,0.437162,0.132185,0.338369,0.138901,0.756181,0.459075,0.787745,0.175137,0.455663,0.778141,0.769149,0.990344,0.299811,0.031288,0.234487,0.195307,0.396075,0.478526,0.148649,0.785185,0.845543,0.951843,0.245726,0.400371,0.262040,0.112519,11.528727,16.218947,0.141645,0.172605,0.659486,0.747395,0.536906,0.541307,0.761213,0.812958,0.699720,0.322486,0.147252,6.129867,0.003073,0.020187,5.065406,0.004744,0.004740,0.000676,0.002173,18141316.007072,0.000000
-8648660.968931,1766310.359240,59264214.606962,33.639221,-0.558014,0.954796,0.975015,0.897716,0.674239,0.243945,0.948278,0.980346,0.289759,0.415939,0.298164,0.741919,0.675107,0.906790,0.839754,0.213065,0.772759,0.580455,0.983006,0.754049,0.017278,0.214633,0.020813,0.554025,0.010296,0.043954,0.695563,0.940124,0.735489,0.985118,0.277469,0.301796,0.210363,14.244512,19.443901,0.441758,0.189876,0.682327,0.658041,0.588654,0.568832,0.819525,0.793068,0.427655,0.519203,0.400141,46.360779,0.006470,0.003914,14.010141,0.004693,0.004691,0.000754,0.002095,8648660.968931,0.000000
-7225059.956167,1586754.044972,49345392.852076,39.169981,-1.549546,0.932456,0.960800,0.340367,0.011036,0.798364,0.723411,0.797257,0.514496,0.208468,0.712648,0.754558,0.300400,0.875812,0.827758,0.880594,0.801259,0.768014,0.962198,0.472742,0.505309,0.112880,0.003836,0.308105,0.035000,0.218312,0.641987,0.934920,0.965366,0.286847,0.409289,0.330616,0.226501,14.166584,14.132415,0.280287,0.264715,0.794477,0.771477,0.624528,0.638690,0.924616,0.923175,0.787656,0.334742,0.166345,40.830019,0.004998,0.028321,7.364807,0.004706,0.004697,0.000928,0.001921,7225059.956167,0.000000
-18412781.405316,1417387.485605,90346201.684806,76.440736,-1.492046,0.544075,0.971555,0.491526,0.063474,0.174628,0.742390,0.443798,0.150606,0.348403,0.333128,0.755126,0.660900,0.268243,0.167619,0.918238,0.776956,0.577447,0.982496,0.291730,0.708644,0.474800,0.473620,0.399418,0.473757,0.218970,0.854924,0.852084,0.976103,0.676074,0.442631,0.298601,0.251519,9.913745,13.880403,0.257904,0.179266,0.688347,0.810694,0.609545,0.710884,0.872556,0.949269,0.775088,0.483198,0.052173,3.559264,0.003027,0.031026,7.747155,0.004745,0.004736,0.000599,0.002250,18412781.405316,0.000000
-17954471.411743,1386781.505881,100978166.149573,73.898779,-1.929930,0.655820,0.979634,0.492864,0.072669,0.350560,0.151325,0.443798,0.092435,0.220770,0.239190,0.570969,0.587421,0.881927,0.840878,0.409589,0.675449,0.784887,0.183491,0.442334,0.470514,0.240337,0.171396,0.393458,0.473785,0.159067,0.644227,0.941406,0.960550,0.997823,0.468162,0.299389,0.097984,11.665379,15.923974,0.119752,0.208681,0.694905,0.831492,0.622862,0.716559,0.743865,0.802621,0.854842,0.607555,0.037151,6.101221,0.010881,0.009976,4.514750,0.004813,0.004791,0.000653,0.002196,17954471.411743,0.000000
-6277976.341020,1462638.267647,42828349.936612,35.468406,-0.277377,0.933576,0.960414,0.285440,0.369113,0.798364,0.950955,0.797257,0.514488,0.210175,0.198884,0.754596,0.298349,0.282660,0.827570,0.395011,0.801259,0.768014,0.962198,0.747825,0.503663,0.113193,0.021399,0.308105,0.034847,0.041428,0.641987,0.851583,0.962235,0.282684,0.277914,0.258534,0.215272,13.173149,19.450269,0.149979,0.225922,0.733624,0.664079,0.632480,0.575001,0.872266,0.805537,0.242231,0.334013,0.492068,44.531594,0.003539,0.009739,0.828949,0.003475,0.003525,0.000160,0.002689,6277976.341020,0.000000
-8211888.144333,1229107.623873,56140916.254806,66.722582,-1.352847,0.684472,0.761353,0.265762,0.109951,0.849298,0.729849,0.690640,0.584649,0.335744,0.830567,0.592943,0.459718,0.346189,0.730204,0.460354,0.779547,0.315379,0.421934,0.326334,0.295057,0.097602,0.152042,0.283539,0.459230,0.009582,0.608432,0.860638,0.960258,0.736236,0.415793,0.295379,0.201168,11.156483,20.431788,0.029447,0.202467,0.777225,0.795921,0.685375,0.701140,0.928926,0.939364,0.741497,0.512246,0.116350,13.277418,0.012311,0.020515,1.606519,0.004349,0.004373,0.000687,0.002162,8211888.144333,0.000000
-4796414.407217,1476506.088355,35512834.489107,33.388864,-0.800671,0.927569,0.973062,0.354254,0.058638,0.175816,0.940117,0.854755,0.540864,0.403873,0.325841,0.568135,0.471169,0.910524,0.168514,0.894563,0.681555,0.324517,0.924843,0.437173,0.769997,0.235170,0.160668,0.393907,0.006861,0.043364,0.614196,0.931153,0.735121,0.466412,0.308682,0.437211,0.098752,12.975398,19.250908,0.432065,0.266755,0.741190,0.703998,0.565975,0.596022,0.775285,0.805863,0.550972,0.484561,0.012918,46.611136,0.003158,0.017382,5.371489,0.004777,0.004773,0.000926,0.001923,4796414.407217,0.000000
-17809253.767267,1520487.527608,95888876.680543,59.937681,-1.282103,0.794312,0.971591,0.726443,0.370856,0.835202,0.858038,0.371392,0.154845,0.313178,0.375568,0.756970,0.668749,0.252894,0.975237,0.434862,0.779332,0.576088,0.886543,0.829342,0.472585,0.460597,0.476718,0.387657,0.303652,0.155487,0.079210,0.852403,0.960231,0.267625,0.408996,0.260773,0.216241,11.280169,15.780225,0.263836,0.152701,0.656920,0.780509,0.582236,0.602215,0.795166,0.909318,0.722547,0.328690,0.128983,20.062319,0.001548,0.014472,12.150536,0.004751,0.004756,0.000657,0.002192,17809253.767267,0.000000
-5182514.470685,1354800.076490,36914806.195593,36.765941,-0.814852,0.689189,0.676066,0.305141,0.069829,0.148922,0.740457,0.693671,0.562048,0.199838,0.078856,0.442527,0.702247,0.923700,0.836693,0.321181,0.580649,0.610948,0.987908,0.283534,0.744930,0.253231,0.216066,0.394581,0.050530,0.044189,0.046745,0.926576,0.985853,0.636360,0.459050,0.298554,0.253596,11.780756,19.162779,0.163630,0.287481,0.841743,0.820366,0.741196,0.726728,0.950834,0.946115,0.839589,0.464456,0.049443,43.234059,0.002592,0.009673,0.814852,0.004304,0.004316,0.000634,0.002215,5182514.470685,0.000000
-10114370.331428,1287995.784294,59606731.573300,55.788501,-0.875189,0.792274,0.890184,0.303861,0.066125,0.757159,0.937880,0.664059,0.509279,0.213966,0.386317,0.566543,0.391245,0.315462,0.749005,0.388223,0.776846,0.572151,0.983268,0.301719,0.754852,0.106157,0.485992,0.373796,0.300200,0.037604,0.610215,0.966816,0.954907,0.473088,0.304165,0.263234,0.214628,11.345413,19.267227,0.167091,0.208499,0.716446,0.734887,0.632627,0.648335,0.861079,0.876200,0.583217,0.410866,0.529045,24.211499,0.008074,0.012574,2.591907,0.004441,0.004465,0.000708,0.002141,10114370.331428,0.000000
-6468035.859763,1302530.948608,40802845.852365,41.641264,-0.284474,0.660878,0.763614,0.286019,0.009604,0.766767,0.950840,0.739752,0.345618,0.338413,0.366583,0.522234,0.389005,0.878133,0.748609,0.211103,0.789869,0.767287,0.419002,0.770617,0.509050,0.109659,0.935359,0.308052,0.122444,0.011835,0.650912,0.861600,0.836596,0.668715,0.275103,0.302797,0.201982,9.956879,19.586630,0.244371,0.232073,0.739864,0.689788,0.641946,0.600655,0.876320,0.829618,0.247590,0.530890,0.456835,38.358736,0.009525,0.007068,3.141453,0.004753,0.004747,0.000834,0.002015,6468035.859763,0.000000
-10399364.785851,1503376.721076,71329369.152799,35.911318,-0.990153,0.744783,0.961204,0.838444,0.698215,0.149808,0.755032,0.671227,0.513459,0.318826,0.311078,0.745506,0.389102,0.291606,0.266934,0.468650,0.665716,0.569749,0.436190,0.023415,0.296428,0.462661,0.595957,0.712686,0.039001,0.042222,0.175656,0.937469,0.962244,0.695407,0.465674,0.158173,0.215144,10.770087,18.997988,0.806688,0.214886,0.643496,0.767385,0.551595,0.655610,0.639488,0.810888,0.628480,0.495556,0.040511,44.088682,0.000702,0.000212,11.274762,0.004713,0.004723,0.000604,0.002245,10399364.785851,0.000000
-7970482.563616,1518681.725775,54039319.219758,35.865895,-1.662948,0.953182,0.972937,0.726378,0.166829,0.321059,0.694623,0.672117,0.496309,0.226461,0.115439,0.748697,0.351794,0.910140,0.749784,0.454855,0.575184,0.691090,0.413640,0.856600,0.675282,0.124586,0.601223,0.716781,0.046595,0.012799,0.757472,0.930853,0.987014,0.451893,0.429149,0.157262,0.251705,11.116229,19.872938,0.640921,0.250245,0.793937,0.805074,0.692804,0.703660,0.900224,0.942169,0.810421,0.392557,0.116467,44.134105,0.003913,0.009800,10.289398,0.004894,0.004883,0.000927,0.001922,7970482.563616,0.000000
-14439069.729948,1687468.779434,88900241.448518,41.213588,-1.620306,0.697177,0.974032,0.867840,0.064321,0.812505,0.625157,0.683118,0.339103,0.307518,0.833596,0.593417,0.460916,0.248987,0.759660,0.324508,0.753202,0.575690,0.159976,0.294102,0.300080,0.110881,0.593018,0.401110,0.006548,0.439996,0.721076,0.941668,0.958782,0.642904,0.416964,0.332134,0.101312,12.036497,6.968655,0.528872,0.252442,0.678894,0.745819,0.566320,0.584283,0.666668,0.735711,0.802162,0.476193,0.150347,38.786412,0.000920,0.002396,8.121655,0.004125,0.004144,0.000293,0.002556,14439069.729948,0.000000
-9189590.640346,1460869.047859,56421923.501418,41.367700,-1.882074,0.658019,0.846277,0.359657,0.426138,0.787638,0.940685,0.678888,0.346681,0.168269,0.780414,0.596254,0.390946,0.769044,0.160569,0.874381,0.778437,0.445257,0.640644,0.045084,0.758692,0.109765,0.485661,0.396659,0.076390,0.156859,0.693844,0.929582,0.975934,0.620839,0.466353,0.272788,0.101122,11.485585,15.584807,0.323638,0.288606,0.769410,0.794560,0.620480,0.640001,0.764522,0.797839,0.847726,0.461752,0.035910,38.632300,0.000568,0.000881,6.637945,0.004228,0.004239,0.000691,0.002158,9189590.640346,0.000000
-8058751.197783,1381912.745837,55297979.821796,41.551888,-1.480971,0.743183,0.970805,0.493174,0.071197,0.792516,0.204418,0.666654,0.334913,0.350936,0.830899,0.589718,0.414923,0.278739,0.365225,0.888112,0.785081,0.601185,0.977637,0.300919,0.496231,0.111535,0.155383,0.970775,0.124985,0.007524,0.624108,0.941548,0.975234,0.466218,0.395708,0.162511,0.238014,13.291537,20.396169,0.722370,0.246756,0.778633,0.818390,0.689761,0.722977,0.876800,0.940255,0.772583,0.401772,0.204827,38.448112,0.004520,0.027080,5.838574,0.004977,0.004991,0.001017,0.001832,8058751.197783,0.000000
-16949047.274276,1423360.471231,83879561.555681,57.697387,-1.712581,0.658016,0.977951,0.716284,0.072239,0.801092,0.934561,0.243899,0.345641,0.170564,0.318598,0.496334,0.390897,0.312583,0.162145,0.389374,0.767182,0.763837,0.979939,0.052495,0.754945,0.109757,0.624279,0.397845,0.274570,0.158598,0.088004,0.975360,0.899261,0.525574,0.414874,0.300207,0.216922,10.644991,15.520016,0.583853,0.197774,0.718903,0.824706,0.634195,0.715742,0.865931,0.949786,0.819600,0.450037,0.170852,22.302613,0.002696,0.005021,8.570298,0.004584,0.004560,0.000446,0.002403,16949047.274276,0.000000
-12015784.279012,1635705.795454,67748438.165398,43.078802,-1.996829,0.747362,0.977202,0.869937,0.674020,0.869377,0.694193,0.659259,0.567925,0.628460,0.095052,0.693598,0.302390,0.330182,0.544702,0.320032,0.779623,0.322070,0.217285,0.800643,0.685192,0.248117,0.065735,0.282165,0.080925,0.218991,0.689401,0.965689,0.948220,0.972826,0.466534,0.373070,0.183887,13.918615,14.145313,0.364788,0.250058,0.776576,0.795355,0.685393,0.701164,0.919456,0.922978,0.864235,0.593172,0.050375,36.921198,0.000970,0.001695,9.276575,0.004291,0.004264,0.000187,0.002662,12015784.279012,0.000000
-11865824.077426,1495028.028039,80291742.817694,42.342954,-1.825314,0.899167,0.761230,0.869005,0.436253,0.886772,0.937145,0.341930,0.322535,0.309078,0.391849,0.827806,0.311713,0.272343,0.159236,0.540868,0.968684,0.764384,0.424743,0.041136,0.021000,0.250243,0.063576,0.284805,0.119360,0.057511,0.647205,0.955202,0.917291,0.701722,0.443085,0.326050,0.170455,13.653935,18.993863,0.649732,0.275093,0.727367,0.835088,0.647092,0.717501,0.898209,0.925763,0.838833,0.514112,0.095551,37.657046,0.000543,0.000762,9.992929,0.004433,0.004453,0.000818,0.002031,11865824.077426,0.000000
-6514696.240380,1343724.056886,46193827.699067,39.421163,-1.459185,0.738806,0.990608,0.293381,0.065019,0.799124,0.770387,0.666923,0.521417,0.197953,0.352502,0.694117,0.415456,0.260069,0.752615,0.165663,0.801331,0.687659,0.795392,0.323148,0.325116,0.132831,0.621117,0.336455,0.085267,0.040115,0.642888,0.996199,0.975595,0.291234,0.400678,0.094731,0.225004,10.833868,18.997985,0.355931,0.244356,0.766127,0.805764,0.653923,0.690499,0.695377,0.761311,0.767574,0.333524,0.217317,40.578837,0.006132,0.004656,1.606267,0.004347,0.004374,0.000654,0.002195,6514696.240380,0.000000
-16340508.864652,1336724.529295,106172231.962741,67.552364,-1.786188,0.656788,0.973325,0.810164,0.072669,0.789359,0.716951,0.443786,0.065173,0.311533,0.094505,0.694050,0.417162,0.277838,0.150107,0.390066,0.695510,0.576121,0.942960,0.319462,0.441459,0.234428,0.992460,0.085838,0.458762,0.023707,0.696031,0.994526,0.960071,0.629105,0.417079,0.160062,0.103370,8.448288,19.348656,0.580229,0.181357,0.667011,0.780344,0.601734,0.634450,0.683548,0.771001,0.832402,0.470345,0.174051,12.447636,0.002205,0.015261,7.350409,0.004557,0.004533,0.000422,0.002427,16340508.864652,0.000000
-12669472.076590,1417805.167372,81618625.580724,45.215535,-1.729155,0.657675,0.767994,0.837928,0.058992,0.766908,0.716777,0.443793,0.234081,0.400827,0.102165,0.693681,0.485553,0.290461,0.011401,0.391212,0.715924,0.574457,0.418426,0.356813,0.029994,0.233914,0.992811,0.277334,0.121793,0.157500,0.000743,0.952277,0.955675,0.373471,0.428920,0.296624,0.223496,8.687272,15.189632,0.528837,0.236207,0.705976,0.840783,0.624957,0.700655,0.851787,0.954356,0.822566,0.371529,0.126482,34.784465,0.000115,0.010699,5.136264,0.004201,0.004218,0.000167,0.002682,12669472.076590,0.000000
-7458735.180387,1313229.066489,51459549.907676,41.644933,-1.198649,0.746715,0.676922,0.286156,0.403547,0.760650,0.957072,0.662182,0.557196,0.406449,0.394816,0.476020,0.413321,0.287707,0.563693,0.561841,0.810832,0.320006,0.178806,0.330612,0.101126,0.111083,0.851908,0.304101,0.123419,0.009764,0.689345,0.943221,0.900251,0.666482,0.395768,0.302785,0.105772,9.331692,19.732598,0.182425,0.285898,0.784893,0.794732,0.682885,0.702992,0.846644,0.871571,0.773870,0.506224,0.205462,38.355067,0.006097,0.008532,1.198649,0.003763,0.003796,0.000344,0.002505,7458735.180387,0.000000
-18650415.096989,1856185.740532,79044128.904152,51.796423,-0.583083,0.685153,0.977650,0.852044,0.074881,0.649530,0.936188,0.664839,0.349029,0.210877,0.773747,0.855680,0.387014,0.923173,0.368429,0.352912,0.783259,0.602505,0.983263,0.763896,0.503171,0.468380,0.018014,0.935846,0.076756,0.617940,0.641580,0.865106,0.982277,0.601499,0.308028,0.235903,0.222337,14.656014,2.169581,0.175882,0.152306,0.626612,0.675421,0.536530,0.577530,0.780555,0.828721,0.441825,0.452118,0.452555,28.203577,0.003176,0.012882,11.461786,0.004218,0.004184,0.000141,0.002708,18650415.096989,0.000000
-10678641.004110,1421586.919295,60642419.915334,60.410091,-0.623327,0.793376,0.858787,0.496603,0.000293,0.832498,0.742589,0.679767,0.568105,0.340478,0.131213,0.845840,0.306178,0.886204,0.145767,0.888969,0.579830,0.773450,0.852593,0.438292,0.031254,0.235387,0.192695,0.408214,0.287915,0.212587,0.858426,0.961804,0.984573,0.676074,0.277153,0.298239,0.099638,12.635992,14.271115,0.323175,0.178820,0.692759,0.718422,0.605157,0.626964,0.754950,0.770012,0.463842,0.480295,0.565656,19.589909,0.003846,0.018272,9.704838,0.004714,0.004706,0.000858,0.001991,10678641.004110,0.000000
-11723132.028696,1319802.990055,67646621.862794,56.018037,-1.766812,0.794929,0.976742,0.806180,0.065944,0.230482,0.581857,0.676827,0.567824,0.198848,0.139763,0.433322,0.313119,0.282447,0.144999,0.449457,0.702249,0.455134,0.421912,0.320051,0.299767,0.108242,0.628022,0.914034,0.288345,0.071548,0.033735,0.952007,0.959967,0.231671,0.463493,0.261773,0.099502,10.560235,18.176905,0.796740,0.174659,0.678058,0.695206,0.443339,0.455559,0.655518,0.707103,0.829123,0.314680,0.050911,23.981963,0.002152,0.012355,7.356702,0.004580,0.004584,0.000702,0.002147,11723132.028696,0.000000
-9480371.287910,1699429.835910,71224283.449757,36.044103,-1.953967,0.651213,0.975651,0.837466,0.667972,0.766939,0.135776,0.980354,0.269212,0.290394,0.242615,0.693852,0.678642,0.312291,0.257679,0.901282,0.780391,0.574501,0.983006,0.436595,0.429224,0.251617,0.004637,0.688532,0.010296,0.165766,0.695478,0.952867,0.745569,0.976693,0.466072,0.331871,0.219252,14.533000,15.744945,0.498336,0.251330,0.759936,0.798803,0.671670,0.703996,0.921845,0.943558,0.858289,0.518562,0.046040,43.955897,0.000703,0.015252,4.194143,0.004469,0.004470,0.000366,0.002483,9480371.287910,0.000000
-12704797.921857,1483571.708127,78255074.761680,46.639950,-1.664358,0.960333,0.767196,0.699261,0.058992,0.760282,0.716951,0.443786,0.233873,0.400827,0.102165,0.741749,0.397267,0.894928,0.135063,0.388441,0.717457,0.580232,0.404329,0.317754,0.027480,0.233914,0.993783,0.276034,0.123373,0.209568,0.650271,0.930497,0.955675,0.644679,0.429557,0.159781,0.113487,9.129072,13.624584,0.385885,0.229191,0.725417,0.777776,0.615279,0.627197,0.740162,0.788473,0.810688,0.477958,0.115365,33.360050,0.002158,0.008615,7.486749,0.004450,0.004463,0.000779,0.002070,12704797.921857,0.000000
-18843401.355802,1906335.332793,79682590.192118,51.749402,-0.573736,0.685153,0.977650,0.901306,0.065733,0.769243,0.932795,0.664839,0.349029,0.223885,0.773747,0.855680,0.708398,0.923173,0.374539,0.353845,0.783283,0.605265,0.888807,0.758811,0.503175,0.479842,0.016164,0.935846,0.076301,0.617940,0.641581,0.865545,0.981737,0.601499,0.306735,0.235903,0.198621,15.038993,2.180419,0.162213,0.147409,0.624601,0.679264,0.533742,0.579618,0.777761,0.831811,0.436584,0.452297,0.458042,28.250598,0.011329,0.012868,11.302270,0.004141,0.004106,0.000074,0.002775,18843401.355802,0.000000
-17473551.379383,1850428.793941,98822146.512677,48.333102,-1.961463,0.937275,0.997837,0.782593,0.067852,0.765632,0.758084,0.654304,0.237259,0.340234,0.774540,0.825068,0.705827,0.927055,0.374594,0.318018,0.777565,0.746109,0.983332,0.041446,0.466333,0.473018,0.477792,0.396825,0.081648,0.441296,0.641887,0.965288,0.960164,0.680678,0.460663,0.304813,0.199056,12.529376,7.105996,0.374591,0.222760,0.688825,0.787845,0.611218,0.653415,0.872414,0.891235,0.859348,0.490516,0.062221,31.666898,0.012609,0.003810,12.876063,0.004640,0.004645,0.000752,0.002097,17473551.379383,0.000000
-6984826.041096,1377552.016734,45219656.141948,41.317387,-1.828989,0.690079,0.972968,0.303155,0.065531,0.766481,0.950840,0.662490,0.345618,0.404940,0.366229,0.695210,0.299452,0.880936,0.748573,0.213088,0.788901,0.767418,0.400685,0.331545,0.508549,0.113193,0.025779,0.312605,0.122444,0.006921,0.773308,0.947004,0.748189,0.674953,0.447976,0.302306,0.250520,13.517000,20.505089,0.343815,0.276389,0.823919,0.803320,0.728537,0.711764,0.955027,0.944689,0.839424,0.521714,0.081355,38.682613,0.005346,0.006674,3.856148,0.004793,0.004798,0.000877,0.001972,6984826.041096,0.000000
-12948217.817165,1382525.608707,63292710.695827,69.099408,-1.248819,0.960187,0.977304,0.293381,0.012474,0.799124,0.944783,0.667683,0.337100,0.179140,0.677619,0.779827,0.657366,0.357956,0.752615,0.385762,0.782662,0.687599,0.795134,0.332624,0.720664,0.132831,0.017649,0.306753,0.418736,0.152815,0.642888,0.857615,0.975607,0.290872,0.401318,0.267719,0.224794,12.221110,16.227774,0.097598,0.178392,0.752179,0.764536,0.661337,0.666462,0.911734,0.919433,0.713157,0.333379,0.150527,10.900592,0.015715,0.009059,2.918658,0.004587,0.004608,0.000810,0.002039,12948217.817165,0.000000
-9276229.654406,1613148.710348,66127384.286247,33.357500,-1.609886,0.738694,0.975847,0.838444,0.694526,0.801250,0.749939,0.660620,0.516578,0.399918,0.311078,0.744656,0.389102,0.291606,0.266812,0.897425,0.575422,0.765682,0.974158,0.027172,0.293159,0.251683,0.595957,0.306406,0.005810,0.041987,0.183335,0.937469,0.955668,0.694640,0.417409,0.331231,0.215144,10.944311,18.998194,0.697964,0.254441,0.750421,0.798245,0.661839,0.701679,0.910870,0.939585,0.800090,0.497566,0.147352,46.642500,0.000707,0.000248,10.727295,0.004703,0.004708,0.000647,0.002202,9276229.654406,0.000000
-7883139.383923,1434431.538976,52845012.958214,39.144785,-1.398149,0.761059,0.969115,0.342710,0.453537,0.778178,0.815433,0.635526,0.495507,0.047216,0.319759,0.827700,0.461265,0.782809,0.728875,0.226198,0.624618,0.745471,0.638311,0.041491,0.336058,0.109417,0.043452,0.715330,0.080513,0.049134,0.064591,0.967058,0.748796,0.286119,0.429668,0.281720,0.244063,13.495040,19.217751,0.314852,0.214950,0.766665,0.811974,0.657712,0.678408,0.903081,0.933692,0.752946,0.402392,0.131267,40.855215,0.008591,0.000731,7.018839,0.004439,0.004455,0.000742,0.002107,7883139.383923,0.000000
-7978722.839963,1375747.515411,54230885.325657,42.802869,-0.588647,0.738970,0.676922,0.286156,0.403155,0.868843,0.957565,0.662179,0.560302,0.407119,0.976619,0.615256,0.299592,0.903038,0.563693,0.563593,0.810832,0.612429,0.427281,0.330612,0.101126,0.111180,0.851908,0.292115,0.123391,0.056430,0.689690,0.943221,0.973685,0.666482,0.279772,0.302785,0.105772,10.042261,18.347242,0.097653,0.237565,0.703236,0.725987,0.615577,0.634912,0.810231,0.833579,0.444922,0.480292,0.539101,37.197131,0.005701,0.014636,4.322316,0.003878,0.003863,0.000456,0.002393,7978722.839963,0.000000
-6562742.001305,1347208.514980,42839659.356314,41.771479,-1.885207,0.793270,0.725511,0.305485,0.068542,0.810079,0.752997,0.897173,0.380521,0.192588,0.237572,0.435453,0.668186,0.323035,0.377043,0.554533,0.751835,0.582144,0.834896,0.267288,0.327859,0.115046,0.007155,0.395130,0.122603,0.024900,0.616514,0.931354,0.952551,0.639456,0.465923,0.321100,0.253623,13.485641,19.961339,0.435247,0.304581,0.832119,0.802048,0.735600,0.711022,0.959952,0.945517,0.848202,0.476984,0.037497,38.228521,0.008018,0.021091,4.376454,0.004626,0.004636,0.000850,0.001999,6562742.001305,0.000000
-5171752.529284,1438261.661962,36876696.368610,35.909357,-0.513918,0.905544,0.978175,0.285018,0.160987,0.223566,0.785968,0.935583,0.535693,0.284884,0.366338,0.760225,0.382148,0.902672,0.743795,0.256508,0.785633,0.579236,0.984522,0.453688,0.392388,0.233397,0.005632,0.397215,0.046568,0.020251,0.650994,0.927620,0.965602,0.475406,0.276974,0.331644,0.251242,12.790454,20.100878,0.180364,0.250316,0.766077,0.686652,0.664212,0.598474,0.895873,0.823578,0.401852,0.408382,0.419033,44.090643,0.013276,0.005875,2.560021,0.004373,0.004381,0.000717,0.002132,5171752.529284,0.000000
-8081779.207225,1485383.546869,53474678.593490,41.832864,-1.638014,0.825357,0.763614,0.286019,0.083868,0.802206,0.934159,0.738405,0.347838,0.677875,0.355811,0.583480,0.298478,0.878133,0.755284,0.217356,0.789978,0.766340,0.430595,0.328668,0.297189,0.124674,0.991190,0.269894,0.027411,0.370366,0.023314,0.932307,0.836596,0.233330,0.424552,0.303182,0.224777,10.198560,8.705235,0.101383,0.213774,0.775851,0.786424,0.618091,0.638905,0.913737,0.921310,0.805634,0.351660,0.127873,38.167136,0.005317,0.005053,3.339174,0.003958,0.003946,0.000506,0.002343,8081779.207225,0.000000
-21629888.737181,1882163.461243,105949292.397582,59.245353,-0.616779,0.906722,0.977634,0.838186,0.573001,0.772374,0.950567,0.409554,0.231591,0.324154,0.684465,0.588948,0.703038,0.789290,0.748640,0.382679,0.692842,0.742584,0.418383,0.036184,0.501491,0.114931,0.464805,0.309156,0.146271,0.626445,0.610575,0.952476,0.958848,0.850443,0.279660,0.265474,0.106766,12.590282,1.599703,0.092829,0.140319,0.513498,0.678504,0.446151,0.545465,0.515466,0.578017,0.460320,0.557512,0.632605,20.754647,0.006562,0.000450,14.520642,0.003570,0.003587,0.000328,0.002521,21629888.737181,0.000000
-11326661.398903,1588258.556801,67269593.412059,43.679495,-1.996586,0.654821,0.978705,0.869937,0.025706,0.798144,0.693307,0.651404,0.562895,0.628787,0.791867,0.593073,0.391499,0.903685,0.158025,0.554189,0.714314,0.659598,0.219344,0.330629,0.297093,0.249246,0.092998,0.551545,0.087963,0.218991,0.643607,0.965689,0.948085,0.619974,0.466491,0.275786,0.183887,14.283436,14.108971,0.563465,0.242065,0.780587,0.811114,0.665620,0.674007,0.898605,0.907174,0.864202,0.470857,0.050460,36.320505,0.003404,0.004345,8.935938,0.004511,0.004520,0.000533,0.002316,11326661.398903,0.000000
-14645110.705017,1669820.572050,93149364.262114,42.587949,-1.866418,0.696806,0.975650,0.867840,0.064773,0.747422,0.144340,0.664127,0.336655,0.291039,0.816782,0.828405,0.461869,0.330312,0.255154,0.312161,0.753645,0.579982,0.077283,0.293089,0.014800,0.251547,0.485742,0.398307,0.022718,0.433219,0.444103,0.939130,0.952676,0.648452,0.458476,0.273345,0.223262,12.693754,7.271508,0.644498,0.242898,0.694801,0.824757,0.617652,0.708465,0.877327,0.941501,0.845323,0.480475,0.055858,37.412051,0.002471,0.000831,4.419540,0.004481,0.004459,0.000364,0.002485,14645110.705017,0.000000
-15699580.767882,1480819.628364,74904905.378635,59.450576,-1.219395,0.737107,0.979314,0.722772,0.071756,0.760092,0.938991,0.410691,0.481470,0.104070,0.134994,0.693027,0.391518,0.733568,0.363637,0.162728,0.783259,0.598868,0.968773,0.329593,0.712059,0.103326,0.944190,0.393241,0.301290,0.142369,0.641580,0.806994,0.975644,0.497284,0.422622,0.298637,0.221236,9.620587,15.780399,0.439918,0.191380,0.715451,0.793639,0.626765,0.691698,0.890733,0.939517,0.704591,0.413740,0.076248,20.549424,0.004267,0.004176,8.878054,0.004618,0.004588,0.000475,0.002374,15699580.767882,0.000000
-21219199.331894,1684118.737945,105023581.275716,75.642715,-1.566428,0.901778,0.974733,0.726791,0.127278,0.178385,0.939070,0.403850,0.239493,0.317935,0.794583,0.827832,0.471149,0.280594,0.734509,0.494063,0.572945,0.682557,0.228594,0.855055,0.397821,0.250755,0.476718,0.450476,0.311622,0.607011,0.749846,0.852403,0.969218,0.992567,0.454887,0.262896,0.244025,11.304916,2.219232,0.076735,0.157070,0.651905,0.789190,0.574397,0.688008,0.845696,0.939036,0.791210,0.609114,0.026898,4.357285,0.001895,0.005618,12.044101,0.004477,0.004491,0.000687,0.002162,21219199.331894,0.000000
-5295575.245061,1361051.735328,42148171.810388,38.214293,-2.011605,0.743183,0.847848,0.284005,0.070963,0.779203,0.128927,0.667867,0.337726,0.350993,0.795190,0.569216,0.414777,0.886661,0.371780,0.887216,0.583882,0.593674,0.405303,0.301166,0.496231,0.111535,0.493130,0.972504,0.078959,0.009633,0.612390,0.968120,0.960184,0.995774,0.467777,0.164286,0.238014,11.315508,20.004156,0.424437,0.286313,0.831004,0.839817,0.719957,0.745515,0.899552,0.932096,0.866226,0.596901,0.048861,41.785707,0.009691,0.018784,2.520656,0.004701,0.004714,0.000887,0.001962,5295575.245061,0.000000
-7747466.693595,1717990.514509,56261177.278441,33.010921,-1.309682,0.679553,0.972658,0.808589,0.674251,0.243945,0.728591,0.975757,0.289087,0.400418,0.327778,0.738863,0.675599,0.906575,0.734068,0.894825,0.772759,0.580455,0.983006,0.437522,0.292690,0.214320,0.150044,0.554025,0.010296,0.011012,0.614542,0.861149,0.726868,0.992798,0.408844,0.331982,0.210363,13.538468,20.323422,0.480897,0.223460,0.764578,0.756210,0.665701,0.659072,0.920471,0.914979,0.730094,0.545275,0.133395,46.989079,0.004986,0.015229,11.310432,0.004763,0.004762,0.000683,0.002166,7747466.693595,0.000000
-13497639.577434,1615920.109802,68499668.169082,42.850836,-1.577846,0.959751,0.763967,0.898438,0.711708,0.829475,0.720728,0.696039,0.585321,0.337584,0.830567,0.595998,0.416481,0.272840,0.836078,0.455229,0.780545,0.315067,0.474178,0.308392,0.018558,0.113654,0.005580,0.282889,0.078504,0.218511,0.695773,0.930645,0.967486,0.456081,0.415777,0.157121,0.201168,13.710094,14.213519,0.217310,0.194151,0.754855,0.782357,0.614326,0.622913,0.863891,0.893914,0.793581,0.400239,0.148245,37.149164,0.000737,0.005930,7.156289,0.003574,0.003605,0.000466,0.002383,13497639.577434,0.000000
-5937730.184425,1367398.746451,42243902.867708,38.243246,-1.841811,0.790923,0.779800,0.299099,0.066142,0.791098,0.691613,0.662372,0.484333,0.315250,0.209385,0.604384,0.458583,0.787548,0.736321,0.222484,0.775918,0.334863,0.161090,0.329721,0.504463,0.159781,0.601445,0.423878,0.077338,0.015291,0.772389,0.961326,0.963045,0.675168,0.442637,0.299788,0.201641,10.871857,19.746127,0.373936,0.314451,0.828993,0.814132,0.733195,0.721167,0.956932,0.949635,0.841470,0.487356,0.099177,41.756754,0.010643,0.006372,3.677553,0.004741,0.004751,0.000918,0.001931,5937730.184425,0.000000
-18895765.004150,1702943.267707,83582597.302081,51.796423,-0.583083,0.685153,0.977650,0.856380,0.184225,0.649530,0.936188,0.662202,0.351090,0.210877,0.777496,0.474281,0.412823,0.277807,0.567296,0.345443,0.783259,0.429630,0.181012,0.771906,0.503171,0.109814,0.018014,0.935846,0.076756,0.617940,0.641580,0.865106,0.982277,0.663935,0.308028,0.302678,0.222337,14.588161,2.148401,0.269188,0.178600,0.600958,0.658939,0.517146,0.565756,0.752777,0.812926,0.441825,0.476366,0.452555,28.203577,0.001237,0.001832,10.990131,0.003533,0.003560,0.000001,0.002848,18895765.004150,0.000000
-7894854.669536,1387467.068884,52839841.043226,41.644933,-1.486647,0.746715,0.676922,0.281819,0.522831,0.760650,0.957072,0.664819,0.555135,0.406449,0.391067,0.857420,0.387512,0.933046,0.364826,0.561841,0.810832,0.597855,0.979096,0.322602,0.101126,0.481110,0.851908,0.304101,0.123419,0.009764,0.689345,0.943221,0.900251,0.604046,0.395768,0.236010,0.105772,8.531847,19.767224,0.108838,0.251831,0.772086,0.792512,0.623930,0.639511,0.779843,0.806493,0.773870,0.481178,0.205462,38.355067,0.001898,0.016113,4.309955,0.003951,0.003959,0.000492,0.002357,7894854.669536,0.000000
-16295168.771994,1465785.203479,81548100.710703,62.462198,-1.852975,0.903693,0.974412,0.727852,0.071584,0.765201,0.958268,0.444996,0.239144,0.680276,0.210235,0.808981,0.412035,0.311759,0.255024,0.239108,0.774803,0.764384,0.210562,0.351790,0.354342,0.107882,0.480563,0.384764,0.312105,0.210388,0.704912,0.918616,0.737853,0.657550,0.467350,0.272950,0.249637,12.023857,14.109030,0.736811,0.193816,0.741564,0.817646,0.658610,0.721664,0.911214,0.953415,0.843230,0.528018,0.029428,17.537802,0.002815,0.004738,13.083727,0.004873,0.004881,0.000735,0.002114,16295168.771994,0.000000
-11805991.391552,1301703.714395,66649777.564689,54.853612,-0.789879,0.818474,0.758554,0.368317,0.054729,0.801503,0.941055,0.410366,0.350765,0.159611,0.322956,0.768380,0.400989,0.769631,0.157800,0.655361,0.777013,0.445775,0.645091,0.052403,0.027995,0.110886,0.159529,0.266645,0.301680,0.008654,0.090245,0.928811,0.898188,0.994797,0.308277,0.270097,0.249582,12.636848,20.398004,0.470550,0.199812,0.678076,0.767108,0.599006,0.673395,0.829028,0.903972,0.546100,0.587855,0.489178,25.146388,0.002896,0.005638,5.457573,0.004819,0.004816,0.000993,0.001856,11805991.391552,0.000000
-8343850.393940,1308714.817792,62958207.462489,49.090225,-0.914347,0.794831,0.976298,0.305079,0.423173,0.894903,0.746605,0.655360,0.128522,0.023028,0.386683,0.760367,0.447854,0.298869,0.169374,0.207604,0.767292,0.578032,0.125936,0.130970,0.899823,0.119292,0.918455,0.389999,0.219164,0.016772,0.749830,0.852663,0.953139,0.495080,0.442274,0.261099,0.106454,9.010237,19.499219,0.570304,0.273364,0.760386,0.795085,0.644269,0.659676,0.824491,0.855309,0.775028,0.420068,0.053181,30.909775,0.000628,0.001828,0.914347,0.004162,0.004196,0.000606,0.002243,8343850.393940,0.000000
-7656721.953710,1227013.712178,48228355.034859,49.137400,-0.280704,0.687309,0.763614,0.281641,0.039726,0.789372,0.950291,0.739752,0.129872,0.316341,0.366037,0.806281,0.302774,0.850914,0.154708,0.220160,0.776776,0.582177,0.122794,0.769654,0.508556,0.103735,0.022059,0.308030,0.224885,0.011661,0.650912,0.860444,0.731334,0.230249,0.275103,0.261659,0.104017,13.134439,20.371719,0.303123,0.207711,0.716483,0.706507,0.557970,0.581889,0.818696,0.845648,0.244748,0.384380,0.576132,30.862600,0.003116,0.006640,1.235842,0.004619,0.004618,0.000890,0.001959,7656721.953710,0.000000
-7208924.793676,1332945.114761,48544380.516065,41.198697,-0.542455,0.793710,0.976298,0.368465,0.058469,0.766597,0.747153,0.655360,0.344268,0.161388,0.386683,0.593484,0.443558,0.353204,0.169374,0.229433,0.788047,0.336483,0.426118,0.131933,0.918103,0.119328,0.983892,0.390075,0.115073,0.016076,0.749830,0.852714,0.959185,0.992571,0.308005,0.261095,0.106454,8.732855,19.430893,0.875082,0.247178,0.729867,0.714216,0.636624,0.623993,0.848686,0.858933,0.418681,0.613083,0.445323,38.801303,0.003190,0.006673,4.894414,0.004903,0.004918,0.000989,0.001860,7208924.793676,0.000000
-12432247.537897,1763511.031544,70715496.723937,38.475693,-0.519370,0.748455,0.781804,0.879672,0.677239,0.264342,0.720408,0.935583,0.531141,0.284884,0.366119,0.760672,0.307936,0.900199,0.744337,0.256508,0.777552,0.579799,0.983006,0.783502,0.392162,0.233589,0.003241,0.397215,0.026095,0.221158,0.650994,0.929338,0.966120,0.285147,0.276974,0.332229,0.250203,13.928158,14.102860,0.154136,0.194473,0.636823,0.664921,0.548578,0.572397,0.771524,0.800868,0.405105,0.333861,0.321696,41.524307,0.001910,0.007180,7.161868,0.004034,0.004049,0.000256,0.002593,12432247.537897,0.000000
-10270211.717278,1489153.357076,69685712.205421,35.911318,-0.988654,0.629800,0.960968,0.838444,0.698215,0.149808,0.755032,0.671206,0.516530,0.207415,0.311078,0.745502,0.389102,0.291606,0.266934,0.468650,0.665716,0.569749,0.436190,0.027182,0.296428,0.113198,0.595957,0.712686,0.039001,0.042222,0.183405,0.937469,0.962244,0.694657,0.416977,0.158173,0.215144,10.931167,18.992956,0.792921,0.212177,0.649186,0.768301,0.556928,0.656954,0.648234,0.811540,0.627923,0.495262,0.148408,44.088682,0.000702,0.000246,8.515049,0.004458,0.004438,0.000340,0.002509,10270211.717278,0.000000
-11608491.373044,1478464.250135,78793324.745091,38.649103,-0.990493,0.741121,0.961217,0.838444,0.698215,0.147809,0.755032,0.668656,0.513506,0.320746,0.311078,0.744660,0.389102,0.291606,0.266934,0.468650,0.575422,0.570914,0.436190,0.023405,0.296428,0.462761,0.595957,0.712686,0.074648,0.042222,0.175586,0.937469,0.962355,0.695390,0.466106,0.158173,0.215144,10.727905,19.020220,0.767214,0.208798,0.615315,0.769369,0.528781,0.657996,0.589904,0.813321,0.628607,0.495511,0.039644,41.350897,0.000702,0.000212,11.037164,0.004711,0.004720,0.000585,0.002264,11608491.373044,0.000000
-12213652.839146,1448964.099398,77087642.733835,46.535247,-1.663073,0.742004,0.767407,0.700243,0.067447,0.763031,0.716951,0.443286,0.214128,0.208723,0.105353,0.741779,0.397267,0.894928,0.139318,0.388441,0.717678,0.571173,0.403152,0.317754,0.294573,0.233914,0.993783,0.276034,0.123373,0.205357,0.650271,0.930497,0.955539,0.644810,0.429351,0.158172,0.113487,9.049501,13.735771,0.351868,0.236475,0.728193,0.794458,0.630924,0.644498,0.762322,0.810444,0.810445,0.478056,0.115843,33.464753,0.002148,0.012840,6.189798,0.004374,0.004390,0.000443,0.002406,12213652.839146,0.000000
-15806760.741332,1405625.719947,80467831.639871,54.903427,-0.273950,0.694700,0.989046,0.874544,0.143386,0.177629,0.785968,0.350223,0.348305,0.286080,0.366338,0.763914,0.474283,0.328572,0.747672,0.217159,0.789516,0.579275,0.214092,0.433347,0.508925,0.219803,0.003566,0.397403,0.303289,0.007893,0.650994,0.853146,0.960892,0.280511,0.276974,0.332229,0.216252,14.238941,20.606920,0.835167,0.181450,0.583467,0.750226,0.507622,0.646883,0.715071,0.884915,0.239630,0.333548,0.414265,25.096573,0.002474,0.004179,9.174243,0.004745,0.004719,0.000592,0.002257,15806760.741332,0.000000
-6541397.283397,1359298.604271,43597096.540092,41.771479,-1.893201,0.956578,0.725511,0.305485,0.068542,0.759865,0.752997,0.897173,0.487703,0.192588,0.146595,0.431288,0.668186,0.323035,0.364491,0.389139,0.783204,0.582144,0.834896,0.327755,0.327859,0.164040,0.007155,0.395119,0.122603,0.024900,0.616217,0.933877,0.952074,0.639456,0.465923,0.321100,0.253623,13.387459,19.969719,0.414323,0.300992,0.830598,0.800081,0.734188,0.709243,0.959249,0.944475,0.849411,0.477148,0.038534,38.228521,0.003488,0.009402,4.637071,0.004648,0.004657,0.000867,0.001982,6541397.283397,0.000000
-20078318.207018,1727428.238945,90604937.451235,74.898793,-1.404252,0.793239,0.979393,0.722046,0.071584,0.810307,0.939024,0.454152,0.374289,0.205220,0.238399,0.575986,0.391561,0.917733,0.376189,0.554281,0.751894,0.602811,0.973942,0.269126,0.712059,0.103326,0.473813,0.393253,0.301290,0.616524,0.641877,0.863087,0.982755,0.500131,0.422622,0.298637,0.221236,11.827536,1.939286,0.047000,0.145904,0.677961,0.779089,0.593143,0.631551,0.860847,0.903998,0.754449,0.412599,0.101407,5.101207,0.003707,0.020340,11.949403,0.004061,0.004073,0.000251,0.002598,20078318.207018,0.000000
-4628459.290043,1399800.287677,42213016.776381,32.820035,-1.738856,0.900168,0.758554,0.305926,0.420756,0.801308,0.941055,0.410366,0.350765,0.314424,0.160965,0.625401,0.399680,0.769631,0.157800,0.632929,0.574603,0.442011,0.646171,0.052730,0.000190,0.104671,0.162455,0.254148,0.008164,0.009351,0.099445,0.928843,0.898188,0.495375,0.442546,0.293661,0.103760,12.678335,20.265655,0.422367,0.271548,0.756083,0.797740,0.587091,0.620999,0.772386,0.822050,0.824279,0.438278,0.085396,47.179965,0.000560,0.001099,2.899502,0.004323,0.004334,0.000685,0.002164,4628459.290043,0.000000
-7606424.739404,1545215.790604,54729664.006879,33.479087,-1.893965,0.657805,0.970008,0.729750,0.351578,0.146450,0.744778,0.666035,0.518841,0.248969,0.374756,0.757541,0.718730,0.327730,0.040043,0.893619,0.585938,0.651687,0.694555,0.852270,0.471114,0.231103,0.471568,0.396939,0.011041,0.028952,0.682221,0.931437,0.733505,0.467974,0.467394,0.272463,0.099506,11.692279,19.473128,0.803605,0.261813,0.697778,0.728455,0.516704,0.541125,0.676353,0.727343,0.849526,0.485847,0.034597,46.520913,0.000090,0.016219,11.202164,0.004906,0.004910,0.000762,0.002087,7606424.739404,0.000000
-14333418.989154,1948974.317823,90531534.760355,42.234383,-1.627960,0.793699,0.975635,0.726479,0.671273,0.152736,0.963860,0.959051,0.233962,0.320865,0.670629,0.922574,0.456780,0.793266,0.854996,0.640094,0.657907,0.320528,0.885625,0.841105,0.472987,0.460759,0.595502,0.395511,0.002595,0.511821,0.691785,0.850435,0.979345,0.290005,0.466518,0.293580,0.098931,11.437532,4.847848,0.111157,0.199077,0.497808,0.519190,0.237734,0.253845,0.305745,0.383725,0.803670,0.331976,0.003084,37.765617,0.006329,0.008816,13.006126,0.003957,0.003945,0.000488,0.002361,14333418.989154,0.000000
-10515393.533731,1503986.692618,70096215.496906,42.450828,-1.926213,0.943135,0.960890,0.365903,0.687330,0.224110,0.159586,0.668617,0.354809,0.283704,0.359895,0.759777,0.669179,0.295150,0.244232,0.470883,0.781923,0.609792,0.444353,0.303694,0.393007,0.117845,0.003498,0.711084,0.073467,0.219664,0.695598,0.942764,0.962437,0.732586,0.466775,0.163946,0.209633,13.045185,14.095795,0.230714,0.255431,0.765061,0.837477,0.680119,0.740142,0.858525,0.947873,0.854301,0.510040,0.040479,37.549172,0.000611,0.006326,4.858738,0.003555,0.003585,0.000256,0.002593,10515393.533731,0.000000
-11915654.499060,1374670.303280,64144203.636289,54.756821,-1.491662,0.684510,0.763769,0.809312,0.121694,0.848395,0.727856,0.652684,0.560877,0.337439,0.974416,0.592455,0.413313,0.919629,0.724984,0.229954,0.821264,0.315067,0.427652,0.312331,0.470798,0.111026,0.477237,0.215866,0.298901,0.009230,0.691714,0.940936,0.969412,0.664531,0.397599,0.154131,0.106895,11.353190,20.197786,0.238383,0.184256,0.752082,0.762070,0.612012,0.618180,0.719767,0.743557,0.775002,0.480999,0.199478,25.243179,0.005370,0.007982,5.848991,0.004323,0.004335,0.000726,0.002123,11915654.499060,0.000000
-18876996.035678,1465777.231499,90290964.850229,64.608428,-1.356604,0.659661,0.818170,0.716284,0.072239,0.801427,0.948429,0.244154,0.344343,0.321978,0.317072,0.496334,0.460438,0.312583,0.176796,0.398247,0.767280,0.356230,0.987140,0.052495,0.837344,0.109752,0.624279,0.285422,0.277582,0.368124,0.076280,0.862909,0.897663,0.524054,0.415224,0.299033,0.216922,10.510153,9.227582,0.195453,0.168877,0.675058,0.807805,0.597539,0.701812,0.845165,0.944436,0.742466,0.449972,0.118742,15.391572,0.003133,0.005021,8.123609,0.003775,0.003797,0.000155,0.002694,18876996.035678,0.000000
-10908094.003901,1689702.818670,69442953.762634,37.301858,-1.823332,0.845125,0.761230,0.869005,0.436253,0.869619,0.933118,0.979712,0.290081,0.606544,0.236989,0.741101,0.311713,0.902589,0.155147,0.540868,0.748833,0.764384,0.424743,0.051909,0.021000,0.111356,0.004812,0.294672,0.011782,0.223028,0.959248,0.954933,0.916975,0.690565,0.442896,0.332091,0.213602,14.343603,14.019459,0.336314,0.257716,0.752165,0.759130,0.663110,0.669123,0.914642,0.918859,0.838513,0.509781,0.095852,42.698142,0.000519,0.001027,11.052320,0.003976,0.003998,0.000527,0.002322,10908094.003901,0.000000
-6323129.276600,1413970.352626,43000614.671580,38.720239,-0.764043,0.793490,0.980973,0.303861,0.064949,0.656182,0.937591,0.663690,0.513507,0.213966,0.386342,0.874322,0.391298,0.929277,0.196448,0.388223,0.802021,0.572046,0.983268,0.293838,0.478812,0.231639,0.485992,0.975925,0.077218,0.037661,0.617476,0.935402,0.954907,0.460908,0.302700,0.263161,0.214577,11.343743,19.190776,0.449029,0.244115,0.764485,0.725701,0.668317,0.636426,0.901079,0.869243,0.534220,0.406085,0.516505,41.279761,0.003958,0.012803,4.659579,0.004746,0.004759,0.000901,0.001948,6323129.276600,0.000000
-10362524.978338,1239776.331094,57744631.557073,61.223647,-1.870196,0.659674,0.761803,0.284427,0.011069,0.769297,0.956944,0.739807,0.345387,0.394329,0.366229,0.593802,0.298852,0.781485,0.747575,0.208873,0.789510,0.583518,0.374207,0.431693,0.507439,0.220128,0.003564,0.546976,0.386679,0.009648,0.446956,0.960409,0.938223,0.385822,0.447824,0.302112,0.250520,11.307032,20.515332,0.075836,0.238886,0.800559,0.812261,0.711950,0.721879,0.943179,0.949062,0.845906,0.381730,0.087393,18.776353,0.006502,0.007401,2.659833,0.004659,0.004657,0.000862,0.001987,10362524.978338,0.000000
-7849301.928259,1307024.591737,53879329.603497,48.145678,-0.543717,0.794965,0.975758,0.325972,0.057251,0.789385,0.760670,0.655389,0.128522,0.161084,0.390121,0.760367,0.447854,0.298755,0.243123,0.229433,0.777025,0.581795,0.125936,0.139977,0.921377,0.119292,0.915547,0.389999,0.206974,0.016076,0.749830,0.853100,0.953139,0.995197,0.308005,0.333479,0.106802,9.039652,19.513458,0.805056,0.241919,0.707578,0.712199,0.617452,0.621666,0.859358,0.862726,0.419414,0.616521,0.405408,31.854322,0.006109,0.004002,1.283239,0.004728,0.004749,0.000902,0.001947,7849301.928259,0.000000
-9444856.777469,1601305.278792,61918541.076696,35.836744,-0.602157,0.953194,0.972996,0.821792,0.684722,0.321059,0.721169,0.981303,0.495355,0.226529,0.114458,0.748733,0.676591,0.910177,0.749784,0.454855,0.575184,0.690890,0.413640,0.253406,0.675282,0.122289,0.591322,0.717188,0.046525,0.011774,0.020251,0.931178,0.984576,0.456081,0.429149,0.157262,0.251659,11.167983,19.949242,0.523077,0.180517,0.661067,0.687116,0.562116,0.587062,0.674515,0.706641,0.452371,0.394932,0.116611,44.163256,0.004493,0.004114,10.530439,0.004737,0.004737,0.000780,0.002069,9444856.777469,0.000000
-10334281.383806,1787671.117749,69564388.614198,37.120868,-1.533226,0.954785,0.975401,0.897716,0.156347,0.243945,0.694188,0.667905,0.290714,0.414232,0.320191,0.741919,0.382344,0.906539,0.839942,0.894825,0.772759,0.580455,0.983006,0.435649,0.016117,0.216617,0.017249,0.554025,0.010366,0.219827,0.695563,0.930681,0.737832,0.992798,0.408844,0.331982,0.210363,14.786434,14.116640,0.475060,0.224125,0.733810,0.798288,0.643478,0.697119,0.898573,0.927670,0.784162,0.523572,0.165512,42.879132,0.003466,0.019723,11.018878,0.004688,0.004692,0.000875,0.001974,10334281.383806,0.000000
-15895240.884450,1479968.492517,76746128.055997,58.988843,-0.536414,0.681148,0.971591,0.726443,0.360516,0.773857,0.940473,0.663098,0.349795,0.310335,0.375568,0.756986,0.482924,0.280594,0.974236,0.352862,0.776950,0.316651,0.888784,0.829342,0.502867,0.459793,0.476718,0.394200,0.292061,0.155487,0.609375,0.852403,0.959932,0.283812,0.307402,0.260773,0.095957,11.141115,15.793704,0.222946,0.153756,0.627750,0.639474,0.403667,0.411181,0.547986,0.602411,0.415158,0.335117,0.447562,21.011157,0.001587,0.008549,9.914507,0.004585,0.004558,0.000450,0.002399,15895240.884450,0.000000
-3878686.672118,1301311.789278,41821887.526176,35.713350,-0.834138,0.670118,0.974925,0.297905,0.073938,0.198247,0.740004,0.402686,0.796120,0.199825,0.160175,0.625567,0.478958,0.331999,0.736887,0.349682,0.576616,0.589651,0.232827,0.288245,0.342485,0.245229,0.787593,0.391843,0.047268,0.001644,0.016715,0.851942,0.741228,0.629847,0.459042,0.262637,0.103943,9.550351,19.990121,0.365778,0.237971,0.780045,0.798995,0.652708,0.683582,0.814320,0.852713,0.649191,0.552275,0.018367,44.286650,0.010187,0.010639,0.834138,0.004372,0.004395,0.000687,0.002162,3878686.672118,0.000000
-11979561.165322,1675882.042470,66622898.081879,43.083904,-2.001963,0.753316,0.978365,0.709363,0.722694,0.798144,0.943951,0.928168,0.567925,0.175815,0.095015,0.934223,0.652336,0.903613,0.556444,0.547028,0.714314,0.270354,0.104878,0.330050,0.685432,0.248117,0.090587,0.546107,0.080925,0.218991,0.689401,0.966458,0.975450,0.679239,0.467006,0.275441,0.226453,13.994106,14.129202,0.341525,0.231975,0.784183,0.758645,0.692290,0.671579,0.926317,0.920758,0.864930,0.484655,0.049736,36.916096,0.002638,0.000939,11.221930,0.004562,0.004537,0.000431,0.002418,11979561.165322,0.000000
-17619097.581124,2058927.557421,76052637.132837,46.663007,-0.801792,0.910920,0.981706,0.849768,0.677239,0.233505,0.785805,0.662056,0.525400,0.211046,0.772292,0.760225,0.307307,0.907427,0.729197,0.252913,0.777559,0.602726,0.983007,0.453688,0.505421,0.233550,0.002906,0.384352,0.023469,0.634215,0.650994,0.929338,0.982265,0.596022,0.309511,0.332229,0.215990,13.886375,1.693510,0.093519,0.162248,0.651721,0.703383,0.557543,0.592016,0.803416,0.851961,0.551476,0.449995,0.426103,33.336993,0.001305,0.004990,12.936946,0.003522,0.003503,0.000316,0.002533,17619097.581124,0.000000
-19015241.471885,1504044.260624,93991250.986623,68.270026,-1.848845,0.659249,0.972348,0.496609,0.000170,0.191108,0.815904,0.446191,0.067388,0.311284,0.365052,0.696260,0.467915,0.305010,0.795976,0.276264,0.777538,0.579003,0.887683,0.553176,0.304975,0.250999,0.008938,0.396473,0.299236,0.424893,0.650654,0.933655,0.959974,0.675351,0.458433,0.332553,0.238860,11.443392,7.994940,0.048502,0.221553,0.701584,0.815610,0.624387,0.718811,0.882489,0.951734,0.842581,0.488495,0.053663,11.729974,0.005256,0.009916,6.101972,0.004476,0.004502,0.000429,0.002420,19015241.471885,0.000000
-7396970.092511,1379746.427185,50743418.434588,42.708779,-0.808402,0.793880,0.769003,0.354226,0.071099,0.787309,0.208873,0.667313,0.338892,0.405259,0.831223,0.568621,0.473834,0.276760,0.372149,0.225635,0.783775,0.581200,0.923726,0.300557,0.766638,0.237456,0.155484,0.955148,0.128515,0.043070,0.609383,0.940035,0.960183,0.999385,0.306237,0.434708,0.238352,12.709979,19.289934,0.445443,0.272257,0.727719,0.752245,0.635978,0.656729,0.872580,0.891895,0.554430,0.607955,0.116560,37.291221,0.007142,0.006164,1.733365,0.004670,0.004692,0.000848,0.002001,7396970.092511,0.000000
-13948192.233080,1238763.204844,82725387.333736,67.269351,-1.950150,0.728539,0.855100,0.493983,0.002356,0.578591,0.717762,0.668068,0.065930,0.315897,0.090170,0.692146,0.417484,0.782166,0.162512,0.222534,0.581106,0.338198,0.138026,0.447160,0.439059,0.231070,0.214575,0.399699,0.458662,0.023774,0.778355,0.996147,0.943761,0.675168,0.442637,0.157935,0.103228,12.133342,19.942699,0.500538,0.218857,0.742368,0.825771,0.666658,0.692706,0.786703,0.833204,0.857747,0.494103,0.114164,12.730649,0.004557,0.003674,7.715705,0.004889,0.004868,0.000714,0.002135,13948192.233080,0.000000
-19192888.651914,1905796.098597,84187660.987543,50.405874,-1.892549,0.903693,0.973007,0.836739,0.722238,0.778229,0.956367,0.443514,0.487672,0.213621,0.210783,0.913204,0.405980,0.917733,0.377305,0.408853,0.574738,0.597901,0.431675,0.266512,0.356706,0.113254,0.594940,0.719319,0.063761,0.610140,0.695475,0.928983,0.956444,0.694043,0.468498,0.159450,0.100651,12.332244,1.947703,0.137780,0.162657,0.601740,0.613112,0.444972,0.452048,0.365083,0.427880,0.849313,0.497059,0.031401,29.594126,0.001265,0.004298,13.630561,0.003966,0.003955,0.000141,0.002708,19192888.651914,0.000000
-5937310.472136,1544951.646381,43192857.445784,32.928392,-0.630042,0.663563,0.983567,0.496278,0.058638,0.834652,0.857666,0.888302,0.539466,0.404897,0.337399,0.618133,0.668808,0.882375,0.174372,0.888905,0.684185,0.580267,0.982136,0.447499,0.765752,0.235169,0.160668,0.387364,0.000856,0.043364,0.614380,0.931057,0.736360,0.445817,0.288740,0.438709,0.216078,13.532622,19.276209,0.796127,0.245637,0.746682,0.675064,0.646205,0.586966,0.883515,0.817237,0.467431,0.475247,0.010368,47.071608,0.003351,0.020219,10.813124,0.005048,0.005034,0.000863,0.001986,5937310.472136,0.000000
-11282248.758682,1559851.940435,70484984.756334,42.513235,-1.860343,0.932518,0.960414,0.836455,0.018594,0.798364,0.937211,0.796124,0.514373,0.210175,0.683035,0.754459,0.298349,0.870464,0.827570,0.198836,0.801259,0.768014,0.959486,0.039030,0.505905,0.113206,0.022463,0.308105,0.121652,0.057601,0.646374,0.955934,0.965366,0.282684,0.448523,0.187816,0.216133,14.322297,19.059156,0.622451,0.224957,0.763293,0.779513,0.593687,0.602409,0.896224,0.905128,0.844381,0.333115,0.083975,37.486765,0.002078,0.003821,15.180610,0.004882,0.004868,0.000949,0.001900,11282248.758682,0.000000
-5462504.130548,1377457.222878,55191387.415573,35.964497,-1.187370,0.550867,0.974925,0.284168,0.677393,0.774832,0.231672,0.672326,0.796120,0.204268,0.835380,0.625367,0.478958,0.350560,0.172169,0.349464,0.575680,0.587705,0.582055,0.301908,0.754821,0.246080,0.811284,0.951402,0.050553,0.001644,0.693288,0.851942,0.741228,0.632426,0.394872,0.262637,0.103986,9.581877,20.001264,0.371923,0.253183,0.759919,0.787384,0.638721,0.662648,0.793535,0.832745,0.694978,0.553380,0.164397,44.035503,0.000336,0.007586,3.477523,0.003698,0.003733,0.000296,0.002553,5462504.130548,0.000000
-9624813.288675,1440774.823755,61000654.028289,38.747827,-0.787076,0.682313,0.761684,0.809312,0.054978,0.655422,0.925650,0.662556,0.561588,0.213137,0.987080,0.592455,0.413791,0.919511,0.722240,0.455229,0.777008,0.316744,0.411580,0.312676,0.295057,0.107567,0.492608,0.215866,0.077581,0.037593,0.610267,0.940936,0.975121,0.664531,0.303357,0.157121,0.106895,11.511993,19.219867,0.422567,0.209914,0.702391,0.737838,0.609673,0.625631,0.723677,0.759936,0.544826,0.479040,0.517021,41.252173,0.005347,0.008046,9.848013,0.004330,0.004341,0.000759,0.002090,9624813.288675,0.000000
-12279982.459661,1350032.133752,64200634.938525,60.540293,-0.889056,0.794312,0.763873,0.495088,0.125279,0.181144,0.745500,0.659277,0.528696,0.313179,0.384827,0.756986,0.475640,0.280594,0.995720,0.229692,0.571626,0.687337,0.075149,0.460731,0.500733,0.230739,0.218932,0.390396,0.263465,0.282671,0.773637,0.962590,0.968777,0.300788,0.307402,0.261729,0.095355,11.207387,12.110553,0.093911,0.196666,0.704936,0.736228,0.506749,0.519913,0.712478,0.755038,0.588956,0.339206,0.512798,19.459707,0.003371,0.002831,6.147881,0.004402,0.004429,0.000683,0.002166,12279982.459661,0.000000
-11617714.264533,1491771.892209,73747027.914578,46.712507,-1.890253,0.960333,0.767196,0.699261,0.058992,0.766861,0.706625,0.983411,0.233844,0.400827,0.102165,0.692786,0.382682,0.894928,0.135063,0.381689,0.718138,0.580186,0.404329,0.317754,0.027480,0.233941,0.993783,0.276034,0.124428,0.208904,0.650271,0.930497,0.955675,0.644679,0.467267,0.155847,0.219781,9.159036,13.655835,0.383185,0.226132,0.755384,0.787920,0.660100,0.698598,0.825015,0.899075,0.848966,0.477958,0.034464,33.287493,0.002158,0.008384,7.085826,0.004380,0.004393,0.000736,0.002113,11617714.264533,0.000000
-13742878.501973,1519980.333699,66295858.066755,58.726208,-1.145747,0.764726,0.977301,0.722482,0.072667,0.799118,0.712327,0.669774,0.499975,0.316965,0.197996,0.693742,0.850978,0.807226,0.736552,0.636787,0.779846,0.687659,0.984872,0.331259,0.712033,0.238872,0.146893,0.083204,0.291079,0.152815,0.642276,0.934599,0.975941,0.677238,0.466604,0.079931,0.196271,13.451308,16.151800,0.382231,0.150698,0.715545,0.806302,0.596897,0.676277,0.494454,0.724610,0.682014,0.483707,0.037468,21.273792,0.010176,0.026525,10.049460,0.004810,0.004808,0.000696,0.002153,13742878.501973,0.000000
-9728514.992481,1305783.933485,63401499.176456,49.030779,-0.582775,0.769898,0.976292,0.485628,0.074280,0.785552,0.745698,0.655360,0.131782,0.210933,0.386683,0.760367,0.385598,0.298869,0.169374,0.355155,0.777004,0.581795,0.125936,0.130970,0.505466,0.119292,0.910686,0.930987,0.218674,0.016076,0.749830,0.865069,0.953139,0.983171,0.308005,0.236511,0.106454,9.024781,19.535904,1.124287,0.224076,0.676439,0.723605,0.594337,0.633918,0.830550,0.851250,0.441653,0.611797,0.452625,30.969221,0.002869,0.002254,7.038048,0.004978,0.004987,0.000940,0.001909,9728514.992481,0.000000
-18732554.038524,1857530.577399,79782411.171456,51.797870,-0.542764,0.685716,0.977656,0.852044,0.057745,0.653180,0.937095,0.664839,0.345769,0.161028,0.773747,0.815211,0.449270,0.923173,0.368429,0.265287,0.783280,0.602505,0.983263,0.763896,0.915808,0.468380,0.025122,0.394852,0.076756,0.617940,0.641580,0.852750,0.982277,0.611907,0.308028,0.260490,0.222337,14.619627,2.161225,0.177670,0.156081,0.619071,0.667722,0.528580,0.569448,0.773301,0.822003,0.418860,0.456160,0.445253,28.202130,0.004591,0.008462,10.980794,0.004164,0.004126,0.000095,0.002754,18732554.038524,0.000000
-10609597.822804,1401895.803558,62145524.520058,41.149689,-0.279986,0.686054,0.763614,0.868179,0.019946,0.781872,0.950840,0.741432,0.345618,0.316645,0.366039,0.758899,0.356657,0.878133,0.163399,0.214712,0.787798,0.336552,0.429553,0.770617,0.508556,0.103771,0.022316,0.308105,0.121284,0.003693,0.650994,0.860224,0.735981,0.234102,0.275103,0.261703,0.104017,14.048118,20.645088,0.449220,0.195797,0.655240,0.703130,0.459550,0.480684,0.699875,0.750014,0.244206,0.384469,0.579063,38.850311,0.003547,0.006696,8.465032,0.004528,0.004543,0.000536,0.002313,10609597.822804,0.000000
-13519878.577195,1294400.930071,67142790.088773,63.711272,-1.488698,0.747671,0.673027,0.323668,0.005647,0.792778,0.798153,0.662209,0.226117,0.349668,0.822425,0.648483,0.706907,0.752065,0.171919,0.218731,0.518632,0.652687,0.977253,0.327777,0.752814,0.107504,0.890448,0.709144,0.349386,0.152642,0.644250,0.943135,0.975928,0.666482,0.396115,0.161700,0.213512,9.529829,15.458303,0.156558,0.197751,0.750972,0.797764,0.667897,0.706958,0.854621,0.928537,0.774334,0.479523,0.204489,16.288728,0.004886,0.004460,5.500890,0.004717,0.004727,0.000929,0.001920,13519878.577195,0.000000
-7834254.165827,1388318.716470,54928763.129247,41.493129,-1.654438,0.903890,0.980186,0.296220,0.403547,0.760548,0.961703,0.662182,0.557196,0.406449,0.394816,0.476544,0.413321,0.301275,0.563693,0.568391,0.810832,0.320006,0.178806,0.330612,0.101126,0.646064,0.169293,0.304101,0.123419,0.009764,0.689345,0.940688,0.900251,0.667256,0.447903,0.302785,0.105772,11.237900,20.324496,0.283216,0.283164,0.793522,0.802811,0.654508,0.670063,0.809889,0.831976,0.836121,0.506535,0.078824,38.506871,0.006097,0.008704,1.654438,0.004062,0.004095,0.000578,0.002271,7834254.165827,0.000000
-17221206.870341,1398164.961931,107006943.685675,59.613755,-0.548511,0.794312,0.755655,0.726474,0.126763,0.176366,0.941204,0.339748,0.155358,0.313178,0.384827,0.756986,0.475640,0.280594,0.970672,0.229511,0.465842,0.683454,0.876229,0.866920,0.472581,0.229745,0.479692,0.390025,0.299617,0.155656,0.682099,0.856103,0.960169,0.292934,0.307402,0.261729,0.100448,11.342853,15.741899,0.125953,0.181981,0.500701,0.726840,0.445438,0.516813,0.629884,0.755591,0.422191,0.338622,0.449752,20.386245,0.001860,0.003681,9.672568,0.004393,0.004405,0.000575,0.002274,17221206.870341,0.000000
-19271750.869427,1497308.412138,104217425.774309,63.773049,-0.536414,0.794312,0.979789,0.728198,0.370856,0.176366,0.744786,0.331007,0.155358,0.313178,0.375568,0.756986,0.471109,0.280594,0.995902,0.434862,0.776950,0.319440,0.085493,0.829342,0.470291,0.464335,0.476684,0.394253,0.299617,0.282502,0.609375,0.852403,0.969313,0.283812,0.307402,0.260773,0.098916,10.881676,11.944917,0.149040,0.157229,0.526479,0.663041,0.430269,0.435890,0.557687,0.657618,0.415158,0.332425,0.447562,16.226951,0.001496,0.000307,10.645758,0.004640,0.004652,0.000633,0.002216,19271750.869427,0.000000
-6250218.979083,1363244.751517,44282567.139018,38.794648,-1.501581,0.791156,0.896640,0.323369,0.006104,0.789116,0.802526,0.664460,0.517781,0.197749,0.820298,0.604279,0.311446,0.269955,0.167762,0.225425,0.774831,0.320730,0.991568,0.837122,0.775586,0.161145,0.606441,0.909731,0.076747,0.041437,0.036790,0.845560,0.961769,0.662831,0.447761,0.259315,0.238082,11.015610,18.957802,0.450380,0.256081,0.801833,0.793441,0.703064,0.698743,0.918049,0.915739,0.777222,0.482970,0.038608,41.205352,0.004665,0.006572,2.873005,0.004579,0.004600,0.000787,0.002062,6250218.979083,0.000000
-14490836.174542,1367246.077014,69892981.004665,63.593812,-1.810438,0.904845,0.976381,0.352439,0.077771,0.792672,0.764047,0.662180,0.226117,0.352091,0.209634,0.572375,0.706907,0.765633,0.171919,0.225281,0.518632,0.652687,0.977253,0.327777,0.024364,0.642485,0.207836,0.709144,0.350568,0.152642,0.644250,0.940602,0.976536,0.599726,0.448250,0.161700,0.214686,11.230167,16.049479,0.295310,0.196550,0.770059,0.816682,0.685123,0.723924,0.857690,0.933575,0.836418,0.453332,0.078040,16.406188,0.002879,0.003321,6.839649,0.004896,0.004908,0.000903,0.001946,14490836.174542,0.000000
-5200132.974965,1410669.828509,38025599.359284,35.501664,-0.541133,0.932456,0.960221,0.285440,0.011036,0.798364,0.950955,0.802293,0.514496,0.226641,0.647126,0.748795,0.298349,0.909057,0.827570,0.198836,0.568087,0.768014,0.962198,0.262204,0.676992,0.124450,0.021399,0.305488,0.035005,0.042439,0.641987,0.934931,0.965371,0.272217,0.277419,0.159859,0.251698,13.807318,19.407623,0.361451,0.220983,0.770603,0.680687,0.669525,0.597997,0.899258,0.817263,0.417912,0.329021,0.306145,44.498336,0.005528,0.002877,4.659536,0.004830,0.004842,0.000948,0.001901,5200132.974965,0.000000
-8521808.883790,1563844.105954,57200258.517169,35.843555,-1.665473,0.953182,0.973189,0.821792,0.166829,0.321059,0.694623,0.663918,0.496309,0.210063,0.142780,0.754496,0.381778,0.877110,0.749784,0.454855,0.808356,0.690890,0.413640,0.753224,0.504195,0.113329,0.601223,0.719805,0.046590,0.011774,0.020251,0.930677,0.987009,0.466549,0.429645,0.297833,0.215233,11.084890,19.920023,0.716914,0.237435,0.785887,0.812763,0.658055,0.668914,0.919320,0.928969,0.810899,0.398240,0.115242,44.156445,0.003978,0.011729,10.793113,0.004929,0.004930,0.000916,0.001933,8521808.883790,0.000000
-9126867.952200,1568024.753956,64983803.443087,33.362080,-1.561616,0.741118,0.975838,0.838444,0.694526,0.801250,0.749939,0.668568,0.516578,0.212807,0.311078,0.744656,0.389102,0.291606,0.266936,0.897425,0.575422,0.570626,0.451788,0.027172,0.293152,0.252575,0.595957,0.314022,0.005810,0.042221,0.183335,0.922249,0.955624,0.694640,0.417409,0.332433,0.215144,10.933876,18.979718,0.817772,0.262663,0.750284,0.791043,0.661643,0.695633,0.911118,0.935817,0.790203,0.497582,0.140450,46.637920,0.000707,0.000248,10.772607,0.004702,0.004711,0.000657,0.002192,9126867.952200,0.000000
-18938202.594128,1444641.344397,95450500.256842,63.653097,-0.543659,0.789487,0.763873,0.728229,0.011193,0.176366,0.744672,0.330190,0.155939,0.314244,0.386166,0.760401,0.475640,0.896705,0.839854,0.229511,0.465842,0.761256,0.096177,0.869095,0.470286,0.230074,0.049005,0.315062,0.299617,0.282671,0.682099,0.854618,0.969251,0.292584,0.307402,0.272538,0.098339,13.231193,12.258885,0.089524,0.171197,0.559868,0.705704,0.480106,0.487713,0.639568,0.723684,0.419380,0.335867,0.448873,16.346903,0.007948,0.001908,6.138874,0.004347,0.004360,0.000504,0.002345,18938202.594128,0.000000
-10402465.661243,1602316.344960,68139054.880820,38.270838,-1.882547,0.796666,0.710658,0.863132,0.068542,0.785851,0.753655,0.897134,0.569193,0.192588,0.237630,0.759210,0.668186,0.314649,0.376001,0.554533,0.757576,0.582144,0.834896,0.263836,0.327859,0.250735,0.007082,0.395130,0.023540,0.221679,0.616514,0.929405,0.952551,0.474836,0.466532,0.273991,0.217693,14.474395,14.047844,0.368602,0.253848,0.765555,0.777440,0.663506,0.676113,0.924388,0.932361,0.847798,0.412303,0.035479,41.729162,0.002496,0.020686,6.010517,0.004049,0.004073,0.000547,0.002302,10402465.661243,0.000000
-11629364.538220,1792829.879074,77077707.879032,37.210059,-1.574557,0.952009,0.975401,0.897716,0.720377,0.243945,0.720734,0.977888,0.289759,0.414232,0.311270,0.585623,0.412884,0.906575,0.839942,0.894825,0.772759,0.580455,0.429163,0.030847,0.016117,0.212812,0.003250,0.554025,0.011450,0.219827,0.193320,0.943751,0.735489,0.698397,0.408844,0.331982,0.210654,14.499634,14.147465,0.377931,0.197210,0.717530,0.758042,0.631534,0.665353,0.886504,0.905444,0.792901,0.517889,0.171549,42.789941,0.004099,0.000268,10.410266,0.004197,0.004204,0.000641,0.002208,11629364.538220,0.000000
-10049950.825615,1269573.231713,60477075.700837,55.018164,-1.892921,0.686404,0.761803,0.312518,0.011069,0.769297,0.950840,0.737722,0.345387,0.172580,0.803629,0.589431,0.392197,0.329313,0.747575,0.207328,0.789510,0.583518,0.964859,0.431693,0.507439,0.220106,0.195515,0.545624,0.303293,0.009648,0.447963,0.967408,0.748403,0.632997,0.447962,0.302157,0.248404,11.787339,20.328001,0.186253,0.237541,0.788649,0.811966,0.702427,0.721932,0.936584,0.948841,0.849369,0.514451,0.090075,24.981836,0.008395,0.006995,2.690027,0.004615,0.004637,0.000816,0.002033,10049950.825615,0.000000
-5737812.657785,1407647.844845,42932733.936154,33.731542,-0.279983,0.794605,0.963335,0.363762,0.370853,0.146162,0.759518,0.676713,0.517735,0.196298,0.311815,0.696624,0.280828,0.289823,0.269436,0.893468,0.574907,0.573896,0.974944,0.849095,0.067267,0.127527,0.596571,0.909731,0.010799,0.041520,0.043720,0.850846,0.962376,0.232233,0.278468,0.154457,0.215039,10.589660,18.952187,0.229152,0.191301,0.719735,0.736225,0.617053,0.639355,0.761700,0.793899,0.244203,0.314226,0.453188,46.268458,0.001699,0.018392,2.464040,0.003480,0.003500,0.000250,0.002599,5737812.657785,0.000000
-11540157.364521,1493683.156752,77198223.847911,38.655529,-1.614759,0.741121,0.974922,0.837488,0.698215,0.155980,0.755053,0.668635,0.516624,0.209551,0.202348,0.744656,0.389102,0.329483,0.150733,0.466066,0.575422,0.338704,0.453695,0.018325,0.297637,0.113299,0.627653,0.712686,0.074648,0.042222,0.392132,0.939010,0.962354,0.694640,0.417409,0.262953,0.215144,10.736508,18.982420,0.799254,0.250236,0.720228,0.797328,0.639469,0.703526,0.889976,0.939057,0.801061,0.495217,0.148051,41.344471,0.000255,0.000170,10.762463,0.004717,0.004697,0.000560,0.002289,11540157.364521,0.000000
-8604453.865189,1382811.065844,53224201.699499,46.639950,-1.664358,0.960333,0.767196,0.281562,0.009591,0.760282,0.716951,0.733919,0.235532,0.400827,0.102165,0.594575,0.397301,0.894928,0.135063,0.213084,0.717481,0.580232,0.404259,0.766656,0.505875,0.233914,0.993783,0.276493,0.123373,0.209568,0.650913,0.930497,0.955675,0.644679,0.429557,0.259165,0.113487,9.353766,13.575419,0.209776,0.274314,0.792491,0.793367,0.664435,0.682243,0.838086,0.859755,0.810688,0.477958,0.115365,33.360050,0.003129,0.003803,2.109028,0.004520,0.004536,0.000790,0.002059,8604453.865189,0.000000
-9438287.231740,1337547.905612,60404881.813517,41.347116,-0.280704,0.686054,0.756712,0.699340,0.059005,0.766767,0.950840,0.449619,0.343959,0.317010,0.366037,0.740976,0.298444,0.878133,0.163131,0.390069,0.787773,0.336864,0.423046,0.321715,0.030297,0.103771,0.022711,0.307646,0.121284,0.011661,0.650271,0.860444,0.737381,0.233330,0.275103,0.162272,0.104017,14.048074,20.381229,0.516666,0.185530,0.666046,0.732899,0.474778,0.499526,0.706299,0.769113,0.244748,0.383667,0.595450,38.652884,0.002923,0.010499,9.301136,0.004636,0.004649,0.000685,0.002164,9438287.231740,0.000000
-8718622.090211,1555793.070674,67806154.140762,33.581673,-1.049774,0.744783,0.961204,0.846978,0.698215,0.149808,0.755032,0.671227,0.513459,0.663359,0.311078,0.745552,0.389102,0.291606,0.266718,0.912503,0.665716,0.569749,0.432361,0.431617,0.296428,0.462661,0.043170,0.712686,0.009940,0.042222,0.169995,0.890109,0.955814,0.695407,0.466704,0.162572,0.215144,14.067505,19.453715,0.735538,0.206200,0.663198,0.770773,0.565864,0.656237,0.682188,0.821545,0.649983,0.497816,0.019009,46.418327,0.000701,0.009789,11.578666,0.004752,0.004762,0.000751,0.002098,8718622.090211,0.000000
-7464342.213934,1568560.841282,51987706.874207,33.136159,-1.534816,0.954796,0.973089,0.870039,0.003087,0.774863,0.596255,0.980386,0.484085,0.418566,0.214601,0.756262,0.677027,0.334687,0.832552,0.278696,0.572495,0.580604,0.574249,0.300063,0.019496,0.032367,0.593168,0.550704,0.012689,0.004293,0.650554,0.931183,0.958723,0.691323,0.408844,0.331015,0.102824,11.118944,20.133302,0.967575,0.274411,0.742976,0.755615,0.601813,0.620187,0.730924,0.754747,0.784505,0.495191,0.165743,46.863841,0.002621,0.004568,8.867528,0.004936,0.004937,0.000862,0.001987,7464342.213934,0.000000
-12580615.415475,1437340.942586,65663013.608421,55.894193,-0.289627,0.792250,0.989056,0.821796,0.012727,0.230485,0.759749,0.676827,0.520339,0.194026,0.694075,0.759060,0.314380,0.915314,0.165706,0.195523,0.575142,0.320730,0.995510,0.832925,0.310054,0.127752,0.628022,0.895012,0.298963,0.042449,0.678005,0.853793,0.965420,0.234260,0.278468,0.301431,0.215039,11.012321,19.069868,0.552277,0.162440,0.653651,0.711138,0.564770,0.613072,0.795797,0.851389,0.251457,0.314169,0.454802,24.105807,0.002520,0.004068,12.378969,0.004975,0.004962,0.000848,0.002001,12580615.415475,0.000000
-12283006.899914,1718560.597986,70901050.225765,38.298766,-0.523006,0.905544,0.770402,0.879672,0.677239,0.759052,0.716238,0.935583,0.536685,0.284884,0.366338,0.760569,0.306480,0.895221,0.139899,0.249416,0.777552,0.579244,0.983006,0.455124,0.372924,0.233550,0.980643,0.273995,0.024671,0.209651,0.650978,0.930485,0.965643,0.644937,0.276974,0.332229,0.113611,9.524565,13.635299,0.222766,0.204608,0.635207,0.654580,0.548890,0.564454,0.687485,0.716175,0.407264,0.474638,0.416897,41.701234,0.000235,0.005173,7.263765,0.003923,0.003920,0.000490,0.002359,12283006.899914,0.000000
-7363674.478685,1542408.133354,53719351.368510,32.805368,-1.534816,0.747922,0.666734,0.906875,0.374222,0.243945,0.722572,0.980346,0.289759,0.416830,0.327778,0.741919,0.668345,0.299818,0.192380,0.913119,0.942568,0.323228,0.229584,0.877631,0.016117,0.214014,0.003250,0.302064,0.010296,0.001926,0.694368,0.931183,0.897830,0.985523,0.408844,0.331982,0.249861,14.123043,20.672027,0.543520,0.274227,0.777694,0.765661,0.683643,0.673964,0.927196,0.919581,0.784505,0.586785,0.165743,47.194632,0.000917,0.001774,4.435711,0.004073,0.004100,0.000559,0.002290,7363674.478685,0.000000
-9291964.657190,1228165.597871,56319325.535143,55.836207,-1.612871,0.963346,0.745192,0.307794,0.071664,0.152791,0.735694,0.676881,0.077861,0.307844,0.124022,0.596710,0.391577,0.772495,0.180828,0.225405,0.514095,0.574469,0.980051,0.431630,0.300006,0.108206,0.088638,0.298751,0.302583,0.037066,0.028868,0.930400,0.960182,0.617364,0.443329,0.332573,0.099691,11.422911,19.558751,0.063746,0.255002,0.794690,0.828844,0.685329,0.699665,0.834138,0.861119,0.825971,0.465707,0.084351,24.163793,0.003272,0.003184,1.612871,0.004237,0.004237,0.000722,0.002127,9291964.657190,0.000000
-6320444.994729,1294603.388302,44924521.002222,41.549173,-1.077272,0.739533,0.769003,0.284005,0.071124,0.779643,0.210015,0.667867,0.337759,0.350403,0.831223,0.568714,0.414868,0.770447,0.365225,0.244239,0.591529,0.594286,0.405303,0.340949,0.496231,0.098600,0.155484,0.965083,0.124605,0.008561,0.612390,0.943083,0.960432,0.997355,0.396439,0.162511,0.238014,12.745783,20.320004,0.375503,0.263411,0.806773,0.812460,0.714505,0.719505,0.889137,0.927805,0.774785,0.606842,0.203594,38.450827,0.011114,0.006058,1.077272,0.004688,0.004703,0.000883,0.001966,6320444.994729,0.000000
-9483217.282600,1222943.214674,58234604.520495,70.146869,-0.528545,0.737924,0.961473,0.275656,0.126049,0.781426,0.948550,0.671290,0.508032,0.314765,0.161058,0.741690,0.460435,0.791895,0.169252,0.222534,0.464277,0.687701,0.436948,0.326748,0.500519,0.298844,0.476878,0.385292,0.499917,0.015440,0.160543,0.852617,0.960306,0.704607,0.306375,0.258713,0.200902,10.076625,20.012152,0.189393,0.143687,0.708521,0.714467,0.620214,0.625565,0.859678,0.864114,0.410538,0.499840,0.451829,9.853131,0.002098,0.004124,3.271672,0.004606,0.004623,0.000835,0.002014,9483217.282600,0.000000
-11229884.117258,1326278.457853,66480095.508063,56.074412,-1.769235,0.797099,0.976742,0.806180,0.065767,0.230482,0.581857,0.676882,0.567824,0.306852,0.103472,0.433322,0.313119,0.282447,0.144999,0.454247,0.779859,0.575279,0.421912,0.318342,0.330994,0.108227,0.628022,0.906127,0.289066,0.071548,0.033735,0.952007,0.959967,0.247175,0.463502,0.261773,0.099502,10.577543,18.179352,0.796759,0.172919,0.675769,0.692070,0.444965,0.456575,0.650702,0.699583,0.829537,0.320754,0.050893,23.925588,0.002156,0.014126,7.424773,0.004581,0.004582,0.000701,0.002148,11229884.117258,0.000000
-13303961.695217,1264268.843197,71251311.199146,68.468721,-1.543660,0.727917,0.855363,0.493983,0.000611,0.578591,0.205208,0.668017,0.340034,0.350188,0.386690,0.692136,0.457456,0.785245,0.357356,0.222534,0.581106,0.338198,0.142044,0.300230,0.500810,0.108199,0.214575,0.959352,0.479055,0.015291,0.613138,0.960875,0.943761,0.675168,0.395994,0.303615,0.095478,12.312719,20.220474,0.470954,0.209745,0.742310,0.817657,0.660742,0.677805,0.786149,0.818351,0.786402,0.494103,0.213244,11.531279,0.010285,0.004258,2.603367,0.004998,0.004996,0.000858,0.001991,13303961.695217,0.000000
-16278459.462948,1920362.973604,79904974.475600,44.699888,-1.598445,0.901994,0.997584,0.870088,0.653227,0.244199,0.899106,0.974170,0.286689,0.417219,0.379268,0.560861,0.389893,0.897746,0.368378,0.240645,0.570688,0.601986,0.421928,0.046676,0.030700,0.468602,0.391317,0.554923,0.009715,0.603213,0.644676,0.933653,0.949786,0.296897,0.417509,0.434685,0.238807,12.526657,2.272098,0.218488,0.211356,0.712786,0.706205,0.553923,0.563465,0.884707,0.879536,0.797789,0.343198,0.112067,35.300112,0.001406,0.000509,12.983049,0.003555,0.003571,0.000084,0.002765,16278459.462948,0.000000
-13998285.440548,1677088.304949,86145614.854859,41.511243,-1.017065,0.796545,0.972749,0.805195,0.086263,0.850988,0.757455,0.677860,0.290625,0.338601,0.774491,0.599294,0.469398,0.150400,0.422957,0.444889,0.700011,0.682835,0.238929,0.838863,0.442693,0.252942,0.601199,0.394897,0.009547,0.440611,0.636184,0.933324,0.732946,0.997209,0.334818,0.304999,0.200311,11.855064,6.942629,0.544215,0.208592,0.622123,0.719527,0.546118,0.627326,0.783201,0.873192,0.638345,0.520671,0.386088,38.488757,0.000059,0.004275,10.508320,0.004216,0.004234,0.000529,0.002320,13998285.440548,0.000000
-4980063.028527,1359142.451424,38195730.275022,36.004514,-1.847436,0.738970,0.975740,0.349815,0.012161,0.144452,0.740161,0.733863,0.562604,0.197563,0.167892,0.447560,0.461209,0.332016,0.172142,0.319995,0.810832,0.587545,0.572679,0.330556,0.751702,0.106289,0.887057,0.301032,0.050922,0.001539,0.688972,0.928727,0.740927,0.985506,0.460860,0.298335,0.110636,9.087087,19.910015,0.629340,0.301781,0.842900,0.805106,0.734445,0.713988,0.870972,0.881744,0.842359,0.525515,0.046638,43.995486,0.004640,0.010954,3.354598,0.004751,0.004768,0.000893,0.001956,4980063.028527,0.000000
-12151206.328938,1718315.864682,63161118.552916,42.836163,-1.571760,0.953373,0.983102,0.891761,0.403155,0.792587,0.957072,0.667787,0.561790,0.406584,0.971186,0.615256,0.680507,0.906549,0.840382,0.895950,0.810832,0.580267,0.983389,0.330612,0.100472,0.215645,0.851908,0.554891,0.123419,0.057680,0.689345,0.942689,0.975191,0.666482,0.408929,0.302785,0.105772,9.861940,18.409912,0.464856,0.217100,0.670952,0.681084,0.527145,0.534182,0.612258,0.633548,0.792321,0.479776,0.170843,37.163837,0.011269,0.019108,15.704869,0.004621,0.004613,0.000879,0.001970,12151206.328938,0.000000
-18516373.476345,1429306.865325,97145014.713001,73.790779,-1.203042,0.901540,0.855181,0.868323,0.093381,0.226173,0.446997,0.425019,0.288539,0.340108,0.143246,0.758152,0.459701,0.781847,0.158067,0.239111,0.572122,0.683039,0.239371,0.287706,0.000853,0.251014,0.392468,0.396075,0.478526,0.144943,0.855361,0.845543,0.949425,0.245726,0.400371,0.262040,0.112312,11.878694,16.236785,0.274392,0.151338,0.642195,0.695607,0.482256,0.484429,0.695588,0.750475,0.699720,0.323173,0.147252,6.209221,0.002257,0.003705,4.421929,0.004561,0.004571,0.000630,0.002219,18516373.476345,0.000000
-13432098.482423,1749242.089627,70880468.690389,41.797769,-0.762069,0.796545,0.997800,0.804363,0.066160,0.850988,0.751384,0.676648,0.564940,0.357136,0.765410,0.599648,0.392401,0.911895,0.368255,0.443850,0.701398,0.601316,0.418242,0.822910,0.463867,0.470136,0.393100,0.917173,0.013263,0.439178,0.709363,0.844636,0.949549,0.309533,0.338835,0.270087,0.238923,13.052494,7.194243,0.394360,0.189558,0.671855,0.708293,0.578779,0.596771,0.837273,0.868136,0.533300,0.348238,0.327098,38.202231,0.003426,0.010648,10.917296,0.004326,0.004335,0.000557,0.002292,13432098.482423,0.000000
-18400788.661910,1470254.991181,97048606.743750,63.773463,-1.097429,0.794312,0.768414,0.786691,0.131824,0.176366,0.958354,0.330922,0.155358,0.457434,0.388875,0.756986,0.701283,0.786350,0.995720,0.229511,0.463632,0.321247,0.043135,0.032482,0.475910,0.230074,0.477495,0.397070,0.299617,0.282508,0.682099,0.856103,0.969251,0.292934,0.379689,0.294011,0.100448,11.753701,11.929115,0.100951,0.189015,0.625581,0.700085,0.475657,0.482644,0.644403,0.722143,0.666272,0.336004,0.207341,16.226537,0.013944,0.000086,10.126187,0.004182,0.004199,0.000409,0.002440,18400788.661910,0.000000
-6154703.407583,1252591.048594,39480905.817611,41.358374,-0.280704,0.688106,0.764761,0.272791,0.009604,0.798758,0.942449,0.739752,0.345618,0.178437,0.366037,0.593802,0.660320,0.878133,0.789095,0.214712,0.787798,0.347136,0.422976,0.770605,0.506918,0.103771,0.022711,0.308105,0.121284,0.012116,0.650912,0.860444,0.737381,0.233330,0.275103,0.117677,0.104017,13.451377,20.328835,0.261234,0.187253,0.733523,0.711466,0.511378,0.544170,0.766117,0.809539,0.244748,0.383667,0.595450,38.641626,0.018837,0.007671,2.189155,0.004741,0.004752,0.000897,0.001952,6154703.407583,0.000000
-12808131.575852,1448653.330401,65932010.187314,58.598810,-1.489799,0.780650,0.976173,0.727404,0.071498,0.767135,0.950832,0.666646,0.499975,0.317347,0.386051,0.690618,0.295524,0.792508,0.143653,0.387846,0.779827,0.692082,0.105844,0.762994,0.713672,0.104983,0.145958,0.549485,0.289411,0.153091,0.642970,0.934599,0.975941,0.677840,0.400335,0.258747,0.225232,13.485513,16.121624,0.569282,0.197052,0.755338,0.768229,0.666405,0.677397,0.911974,0.920057,0.774582,0.483941,0.189252,21.401190,0.002191,0.001840,11.977386,0.004807,0.004801,0.000724,0.002125,12808131.575852,0.000000
-13052700.198597,1729605.287093,84492302.977894,38.481863,-1.465357,0.685790,0.780391,0.879672,0.677239,0.223311,0.784172,0.658787,0.539559,0.284884,0.849061,0.760225,0.345390,0.909975,0.744798,0.224933,0.777552,0.610694,0.413186,0.297332,0.393263,0.225301,0.005258,0.389267,0.027039,0.217548,0.650994,0.942870,0.940685,0.639989,0.392761,0.331923,0.216098,14.092119,14.210249,0.221735,0.231022,0.680617,0.785781,0.599543,0.684215,0.854513,0.924098,0.769004,0.481302,0.213432,41.518137,0.002711,0.005342,8.735617,0.004106,0.004123,0.000346,0.002503,13052700.198597,0.000000
-6129523.329520,1441164.888835,46548722.992248,33.851841,-1.302990,0.793262,0.972793,0.362805,0.370853,0.824832,0.752877,0.676713,0.520418,0.196513,0.204452,0.696624,0.280828,0.327765,0.157717,0.885707,0.574907,0.347294,0.836874,0.837122,0.064381,0.128132,0.628266,0.921029,0.012293,0.041520,0.043720,0.852387,0.952554,0.232233,0.466379,0.209408,0.252992,10.799002,18.934637,0.381111,0.228966,0.760969,0.789485,0.653581,0.673743,0.863150,0.884736,0.728282,0.316982,0.004155,46.148159,0.000656,0.011069,5.154282,0.004077,0.004091,0.000564,0.002285,6129523.329520,0.000000
-6036209.923578,1297544.292060,39100052.491896,41.658562,-0.535196,0.794614,0.727752,0.305485,0.068542,0.131410,0.759659,0.897173,0.377884,0.192588,0.236206,0.435453,0.668186,0.322970,0.372561,0.559711,0.751835,0.576537,0.993287,0.267288,0.331981,0.114441,0.007155,0.383831,0.121113,0.024900,0.616514,0.931354,0.962372,0.639456,0.278012,0.321100,0.215671,12.925839,19.946262,0.285334,0.259412,0.758613,0.710693,0.662343,0.622831,0.890093,0.847234,0.414446,0.473612,0.457224,38.341438,0.009002,0.021396,2.191960,0.004437,0.004453,0.000746,0.002103,6036209.923578,0.000000
-5508497.921718,1396116.185723,39466005.889418,37.324768,-1.568319,0.738970,0.962912,0.351964,0.012161,0.186169,0.957073,0.732435,0.561227,0.406449,0.770157,0.593435,0.391367,0.915241,0.147535,0.213890,0.811918,0.598179,0.579658,0.268312,0.058775,0.466579,0.851908,0.420012,0.064033,0.016987,0.694163,0.928723,0.837089,0.657663,0.415242,0.302785,0.220652,8.982883,19.503244,0.497176,0.280769,0.825276,0.787596,0.726599,0.695695,0.953745,0.933556,0.791605,0.526152,0.148683,42.675232,0.003557,0.006643,4.923940,0.004732,0.004727,0.000933,0.001916,5508497.921718,0.000000
-1907955.940186,1237060.417117,48403194.349535,54.263352,-1.559827,0.743302,0.768468,0.282292,0.063727,0.780463,0.728430,0.939217,0.743024,0.598393,0.374512,0.753522,0.473210,0.333527,0.729354,0.461999,0.780545,0.771184,0.994016,0.265970,0.502095,0.108226,0.148452,0.310597,0.293280,0.010006,0.612822,0.962353,0.975287,0.461901,0.397722,0.161199,0.252469,12.024077,20.404528,0.183918,0.205903,0.806933,0.774328,0.714887,0.688177,0.894730,0.899024,0.789828,0.400074,0.209287,25.736648,0.011317,0.017417,2.683434,0.004559,0.004579,0.000778,0.002071,1907955.940186,0.000000
-10000397.076335,1300695.455175,59767152.763581,54.951219,-1.898082,0.686404,0.758088,0.312518,0.000515,0.793382,0.950840,0.734160,0.341923,0.172580,0.803629,0.589175,0.668223,0.329313,0.747575,0.207328,0.789510,0.772259,0.974773,0.431693,0.533609,0.217103,0.195515,0.545624,0.303293,0.007617,0.855948,0.967568,0.748403,0.927654,0.448740,0.298612,0.249124,12.095647,20.394046,0.264967,0.250215,0.788571,0.807859,0.701215,0.717395,0.936665,0.946812,0.850144,0.514394,0.088451,25.048781,0.012306,0.006618,4.258803,0.004805,0.004821,0.000927,0.001922,10000397.076335,0.000000
-5336646.517302,1502357.266910,40620853.141129,33.609266,-1.494354,0.927569,0.973062,0.354254,0.058638,0.843404,0.857509,0.886421,0.540350,0.405703,0.325841,0.570612,0.668808,0.881861,0.174372,0.221259,0.683936,0.583755,0.158974,0.437173,0.769997,0.235170,0.160668,0.390072,0.009870,0.042839,0.684031,0.851365,0.719283,0.450226,0.443401,0.439276,0.216078,13.495467,19.278248,0.773803,0.281102,0.819247,0.756056,0.694712,0.663793,0.947914,0.919007,0.775607,0.483620,0.001803,46.390734,0.003351,0.004092,8.095127,0.004996,0.005004,0.001033,0.001816,5336646.517302,0.000000
-12183621.906253,1712760.775214,71660260.199966,38.308949,-0.525348,0.905544,0.770402,0.849911,0.677239,0.214735,0.716238,0.933351,0.536685,0.286427,0.366338,0.760572,0.306469,0.895221,0.139899,0.249416,0.858009,0.579244,0.983006,0.455124,0.372924,0.233550,0.980643,0.273995,0.023465,0.215156,0.650977,0.930475,0.981799,0.644937,0.277235,0.332229,0.113611,9.450680,13.468781,0.225505,0.207076,0.630879,0.659271,0.545395,0.567280,0.690536,0.720728,0.408650,0.469149,0.425845,41.691051,0.000235,0.005691,6.767524,0.003895,0.003909,0.000514,0.002335,12183621.906253,0.000000
-17721652.601160,2073976.550951,76708629.531687,46.675108,-0.799663,0.910920,0.981706,0.879530,0.677239,0.772550,0.785805,0.664288,0.525400,0.209502,0.772292,0.760222,0.307318,0.907427,0.729197,0.252913,0.777559,0.602726,0.983007,0.453688,0.505421,0.233550,0.002906,0.384352,0.024675,0.628710,0.650994,0.929348,0.966109,0.596022,0.309250,0.332229,0.215990,14.026897,1.863246,0.102220,0.159374,0.649613,0.699913,0.555513,0.587812,0.801147,0.848740,0.550519,0.455362,0.417155,33.324892,0.001174,0.004970,12.771368,0.003653,0.003634,0.000376,0.002473,17721652.601160,0.000000
-9808946.334002,1611864.754661,69645827.498400,36.134923,-1.877262,0.654565,0.975651,0.836530,0.690415,0.766939,0.993972,0.975346,0.268196,0.290394,0.243262,0.693852,0.692096,0.311758,0.257747,0.480635,0.780391,0.574950,0.189213,0.436595,0.429224,0.248538,0.004637,0.688532,0.010296,0.170361,0.695478,0.926260,0.749509,0.656314,0.467346,0.261253,0.219252,14.664903,15.602612,0.619310,0.241974,0.762120,0.754321,0.674119,0.667921,0.923736,0.918898,0.846991,0.529829,0.032571,43.865077,0.000670,0.002717,9.029611,0.004229,0.004208,0.000138,0.002711,9808946.334002,0.000000
-3797016.984459,1469820.602360,36179874.907482,32.501012,-0.365632,0.954793,0.666744,0.328674,0.066010,0.798045,0.154493,0.660601,0.345745,0.401591,0.333351,0.739033,0.674138,0.292704,0.244109,0.912987,0.781923,0.767591,0.983006,0.435101,0.412634,0.254746,0.003500,0.302061,0.004617,0.008080,0.695639,0.930897,0.955750,0.994661,0.409766,0.333590,0.250684,13.713065,20.424362,0.566177,0.305528,0.828242,0.812813,0.727068,0.714581,0.954780,0.946860,0.785596,0.609849,0.163289,47.498988,0.005798,0.034997,0.365632,0.004791,0.004809,0.000921,0.001928,3797016.984459,0.000000
-7539005.152786,1600641.190913,56612764.440247,32.805368,-1.921787,0.747922,0.975719,0.902624,0.392624,0.282379,0.722572,0.980346,0.289759,0.416830,0.674068,0.741919,0.668345,0.299619,0.192380,0.899790,0.942568,0.323228,0.229584,0.880433,0.010194,0.214014,0.003250,0.305094,0.010296,0.001926,0.694328,0.943050,0.897830,0.620780,0.465853,0.331982,0.105982,14.487660,20.696781,0.983046,0.283036,0.728500,0.751642,0.578546,0.596847,0.726705,0.755150,0.853655,0.488754,0.042445,47.194632,0.000864,0.001925,11.998431,0.004876,0.004883,0.000879,0.001970,7539005.152786,0.000000
-11175965.375248,1444908.269269,77557527.621870,41.639799,-0.538822,0.793370,0.973811,0.806657,0.370853,0.779574,0.759646,0.676494,0.591119,0.199160,0.203086,0.759105,0.311446,0.296442,0.365736,0.888110,0.574907,0.320730,0.995510,0.305668,0.313000,0.124950,0.633256,0.909731,0.124211,0.009115,0.043720,0.850844,0.962247,0.465637,0.394451,0.159110,0.215039,10.878797,20.009497,0.685765,0.172905,0.584660,0.737283,0.502366,0.630465,0.541453,0.775143,0.416565,0.405620,0.164969,38.360201,0.001402,0.006094,11.203399,0.004873,0.004872,0.000809,0.002040,11175965.375248,0.000000
-8148568.619741,1518480.888105,62447486.944961,34.775271,-1.782918,0.912675,0.975873,0.881948,0.072669,0.790028,0.716951,0.475464,0.540648,0.285409,0.094505,0.696034,0.415974,0.248166,0.139922,0.390066,0.778080,0.576121,0.983767,0.319462,0.441459,0.233582,0.920060,0.085838,0.028394,0.023707,0.696031,0.993469,0.965662,0.629105,0.417079,0.163173,0.113754,8.979793,19.274992,0.984630,0.256648,0.743724,0.767394,0.596161,0.614148,0.734881,0.776416,0.831853,0.468443,0.173572,45.224729,0.001464,0.009922,10.495345,0.004856,0.004859,0.000815,0.002034,8148568.619741,0.000000
-6101552.693919,1270700.243134,43119290.102585,41.549070,-1.177395,0.742934,0.769003,0.282312,0.071124,0.779643,0.722794,0.930281,0.337759,0.599749,0.884794,0.568714,0.414868,0.300300,0.365225,0.244239,0.591529,0.594286,0.405303,0.340949,0.496231,0.098600,0.155484,0.965083,0.124603,0.008561,0.612390,0.861386,0.960432,0.457354,0.396439,0.162511,0.252314,12.757992,20.332535,0.436800,0.251215,0.803355,0.766797,0.707972,0.678005,0.896042,0.901037,0.707329,0.402948,0.164816,38.450930,0.010330,0.006010,1.177395,0.004432,0.004458,0.000723,0.002126,6101552.693919,0.000000
-15798053.071717,1416765.341996,95473037.494509,54.584430,-1.903669,0.744896,0.970570,0.838444,0.735572,0.803286,0.755404,0.626675,0.165039,0.318408,0.311078,0.749575,0.315962,0.330574,0.269519,0.315097,0.669984,0.565430,0.137268,0.305227,0.774522,0.452939,0.634273,0.712686,0.279532,0.048133,0.787502,0.937469,0.962244,0.665656,0.465769,0.163224,0.217885,10.259327,18.875397,0.569038,0.218505,0.709260,0.819415,0.634766,0.725968,0.840590,0.948598,0.850979,0.483911,0.040321,25.415570,0.000660,0.001201,10.039921,0.004601,0.004578,0.000461,0.002388,15798053.071717,0.000000
-11029840.585119,1425060.406572,71993661.398511,39.495857,-0.294253,0.747289,0.975042,0.806657,0.370807,0.808321,0.759694,0.676827,0.510258,0.196513,0.203086,0.759081,0.466915,0.309849,0.194193,0.879760,0.574907,0.320730,0.227350,0.837122,0.315106,0.124339,0.922289,0.938341,0.084855,0.042017,0.643568,0.850764,0.898876,0.284461,0.280076,0.097858,0.215039,9.326619,18.741307,0.777472,0.170708,0.616687,0.710131,0.539702,0.617878,0.475021,0.758748,0.254912,0.353392,0.494780,40.504143,0.000943,0.002361,10.918289,0.004843,0.004848,0.000724,0.002125,11029840.585119,0.000000
-15479063.215250,1333665.337560,75981496.353631,56.020822,-1.632848,0.796443,0.980851,0.806180,0.065944,0.252231,0.581857,0.676827,0.344912,0.198848,0.139763,0.432224,0.313119,0.313143,0.144999,0.397113,0.702249,0.454876,0.421101,0.314757,0.299767,0.108242,0.637663,0.282503,0.288345,0.071548,0.076003,0.952007,0.959967,0.231671,0.413839,0.261773,0.097547,10.540263,18.152853,0.788083,0.181935,0.684757,0.703249,0.452635,0.465180,0.646855,0.715287,0.804628,0.314680,0.162778,23.979178,0.002310,0.012114,7.384059,0.004562,0.004566,0.000673,0.002176,15479063.215250,0.000000
-8662009.449436,1494149.415807,58751036.328584,36.836795,-1.705434,0.741550,0.968897,0.847801,0.170465,0.321059,0.694623,0.968588,0.496309,0.226529,0.812202,0.583358,0.381778,0.295183,0.266935,0.455466,0.785586,0.692421,0.413588,0.267602,0.675068,0.114867,0.222850,0.710435,0.060696,0.011943,0.617256,0.943953,0.987288,0.456081,0.429320,0.296264,0.250991,13.150530,20.220436,1.081625,0.274725,0.778543,0.759720,0.687741,0.672441,0.929570,0.917953,0.818306,0.394096,0.121866,43.163205,0.002233,0.013456,10.370892,0.004820,0.004827,0.000855,0.001994,8662009.449436,0.000000
-7903855.652870,1426995.414773,52414168.228655,38.642364,-0.755657,0.952506,0.961200,0.295067,0.694579,0.147809,0.755032,0.668635,0.516578,0.209336,0.321383,0.747326,0.389102,0.898776,0.721083,0.468040,0.575586,0.569383,0.436241,0.027172,0.296643,0.113325,0.581706,0.712687,0.074648,0.042052,0.178468,0.681545,0.981294,0.694640,0.417239,0.157489,0.215812,11.009544,18.987910,0.087535,0.200910,0.722215,0.777348,0.621803,0.674012,0.759979,0.834370,0.530298,0.488630,0.031668,41.357636,0.004608,0.000248,2.594265,0.003196,0.003213,0.000158,0.002691,7903855.652870,0.000000
-12379838.912280,1798516.994137,69916813.304144,38.481837,-0.513712,0.905544,0.978258,0.877617,0.677239,0.321155,0.785968,0.935583,0.534987,0.284884,0.361370,0.760225,0.347809,0.907497,0.744337,0.256508,0.777552,0.579236,0.983006,0.453688,0.669493,0.233900,0.001745,0.706463,0.026643,0.219209,0.015902,0.929338,0.984436,0.475406,0.276353,0.332229,0.216098,14.543787,14.173180,0.313002,0.188121,0.642732,0.641163,0.553300,0.552415,0.777699,0.774681,0.401729,0.402474,0.427305,41.518163,0.002656,0.005382,12.508903,0.004451,0.004433,0.000618,0.002231,12379838.912280,0.000000
-17738359.845629,1426544.785834,80042932.294174,61.763589,-0.283875,0.658843,0.756712,0.700748,0.059005,0.766767,0.952626,0.443707,0.343959,0.317002,0.773724,0.746687,0.298444,0.878133,0.162818,0.390069,0.790635,0.449602,0.423046,0.321715,0.030297,0.103771,0.201953,0.307646,0.297539,0.229079,0.650271,0.861416,0.931918,0.374071,0.275103,0.295995,0.101964,12.733446,13.768148,0.176851,0.162419,0.588510,0.723452,0.512084,0.527491,0.695156,0.745871,0.247139,0.379028,0.543540,18.236411,0.002645,0.012765,9.551980,0.004329,0.004348,0.000558,0.002291,17738359.845629,0.000000
-5150703.765259,1381836.585644,40065002.529805,35.072250,-1.845121,0.738970,0.676922,0.349815,0.011629,0.794528,0.692424,0.662490,0.490294,0.421110,0.844968,0.447560,0.461200,0.325953,0.189135,0.212881,0.810832,0.621326,0.120676,0.330579,0.663086,0.106937,0.887057,0.301317,0.027017,0.043583,0.688690,0.961865,0.986298,0.985762,0.442905,0.298335,0.250921,8.940157,18.617511,0.722616,0.322736,0.831455,0.808630,0.734855,0.716244,0.958088,0.946871,0.841994,0.599792,0.098815,44.927750,0.005495,0.006461,3.734019,0.004576,0.004593,0.000906,0.001943,5150703.765259,0.000000
-11392115.202155,1410024.090424,68497660.273996,41.357422,-0.286720,0.684510,0.761227,0.821854,0.674344,0.766929,0.728585,0.690777,0.595546,0.335230,0.829168,0.592943,0.429527,0.290558,0.730204,0.455267,0.780545,0.288755,0.423065,0.321607,0.296849,0.103980,0.152488,0.280466,0.121706,0.009635,0.650310,0.860448,0.746307,0.235700,0.275760,0.157166,0.201168,13.041461,20.389444,0.330326,0.158658,0.638364,0.723724,0.556825,0.602546,0.777441,0.861475,0.249278,0.381689,0.535523,38.642578,0.001349,0.006646,5.763661,0.004041,0.004063,0.000625,0.002224,11392115.202155,0.000000
-7926346.806511,1386771.838469,55435544.257578,37.970160,-1.499085,0.686054,0.756712,0.698159,0.059005,0.846208,0.950840,0.450336,0.342364,0.317010,0.367436,0.740976,0.298444,0.878133,0.163131,0.390031,0.787773,0.336864,0.421914,0.308191,0.030297,0.123609,0.015954,0.307646,0.076400,0.011641,0.615248,0.860608,0.949940,0.453712,0.439208,0.162227,0.104017,14.127875,20.370176,0.547230,0.253174,0.742859,0.773061,0.568850,0.592457,0.737673,0.788280,0.776666,0.404829,0.063191,42.029840,0.002914,0.010476,9.294654,0.004628,0.004641,0.000684,0.002165,7926346.806511,0.000000
-8521547.861466,1531474.380971,59493105.742455,34.414762,-0.278835,0.793370,0.975042,0.819029,0.370853,0.227687,0.759613,0.677448,0.475955,0.196570,0.753302,0.759105,0.391775,0.270600,0.153235,0.385924,0.574907,0.564177,0.995313,0.837122,0.308330,0.124240,0.199886,0.909731,0.020698,0.041275,0.043720,0.850496,0.962401,0.234323,0.278468,0.258518,0.214812,13.403121,19.339283,0.727499,0.203216,0.664875,0.717220,0.574277,0.601771,0.807658,0.857168,0.243336,0.315037,0.456090,45.585238,0.000624,0.010214,12.013308,0.004882,0.004887,0.000837,0.002012,8521547.861466,0.000000
-6051310.031320,1406060.817953,42035655.052785,38.639354,-1.841775,0.789358,0.779800,0.299099,0.063477,0.791098,0.691613,0.662372,0.484333,0.315250,0.209385,0.604384,0.458985,0.787548,0.723857,0.910009,0.775939,0.335373,0.985460,0.329721,0.469043,0.229563,0.599206,0.423878,0.082584,0.015291,0.772389,0.961326,0.977567,0.675168,0.442631,0.299788,0.201641,10.795114,19.763149,0.315105,0.305699,0.830319,0.816987,0.733628,0.722867,0.955287,0.951046,0.841464,0.482342,0.099190,41.360646,0.010824,0.018311,4.777271,0.004749,0.004761,0.000898,0.001951,6051310.031320,0.000000
-18413156.592344,1380990.382392,90640959.693479,75.998396,-1.492082,0.659739,0.971611,0.491526,0.066139,0.177478,0.742390,0.443798,0.150975,0.348403,0.333128,0.755126,0.660497,0.268243,0.182140,0.230705,0.776936,0.781899,0.158917,0.438831,0.504192,0.164342,0.479359,0.399418,0.468511,0.218970,0.858426,0.852084,0.962920,0.676074,0.442637,0.298601,0.248571,10.591197,13.861823,0.406020,0.187227,0.686749,0.811307,0.608958,0.712121,0.871350,0.949579,0.775096,0.487754,0.052161,4.001604,0.003437,0.007467,6.389098,0.004719,0.004694,0.000569,0.002280,18413156.592344,0.000000
-3973805.840718,1331509.908127,37530405.572167,35.072250,-0.773514,0.738970,0.676922,0.349650,0.056804,0.155523,0.692424,0.733863,0.137781,0.421110,0.362205,0.447560,0.461209,0.326602,0.189065,0.319995,0.810832,0.621132,0.130831,0.334583,0.663086,0.106966,0.887057,0.301317,0.027017,0.043583,0.749721,0.925955,0.953884,0.985762,0.307400,0.298335,0.250921,8.676254,18.601347,0.545247,0.282904,0.776354,0.736515,0.679028,0.646258,0.911229,0.880163,0.538611,0.611089,0.491114,44.927750,0.003911,0.007415,1.145827,0.004315,0.004339,0.000788,0.002061,3973805.840718,0.000000
-15769216.626898,1328152.906876,81203880.744619,54.904217,-1.441883,0.694700,0.756384,0.874544,0.148826,0.177629,0.730743,0.350223,0.348305,0.286080,0.366338,0.595630,0.474283,0.290975,0.747672,0.217159,0.789920,0.313917,0.214092,0.433942,0.508925,0.219830,0.003566,0.397403,0.303289,0.007917,0.694609,0.852799,0.960892,0.278902,0.434039,0.163234,0.201021,13.747566,20.588955,0.465193,0.206438,0.714576,0.833938,0.635520,0.665068,0.842933,0.938103,0.763518,0.332918,0.071062,25.095783,0.001700,0.002416,6.028587,0.004389,0.004406,0.000513,0.002336,15769216.626898,0.000000
-15380129.666029,1373821.625370,80808332.061737,54.374387,-0.061347,0.694700,0.989046,0.807125,0.145574,0.177629,0.785968,0.350223,0.344219,0.285939,0.202005,0.759303,0.474523,0.327285,0.755712,0.217159,0.789584,0.579275,0.214092,0.433347,0.512222,0.219803,0.620212,0.361742,0.293845,0.007893,0.037385,0.853187,0.960892,0.233856,0.254411,0.329925,0.216270,10.807892,20.086845,0.779401,0.180184,0.552844,0.742784,0.480811,0.639547,0.657735,0.870508,0.059503,0.315277,0.422786,25.625613,0.002812,0.004795,8.439841,0.004699,0.004673,0.000548,0.002301,15380129.666029,0.000000
-11589926.218595,1538707.653830,76405296.880091,38.567818,-1.609886,0.736989,0.960600,0.828371,0.698215,0.831100,0.742644,0.662513,0.516187,0.209336,0.311078,0.747043,0.657845,0.291606,0.264239,0.452035,0.781034,0.766217,0.436190,0.024261,0.296428,0.111721,0.195020,0.400053,0.074648,0.042222,0.615451,0.937469,0.960344,0.674465,0.417409,0.298488,0.105033,13.294427,19.349112,0.778273,0.261287,0.722235,0.765577,0.605603,0.619002,0.716217,0.762462,0.800090,0.488019,0.147352,41.432182,0.000689,0.000220,10.371350,0.004674,0.004657,0.000531,0.002318,11589926.218595,0.000000
-12134378.923869,1377030.619777,82450981.071699,50.409836,-0.538729,0.794602,0.976199,0.865403,0.057144,0.789202,0.950266,0.655360,0.128522,0.161084,0.375036,0.760367,0.447854,0.255130,0.169374,0.226987,0.777083,0.599017,0.135101,0.331043,0.918103,0.119292,0.915547,0.389999,0.236862,0.016076,0.749830,0.852714,0.953139,0.995197,0.307557,0.261099,0.221313,9.077242,19.568968,1.129091,0.202490,0.594585,0.697494,0.522352,0.608266,0.746136,0.849641,0.416511,0.616521,0.447119,29.590164,0.001662,0.002026,11.530237,0.004936,0.004915,0.000760,0.002089,12134378.923869,0.000000
-4045905.964155,1399786.628226,56725998.335480,33.022240,-1.703859,0.552248,0.974498,0.367714,0.692420,0.789570,0.761219,0.024184,0.796120,0.311565,0.159679,0.654710,0.418738,0.331999,0.172169,0.545109,0.696788,0.488541,0.569536,0.301893,0.751113,0.246080,0.987071,0.619092,0.010981,0.001492,0.696028,0.968102,0.960207,0.614941,0.417048,0.160972,0.103986,8.527527,19.846213,0.488954,0.276855,0.767297,0.803698,0.617691,0.646393,0.750710,0.806262,0.818020,0.464750,0.162138,46.977760,0.000325,0.007263,3.051989,0.004189,0.004198,0.000498,0.002351,4045905.964155,0.000000
-16455687.046401,1355621.742739,105053667.616623,67.506241,-2.085440,0.655407,0.973325,0.810164,0.057693,0.774621,0.716951,0.443786,0.065173,0.352523,0.094505,0.694153,0.473087,0.277838,0.150107,0.398786,0.575901,0.325556,0.942960,0.319462,0.441459,0.234428,0.809601,0.092167,0.458762,0.024189,0.694076,0.994526,0.741093,0.973828,0.466350,0.261727,0.103370,9.431187,19.483929,0.568040,0.195587,0.697382,0.830591,0.628056,0.714565,0.754476,0.814124,0.875748,0.502041,0.062590,12.493759,0.002345,0.006486,7.194166,0.004535,0.004512,0.000403,0.002446,16455687.046401,0.000000
-4759699.901293,1414623.502556,37533979.662568,33.579756,-1.568331,0.738970,0.962912,0.365674,0.012161,0.178193,0.957072,0.732435,0.583439,0.406449,0.774677,0.593435,0.391367,0.338483,0.147535,0.189682,0.811886,0.621403,0.437468,0.130657,0.057947,0.472844,0.851908,0.310369,0.008765,0.039459,0.694163,0.928727,0.735226,0.631889,0.415242,0.305024,0.220652,8.953429,18.789169,0.767895,0.282421,0.829252,0.783976,0.729834,0.692637,0.955671,0.931471,0.791607,0.523254,0.148685,46.420244,0.003557,0.005737,3.697031,0.004664,0.004675,0.000860,0.001989,4759699.901293,0.000000
-12699921.804846,1489865.724619,78037420.362881,46.719805,-1.577544,0.959750,0.763997,0.699261,0.058992,0.708797,0.720701,0.443786,0.233873,0.400827,0.097385,0.741749,0.416665,0.894928,0.147344,0.454769,0.717457,0.580232,0.404329,0.317754,0.027516,0.233914,0.993783,0.276255,0.124437,0.209167,0.650271,0.930498,0.967565,0.644679,0.415803,0.159781,0.200497,9.122528,13.637156,0.377999,0.225624,0.717446,0.826127,0.637757,0.716184,0.815290,0.936887,0.793518,0.473881,0.148116,33.280195,0.002501,0.011006,7.367253,0.004430,0.004443,0.000771,0.002078,12699921.804846,0.000000
-13497615.823102,1607836.091781,68627925.549655,42.770126,-1.664664,0.960334,0.767166,0.898438,0.711708,0.829475,0.716978,0.696039,0.585321,0.337584,0.835352,0.595998,0.397084,0.272840,0.823796,0.388902,0.780545,0.315067,0.474178,0.308392,0.018522,0.113654,0.005580,0.282668,0.077441,0.218912,0.695773,0.930644,0.955596,0.456081,0.429531,0.157121,0.114158,13.701629,14.197197,0.221603,0.194773,0.663290,0.680762,0.478658,0.491583,0.630858,0.672161,0.810746,0.403973,0.115489,37.229874,0.000681,0.005931,7.162256,0.003588,0.003618,0.000472,0.002377,13497615.823102,0.000000
-6968639.381224,1531698.447201,53509293.470633,32.658065,-1.473692,0.853456,0.847978,0.865321,0.071015,0.786697,0.159930,0.940041,0.572608,0.622624,0.373930,0.586955,0.663266,0.271373,0.369830,0.882988,0.777521,0.579056,0.980682,0.437194,0.505375,0.238618,0.155179,0.389784,0.005989,0.009489,0.614842,0.931354,0.952077,0.621998,0.399455,0.158746,0.102522,13.479631,20.333343,0.740120,0.234856,0.711347,0.737839,0.557155,0.578183,0.653827,0.693686,0.770922,0.470286,0.190035,47.341935,0.002043,0.023201,2.279223,0.004536,0.004545,0.000817,0.002032,6968639.381224,0.000000
-12704797.921857,1486074.778068,78216146.581000,46.639950,-1.664358,0.960333,0.767196,0.699261,0.058992,0.760282,0.716951,0.443786,0.233873,0.400827,0.102165,0.741749,0.397267,0.894928,0.135063,0.388441,0.717457,0.580232,0.404329,0.473006,0.027480,0.233914,0.993783,0.276034,0.123373,0.209568,0.650271,0.930497,0.955675,0.644679,0.429557,0.159781,0.113487,9.160229,13.624584,0.371861,0.228591,0.725577,0.776751,0.614337,0.626164,0.738861,0.787070,0.810688,0.477958,0.115365,33.360050,0.002158,0.008614,7.486749,0.004448,0.004460,0.000778,0.002071,12704797.921857,0.000000
-12622620.219026,1477339.181261,77628150.443560,46.639950,-1.664358,0.960333,0.751089,0.699261,0.058992,0.683589,0.716951,0.443786,0.233873,0.400827,0.102165,0.741749,0.397267,0.894928,0.135063,0.388441,0.717457,0.580232,0.404329,0.317754,0.027480,0.233914,0.993783,0.276034,0.123373,0.209568,0.650271,0.930497,0.955675,0.644679,0.429557,0.159781,0.113487,9.096280,13.621099,0.363726,0.230297,0.727122,0.780491,0.617828,0.629993,0.744409,0.792296,0.810688,0.477958,0.115365,33.360050,0.002158,0.008619,6.977984,0.004391,0.004405,0.000762,0.002087,12622620.219026,0.000000
-14688854.303122,1332468.669818,73563104.834879,55.143993,-0.273950,0.694564,0.989046,0.879780,0.065568,0.818072,0.944235,0.671665,0.348305,0.280451,0.366338,0.701180,0.416377,0.328572,0.747672,0.217159,0.800589,0.579906,0.188621,0.433019,0.508925,0.219575,0.975926,0.398879,0.302678,0.007893,0.650994,0.853146,0.961146,0.280604,0.276974,0.082611,0.225221,8.846403,19.813779,0.763316,0.125869,0.626076,0.699325,0.549364,0.610797,0.334632,0.658244,0.239630,0.333512,0.437043,24.856007,0.001883,0.002903,9.330903,0.004703,0.004678,0.000554,0.002295,14688854.303122,0.000000
-8548117.013293,1532420.506624,60744855.519982,32.644546,-1.503099,0.684510,0.841627,0.820673,0.674344,0.847301,0.733145,0.691494,0.593951,0.335230,0.830567,0.590339,0.660281,0.271043,0.730204,0.455229,0.777499,0.315067,0.421934,0.308082,0.302878,0.123819,0.151685,0.280466,0.005785,0.009613,0.616707,0.860612,0.958866,0.618673,0.439864,0.157121,0.200480,13.450303,20.331962,0.511923,0.236618,0.767230,0.796571,0.674929,0.700411,0.841414,0.912823,0.777560,0.466667,0.061775,47.355454,0.001557,0.006209,7.247604,0.004262,0.004277,0.000634,0.002215,8548117.013293,0.000000
-8212255.090730,1378673.584500,53782600.449890,44.662303,-1.186701,0.658019,0.770729,0.361382,0.066227,0.787612,0.745222,0.682484,0.151008,0.347292,0.831492,0.595660,0.390946,0.770616,0.154015,0.212798,0.776883,0.548890,0.986041,0.438584,0.758692,0.234078,0.148015,0.388774,0.117507,0.156880,0.693844,0.852942,0.977456,0.620839,0.394285,0.271013,0.101122,12.823259,15.860036,0.305703,0.264190,0.762896,0.775141,0.645171,0.664490,0.798472,0.828828,0.694774,0.461241,0.166405,35.337697,0.002568,0.007508,6.729277,0.004574,0.004570,0.000815,0.002034,8212255.090730,0.000000
-8120429.123206,1281770.568527,54485013.708504,63.868105,-1.684735,0.739001,0.977325,0.293257,0.064785,0.799124,0.957171,0.666923,0.554278,0.403982,0.378750,0.475718,0.415425,0.746211,0.752615,0.518854,0.810871,0.687659,0.795392,0.230560,0.712033,0.110838,0.939900,0.306740,0.419213,0.006541,0.642888,0.996199,0.899683,0.670510,0.400678,0.303193,0.109342,10.286324,19.874654,0.125495,0.215665,0.797576,0.790048,0.672039,0.677885,0.833703,0.838782,0.814506,0.508046,0.217317,16.131895,0.007730,0.021611,4.698377,0.004805,0.004814,0.000912,0.001937,8120429.123206,0.000000
-16494971.392591,1417690.696342,87515842.649305,63.866913,-1.332590,0.794312,0.763873,0.728229,0.010315,0.176366,0.748110,0.726453,0.141384,0.313178,0.384827,0.758018,0.476386,0.277520,0.995720,0.229159,0.812295,0.682557,0.075149,0.145204,0.472196,0.230074,0.846666,0.359091,0.299617,0.282055,0.694213,0.856103,0.963615,0.292934,0.414941,0.261203,0.221508,9.666977,11.628388,0.296917,0.198707,0.680825,0.781777,0.602409,0.667140,0.862009,0.931385,0.736207,0.337627,0.116315,16.133087,0.001812,0.000267,6.957289,0.004322,0.004345,0.000563,0.002286,16494971.392591,0.000000
-10412880.208837,1259394.585157,59014848.087849,70.561195,-1.536099,0.738037,0.970049,0.275656,0.009898,0.769182,0.950860,0.741693,0.335998,0.315897,0.366749,0.692136,0.459641,0.791895,0.736250,0.222534,0.470205,0.683382,0.138026,0.432663,0.502116,0.127657,0.006845,0.546580,0.507831,0.015291,0.772389,0.852617,0.960306,0.736538,0.449665,0.300043,0.201258,11.891576,20.387854,0.071117,0.200650,0.782861,0.781189,0.691011,0.689919,0.935335,0.934264,0.784781,0.512347,0.037665,9.438805,0.012199,0.004260,1.940651,0.004778,0.004790,0.000940,0.001909,10412880.208837,0.000000
-7374664.600826,1475873.115219,53902616.158073,32.785220,-1.534816,0.747922,0.666734,0.906875,0.374222,0.260054,0.722572,0.981143,0.292601,0.416830,0.327638,0.741919,0.668345,0.299818,0.192380,0.887605,0.784812,0.604158,0.229584,0.306755,0.036006,0.214014,0.008790,0.303729,0.010013,0.001926,0.694368,0.931183,0.897830,0.470972,0.408844,0.163049,0.199019,14.137001,20.663928,0.618865,0.249100,0.784651,0.776909,0.668046,0.685820,0.888951,0.922680,0.784505,0.428600,0.165743,47.214780,0.000917,0.003379,4.071564,0.004062,0.004088,0.000548,0.002301,7374664.600826,0.000000
-21680238.671590,1864500.384372,125762217.648708,51.863513,-1.635186,0.958940,0.976198,0.840674,0.070214,0.760092,0.756665,0.403466,0.243271,0.179865,0.809447,0.909442,0.379413,0.254272,0.369289,0.405400,0.779893,0.598868,0.983330,0.332482,0.665760,0.211416,0.210133,0.086748,0.076974,0.618187,0.645636,0.935075,0.884539,0.998274,0.422588,0.298619,0.220870,13.923855,1.975218,0.339320,0.205663,0.575650,0.793474,0.512660,0.693084,0.764790,0.931831,0.805084,0.580007,0.133775,28.136487,0.000874,0.009508,13.031886,0.004456,0.004473,0.000690,0.002159,21680238.671590,0.000000
-13811213.907001,1446658.668948,68739679.374586,59.655988,-1.061044,0.764726,0.977325,0.722086,0.167980,0.799125,0.953435,0.665298,0.499975,0.210555,0.197996,0.693742,0.483739,0.260788,0.733407,0.361444,0.783144,0.687659,0.958334,0.330669,0.712033,0.239380,0.147485,0.386678,0.291079,0.181496,0.642888,0.864630,0.972752,0.687002,0.400422,0.079931,0.225581,13.259456,15.278132,0.393046,0.137455,0.690443,0.762165,0.575888,0.660377,0.410347,0.622632,0.653906,0.488612,0.156103,20.344012,0.001729,0.011371,10.642873,0.004705,0.004680,0.000556,0.002293,13811213.907001,0.000000
-11108765.055568,1359374.104705,66634407.945023,43.398946,-0.229523,0.792895,0.755607,0.806126,0.076950,0.227687,0.934613,0.676827,0.242875,0.340341,0.237492,0.850572,0.311446,0.272456,0.144999,0.449457,0.702249,0.456707,0.421912,0.036068,0.015273,0.108284,0.607318,0.909714,0.127472,0.069780,0.029041,0.844875,0.960713,0.692493,0.275076,0.261258,0.112413,10.903315,18.154889,0.740277,0.213688,0.627055,0.701197,0.547393,0.609526,0.765654,0.836783,0.205088,0.494952,0.585452,36.601054,0.001508,0.003037,11.071966,0.004596,0.004613,0.000707,0.002142,11108765.055568,0.000000
-4367422.528520,1472809.737309,38606947.897569,32.501016,-1.926213,0.938292,0.975738,0.323671,0.066018,0.760785,0.936969,0.660671,0.345745,0.401591,0.679641,0.739062,0.303610,0.292505,0.243014,0.899658,0.806296,0.767591,0.981400,0.046832,0.412634,0.254746,0.003521,0.390912,0.004617,0.008080,0.111325,0.942764,0.894117,0.635227,0.466775,0.333590,0.106806,13.880234,20.455024,0.699346,0.280574,0.760356,0.790912,0.611844,0.636796,0.772196,0.799500,0.854301,0.495891,0.040479,47.498984,0.004867,0.004501,2.648741,0.004573,0.004586,0.000792,0.002057,4367422.528520,0.000000
-9245149.787307,1487173.045652,67734763.462774,35.030302,-1.903122,0.744896,0.969780,0.838444,0.731276,0.146396,0.755404,0.626675,0.348511,0.401827,0.685035,0.695320,0.389102,0.292514,0.268753,0.468650,0.669718,0.565430,0.137268,0.021334,0.298025,0.255155,0.595957,0.712686,0.039001,0.000386,0.693126,0.937469,0.955860,0.631468,0.465674,0.160701,0.219898,10.745464,20.254691,0.955568,0.263185,0.771051,0.825155,0.685135,0.730044,0.860329,0.942390,0.850898,0.472710,0.040511,44.969698,0.000663,0.000090,11.660437,0.004720,0.004730,0.000752,0.002097,9245149.787307,0.000000
-8079012.340599,1525199.083417,55150198.304142,35.230849,-1.482893,0.953195,0.972914,0.822881,0.059239,0.799124,0.941912,0.671448,0.349517,0.410918,0.099980,0.695300,0.381380,0.883697,0.179172,0.165663,0.801331,0.687647,0.795392,0.332498,0.771250,0.132831,0.931586,0.306753,0.037464,0.012423,0.646221,0.997154,0.975595,0.291234,0.400678,0.094731,0.252003,8.980651,19.618165,0.837459,0.222297,0.747408,0.792259,0.630490,0.651010,0.653082,0.753117,0.773020,0.333524,0.217766,44.769151,0.003500,0.002949,12.839946,0.004918,0.004919,0.000834,0.002015,8079012.340599,0.000000
-14975047.902198,1376173.272819,72376076.636861,54.703199,-1.491662,0.686056,0.763768,0.809312,0.121875,0.892522,0.727856,0.652684,0.347927,0.336867,0.974416,0.592421,0.413313,0.919629,0.718284,0.229954,0.770924,0.315067,0.427652,0.312331,0.508411,0.111026,0.020900,0.215418,0.298901,0.011675,0.691714,0.940936,0.969412,0.230436,0.397599,0.154131,0.104033,13.381809,20.486317,0.227983,0.188422,0.667875,0.682222,0.443960,0.453611,0.638308,0.692904,0.775002,0.311563,0.199478,25.296801,0.005386,0.008126,5.720572,0.004316,0.004331,0.000726,0.002123,14975047.902198,0.000000
-12574867.358554,1513985.290468,78973579.431356,46.639950,-1.880828,0.959688,0.767196,0.699261,0.085821,0.760282,0.716951,0.443786,0.486834,0.402767,0.096837,0.741749,0.397267,0.894456,0.381047,0.388441,0.717665,0.580232,0.574086,0.265865,0.027480,0.233914,0.993783,0.420488,0.123373,0.209568,0.650271,0.929237,0.955675,0.644679,0.466327,0.159781,0.113487,9.216855,13.647883,0.326172,0.221262,0.741955,0.757873,0.595686,0.606066,0.712641,0.760623,0.847536,0.477958,0.035821,33.360050,0.004289,0.008623,7.473561,0.004450,0.004459,0.000767,0.002082,12574867.358554,0.000000
-14299417.648927,1675460.573265,87859146.392228,42.948872,-1.866264,0.697177,0.971059,0.867840,0.060065,0.210962,0.727980,0.668320,0.287754,0.201130,0.322775,0.738805,0.464639,0.305214,0.737240,0.319921,0.772948,0.598621,0.077283,0.295061,0.269505,0.110881,0.148723,0.396282,0.027198,0.433219,0.444103,0.939082,0.953496,0.640878,0.458476,0.330408,0.224311,14.625718,7.551546,0.616508,0.251362,0.707566,0.794375,0.627340,0.699266,0.886669,0.940868,0.845299,0.477216,0.055837,37.051128,0.001932,0.000964,9.620860,0.004226,0.004200,0.000139,0.002710,14299417.648927,0.000000
-8094099.606767,1696403.804208,56964646.796778,33.059623,-1.309682,0.679553,0.973991,0.808589,0.678987,0.243945,0.625769,0.971536,0.337988,0.404144,0.821785,0.828464,0.688422,0.931652,0.140298,0.899411,0.753012,0.580455,0.983006,0.435550,0.292690,0.214320,0.487063,0.554025,0.010152,0.011012,0.614542,0.861149,0.726048,0.992780,0.408844,0.274919,0.209314,11.708260,20.045950,0.570963,0.216519,0.763880,0.763584,0.666336,0.666384,0.920034,0.919647,0.730094,0.544941,0.133395,46.940377,0.000235,0.014990,10.577702,0.004841,0.004841,0.000802,0.002047,8094099.606767,0.000000
-9787330.427856,1710365.737355,70184951.446719,38.080975,-1.963572,0.905544,0.978258,0.502042,0.677239,0.223566,0.742980,0.440564,0.535693,0.314282,0.152501,0.760225,0.307936,0.907427,0.744337,0.256508,0.773604,0.783468,0.983006,0.453688,0.406602,0.233550,0.160509,0.397225,0.021560,0.219209,0.650994,0.960772,0.965415,0.940565,0.463451,0.332229,0.216098,12.566102,14.001768,0.135203,0.262721,0.761605,0.831724,0.672765,0.730912,0.922467,0.941362,0.859644,0.590285,0.054618,41.919025,0.004228,0.005159,6.646191,0.003679,0.003665,0.000409,0.002440,9787330.427856,0.000000
-12715213.934777,1547201.534474,78445689.194728,46.639950,-1.745823,0.960333,0.767194,0.692571,0.060338,0.871873,0.722076,0.439477,0.233904,0.405576,0.107850,0.740638,0.397267,0.894928,0.154569,0.388441,0.717457,0.774551,0.424515,0.318559,0.027480,0.233914,0.993783,0.275957,0.123373,0.209568,0.958352,0.930497,0.917615,0.644060,0.442830,0.328362,0.114068,9.160136,13.628211,0.392095,0.264639,0.725431,0.797119,0.642454,0.652745,0.813974,0.844922,0.825499,0.491023,0.085485,33.360050,0.002689,0.008279,7.772177,0.004474,0.004486,0.000784,0.002065,12715213.934777,0.000000
-17661728.319788,1802371.493861,79238075.817563,45.430314,-1.328428,0.796949,0.997923,0.801861,0.066323,0.855534,0.756956,0.681487,0.349281,0.339695,0.791689,0.763154,0.391398,0.301940,0.368255,0.444889,0.791183,0.578696,0.419285,0.838863,0.514295,0.470554,0.596790,0.396551,0.016051,0.605585,0.636184,0.854873,0.732946,0.993414,0.414920,0.304999,0.216315,12.198051,1.991033,0.416596,0.193558,0.697114,0.742795,0.607182,0.645262,0.874752,0.907148,0.735107,0.550182,0.115806,34.569686,0.001691,0.010075,12.061077,0.004329,0.004347,0.000442,0.002407,17661728.319788,0.000000
-15777818.038363,1382693.646158,86235006.100263,54.443034,-0.528012,0.694297,0.989109,0.877878,0.144923,0.173083,0.786466,0.346596,0.285685,0.286080,0.349140,0.600054,0.474283,0.327367,0.747672,0.217159,0.700581,0.602355,0.123039,0.433347,0.437202,0.219803,0.011983,0.556110,0.297120,0.007893,0.650994,0.931597,0.960892,0.278144,0.277137,0.332229,0.200248,14.060504,20.585499,0.821296,0.200511,0.580730,0.761553,0.512390,0.660226,0.704943,0.891225,0.410224,0.332621,0.414265,25.556966,0.002523,0.001977,8.800545,0.004695,0.004670,0.000547,0.002302,15777818.038363,0.000000
-11352966.808213,1259524.809783,58947333.431815,62.996569,-1.473721,0.738806,0.977325,0.307396,0.065299,0.799124,0.944783,0.669918,0.346495,0.478303,0.377714,0.693576,0.415456,0.733034,0.752615,0.152097,0.801331,0.687659,0.795392,0.332498,0.008394,0.215150,0.904726,0.306743,0.410184,0.001792,0.645599,0.995469,0.974063,0.291234,0.400678,0.094731,0.225083,9.588571,20.042040,0.160886,0.171769,0.749825,0.810054,0.643375,0.687430,0.658606,0.789449,0.770928,0.333962,0.216974,17.003431,0.009685,0.004252,4.544865,0.004809,0.004819,0.000912,0.001937,11352966.808213,0.000000
-16954120.229291,1750636.591556,97585054.704344,44.121561,-1.278901,0.796545,0.986303,0.805195,0.068584,0.849564,0.942086,0.671071,0.286661,0.338010,0.774491,0.600824,0.391531,0.300735,0.158536,0.637195,0.701029,0.601777,0.418242,0.054726,0.007729,0.111366,0.175839,0.557255,0.003960,0.605585,0.093493,0.928703,0.732946,0.997959,0.415082,0.268778,0.200311,14.561644,2.335795,0.534980,0.182521,0.584763,0.730385,0.489350,0.610818,0.718991,0.867761,0.721657,0.522358,0.149067,35.878439,0.002061,0.004567,14.203581,0.004011,0.004034,0.000445,0.002404,16954120.229291,0.000000
-9148227.036327,1561989.057874,60371374.044652,37.635576,-1.579120,0.954894,0.763967,0.385942,0.711708,0.829475,0.720728,0.660237,0.348532,0.397022,0.830567,0.595998,0.418064,0.292353,0.836078,0.907428,0.780584,0.315067,0.476190,0.429480,0.018558,0.252525,0.005580,0.304934,0.016790,0.218511,0.697384,0.931047,0.967486,0.456081,0.415777,0.157121,0.201168,12.044450,14.116589,0.103195,0.236744,0.767789,0.809269,0.646599,0.661421,0.867609,0.922466,0.793843,0.400239,0.148428,42.364424,0.003564,0.011303,4.638485,0.003419,0.003468,0.000181,0.002668,9148227.036327,0.000000
-9114889.399893,1551746.841528,66778763.745330,38.042548,-1.923728,0.959650,0.976297,0.879412,0.065903,0.797861,0.140428,0.696374,0.582534,0.342154,0.676204,0.725429,0.672556,0.273106,0.091496,0.447458,0.781883,0.767591,0.987391,0.307809,0.409358,0.115875,0.003500,0.283046,0.078478,0.008080,0.539494,0.941977,0.955750,0.632883,0.466775,0.261210,0.106458,14.516026,20.539120,0.993931,0.260360,0.723934,0.741478,0.576839,0.589536,0.691692,0.730653,0.853939,0.473303,0.040155,41.957452,0.001094,0.011039,5.383310,0.004927,0.004930,0.001022,0.001827,9114889.399893,0.000000
-16460443.173907,1318809.723699,101259882.203492,67.553083,-1.779937,0.656875,0.973325,0.716250,0.072660,0.801361,0.716951,0.441981,0.065173,0.321976,0.096937,0.695943,0.417114,0.277320,0.150357,0.389137,0.697091,0.576121,0.942960,0.321630,0.441459,0.234428,0.994470,0.085838,0.458762,0.023707,0.696031,0.992505,0.959800,0.629105,0.417079,0.160062,0.102826,8.452208,19.334308,0.624868,0.187065,0.679912,0.789934,0.612706,0.644324,0.703388,0.783445,0.831351,0.470437,0.173134,12.446917,0.002362,0.015289,7.445113,0.004644,0.004621,0.000499,0.002350,16460443.173907,0.000000
-19167331.374949,1489518.087359,93876673.244367,64.607236,-1.362897,0.659573,0.818170,0.810199,0.072249,0.789425,0.948429,0.245958,0.344343,0.311535,0.314640,0.494441,0.460486,0.313101,0.176546,0.399176,0.765699,0.356230,0.987140,0.050327,0.837344,0.109752,0.620088,0.285422,0.277582,0.368124,0.076280,0.864841,0.897935,0.524054,0.415224,0.299033,0.217466,10.507297,9.243342,0.167077,0.163898,0.664925,0.809675,0.588727,0.694107,0.836449,0.940216,0.744082,0.449879,0.119622,15.392764,0.002552,0.004746,8.035617,0.003583,0.003604,0.000050,0.002799,19167331.374949,0.000000
-9242758.719884,1335761.144903,59303973.574091,41.347116,-0.280054,0.685719,0.768033,0.699157,0.057747,0.654282,0.950840,0.449619,0.345716,0.169296,0.366037,0.740976,0.298444,0.878133,0.159889,0.390069,0.787773,0.329997,0.423046,0.326746,0.030297,0.103771,0.022711,0.306210,0.121284,0.011661,0.650271,0.860592,0.741345,0.233330,0.274979,0.162272,0.104017,14.073199,20.379331,0.542046,0.187028,0.670798,0.734701,0.476828,0.501810,0.709810,0.771370,0.244257,0.382336,0.596149,38.652884,0.002901,0.010036,9.370929,0.004677,0.004689,0.000692,0.002157,9242758.719884,0.000000
-18547476.516109,1857397.661179,77653788.616465,51.797870,-0.543308,0.686050,0.966330,0.852226,0.059002,0.765665,0.937095,0.664839,0.344011,0.308743,0.773747,0.815211,0.449270,0.923173,0.371671,0.265287,0.783280,0.609373,0.983263,0.758865,0.915808,0.468380,0.025122,0.396288,0.076756,0.617940,0.641580,0.852602,0.978284,0.611907,0.308152,0.260490,0.222337,14.538868,2.162551,0.158740,0.154525,0.627861,0.670180,0.535774,0.571379,0.782713,0.824417,0.419176,0.457489,0.444670,28.202130,0.004576,0.008435,10.987836,0.004159,0.004122,0.000091,0.002758,18547476.516109,0.000000
-6179249.846551,1274113.336331,42607304.876802,41.346682,-0.280704,0.686328,0.768688,0.281641,0.009604,0.780615,0.729083,0.739752,0.345618,0.599947,0.366037,0.593802,0.298478,0.913443,0.154708,0.214712,0.787983,0.336864,0.423177,0.770617,0.508556,0.103771,0.020440,0.291893,0.121285,0.011661,0.612380,0.860444,0.737381,0.225070,0.275103,0.261656,0.253200,13.373385,20.345103,0.336248,0.218519,0.736604,0.719135,0.641108,0.626949,0.873570,0.857324,0.244748,0.380122,0.266870,38.653318,0.003940,0.007732,2.512265,0.004645,0.004642,0.000899,0.001950,6179249.846551,0.000000
-5856868.362515,1272729.265767,42984782.586146,41.610570,-1.246555,0.742824,0.763394,0.282292,0.063727,0.766616,0.950341,0.939217,0.584564,0.315090,0.374734,0.590241,0.413568,0.240728,0.730204,0.462320,0.780360,0.768321,0.412361,0.300919,0.502095,0.108226,0.157673,0.308044,0.124984,0.009860,0.651335,0.860686,0.975287,0.469257,0.399463,0.161199,0.103287,12.705785,20.298129,0.313366,0.254144,0.781120,0.750374,0.614072,0.639717,0.799785,0.824963,0.712507,0.402939,0.156695,38.389430,0.005560,0.017445,1.363566,0.004273,0.004305,0.000624,0.002225,5856868.362515,0.000000
-7811754.552972,1472767.937185,58698223.346964,35.526935,-1.877285,0.744783,0.961697,0.848609,0.120052,0.149808,0.753466,0.671227,0.332616,0.197788,0.309798,0.756749,0.390388,0.280838,0.991401,0.464132,0.665716,0.497018,0.436190,0.023415,0.296017,0.446312,0.476967,0.873586,0.039001,0.025033,0.613062,0.929311,0.962227,0.695864,0.465674,0.162595,0.096962,11.601030,19.600840,0.914458,0.260698,0.743116,0.769041,0.600419,0.620325,0.668582,0.716891,0.846995,0.495741,0.037156,44.473065,0.001281,0.001479,11.266572,0.004920,0.004901,0.000742,0.002107,7811754.552972,0.000000
-16195251.963626,1778171.834987,112182270.468748,47.145867,-1.597745,0.738697,0.960991,0.838444,0.698215,0.148467,0.815360,0.660687,0.078335,0.397112,0.311078,0.696183,0.389102,0.291446,0.797528,0.468650,0.575422,0.765970,0.958318,0.552432,0.305067,0.112406,0.605629,0.705069,0.074648,0.417029,0.651479,0.933632,0.962399,0.694640,0.417409,0.324395,0.114940,11.715127,7.726986,0.161078,0.219398,0.614118,0.720256,0.545557,0.572668,0.654047,0.719385,0.797648,0.495202,0.145612,32.854133,0.000738,0.012846,10.913246,0.004055,0.004067,0.000064,0.002785,16195251.963626,0.000000
-8401327.833541,1461543.733690,71229382.919660,35.912484,-0.488373,0.744896,0.972984,0.838444,0.684480,0.819781,0.754243,0.626675,0.170237,0.403800,0.310978,0.695320,0.389102,0.289436,0.269502,0.464215,0.670061,0.565430,0.137268,0.021334,0.297654,0.236802,0.609403,0.712686,0.039001,0.042157,0.058095,0.937522,0.962244,0.943231,0.465683,0.153464,0.215500,10.763855,18.968374,0.897274,0.220312,0.593244,0.726565,0.509312,0.621334,0.537589,0.747789,0.386376,0.592558,0.040515,44.087516,0.000736,0.000098,10.538527,0.004633,0.004645,0.000527,0.002322,8401327.833541,0.000000
-4127233.145364,1349059.034394,35805711.593833,33.480496,-0.548610,0.656054,0.761740,0.365781,0.001455,0.146450,0.744778,0.740314,0.345346,0.248969,0.795458,0.593518,0.293660,0.324555,0.039904,0.893619,0.786486,0.653878,0.690024,0.301896,0.076660,0.231963,0.479528,0.310838,0.011041,0.028952,0.682221,0.933569,0.733399,0.469454,0.278718,0.272463,0.099506,10.840982,19.395257,0.590569,0.254530,0.769806,0.739573,0.597945,0.638556,0.798665,0.848272,0.422247,0.486524,0.525104,46.519504,0.000557,0.047246,2.498075,0.004431,0.004442,0.000768,0.002081,4127233.145364,0.000000
-12618030.911613,1271382.691174,63997983.527908,67.497705,-1.481259,0.743183,0.974059,0.305419,0.071197,0.792516,0.629332,0.666654,0.334913,0.346797,0.830899,0.589447,0.415405,0.325187,0.747654,0.888112,0.785277,0.601185,0.977637,0.297576,0.545749,0.108055,0.153793,0.392374,0.470991,0.006881,0.624785,0.941639,0.975141,0.476106,0.395708,0.163321,0.112783,11.936811,20.524455,0.103388,0.174295,0.765870,0.782796,0.614858,0.620359,0.791491,0.813447,0.772649,0.405652,0.204871,12.502295,0.008944,0.026834,2.433566,0.004549,0.004572,0.000776,0.002073,12618030.911613,0.000000
-10188373.425538,1407424.432548,71005229.023360,39.001407,-0.279715,0.793370,0.764853,0.806344,0.374990,0.227687,0.728657,0.676827,0.593955,0.328265,0.203086,0.691527,0.435570,0.270600,0.144456,0.455604,0.574907,0.314658,0.423275,0.842043,0.309106,0.123816,0.628022,0.290393,0.079383,0.041437,0.043720,0.850764,0.962376,0.234260,0.278468,0.261639,0.201016,10.777393,18.994383,0.509089,0.201989,0.614079,0.718452,0.535201,0.622464,0.752462,0.858326,0.244001,0.315019,0.535229,40.998593,0.000557,0.007397,5.923176,0.004351,0.004367,0.000616,0.002233,10188373.425538,0.000000
-10949681.453917,1534483.319353,71465234.786678,37.983498,-1.503099,0.684510,0.971414,0.820987,0.670207,0.846369,0.759574,0.691494,0.517777,0.203478,0.830567,0.592943,0.305404,0.290558,0.738983,0.890510,0.780545,0.321139,0.990787,0.303162,0.296074,0.124975,0.152042,0.899802,0.076822,0.009615,0.615286,0.860612,0.958866,0.456081,0.439864,0.154796,0.215191,13.349858,20.378217,0.463056,0.219026,0.739029,0.802144,0.652714,0.665660,0.811123,0.918409,0.777560,0.402942,0.061775,42.016502,0.000839,0.007674,10.643049,0.004588,0.004594,0.000759,0.002090,10949681.453917,0.000000
-10629746.132077,1500914.657422,68069437.750480,39.001407,-1.601044,0.793400,0.961267,0.806657,0.370853,0.227687,0.847767,0.682358,0.517781,0.185567,0.203054,0.759105,0.311446,0.270600,0.153235,0.890885,0.575406,0.576361,0.995510,0.022441,0.308330,0.122874,0.628022,0.909773,0.079383,0.041437,0.178865,0.850764,0.962355,0.709081,0.461696,0.259315,0.215039,10.875644,19.006128,0.816119,0.237209,0.754172,0.798023,0.664334,0.702277,0.884020,0.934411,0.798314,0.500869,0.012624,40.998593,0.000624,0.000485,13.104779,0.004825,0.004818,0.000812,0.002037,10629746.132077,0.000000
-11609854.735904,1473463.715418,78642988.479591,38.649103,-0.448626,0.741090,0.974992,0.838444,0.698215,0.147809,0.759398,0.668656,0.513506,0.331692,0.311110,0.744660,0.389102,0.291606,0.266934,0.468650,0.574923,0.315284,0.436190,0.839646,0.296428,0.464859,0.595957,0.712644,0.074648,0.042222,0.040441,0.937469,0.962376,0.220569,0.282878,0.158173,0.215144,10.711137,19.023492,0.583423,0.163352,0.571786,0.737029,0.491510,0.597509,0.522323,0.790540,0.361495,0.309661,0.443336,41.350897,0.000702,0.007111,11.254460,0.004729,0.004727,0.000600,0.002249,11609854.735904,0.000000
-8314861.907028,1450075.018648,55129248.143963,35.751066,-1.440606,0.686054,0.756712,0.836157,0.059005,0.323945,0.694872,0.675703,0.492692,0.317010,0.366037,0.740976,0.296632,0.910114,0.737670,0.390069,0.787662,0.316920,0.413614,0.321715,0.681811,0.103771,0.596965,0.307646,0.045406,0.011661,0.650271,0.860444,0.990509,0.233330,0.429799,0.156983,0.104271,11.054672,19.898741,0.507575,0.243539,0.664148,0.699897,0.430760,0.459499,0.653745,0.718112,0.763216,0.306872,0.083853,44.248934,0.002349,0.007664,6.120175,0.004603,0.004613,0.000626,0.002223,8314861.907028,0.000000
-17746437.907388,1641227.367592,82281318.137780,47.739107,-1.866264,0.697177,0.973996,0.867840,0.065877,0.790819,0.625157,0.664127,0.336655,0.204856,0.816782,0.828405,0.670592,0.275439,0.143469,0.327873,0.753202,0.599903,0.060990,0.293089,0.301773,0.116021,0.485742,0.396282,0.078249,0.429311,0.443494,0.939082,0.952676,0.642904,0.458476,0.273345,0.102452,12.683865,7.419046,0.646701,0.226096,0.708234,0.726326,0.552938,0.565203,0.632111,0.689570,0.845299,0.478295,0.055837,32.260893,0.001489,0.000507,9.055249,0.004456,0.004433,0.000344,0.002505,17746437.907388,0.000000
-5669760.575954,1336238.398098,42123712.219409,38.190529,-1.213768,0.743168,0.848782,0.284005,0.070963,0.779203,0.627311,0.667822,0.347575,0.350993,0.374690,0.569205,0.414777,0.351032,0.371780,0.887216,0.579755,0.597377,0.405303,0.304351,0.496231,0.111563,0.493130,0.388909,0.078959,0.008593,0.612874,0.968840,0.960184,0.995774,0.467777,0.164286,0.238014,11.186493,20.034467,0.511567,0.289847,0.829043,0.825920,0.718982,0.734347,0.897898,0.918590,0.866527,0.596621,0.049156,41.809471,0.011937,0.018500,1.213768,0.004507,0.004530,0.000764,0.002085,5669760.575954,0.000000
-5345664.037373,1315132.872259,53854591.309735,41.600282,-1.891713,0.682476,0.990433,0.405609,0.049016,0.365536,0.156860,0.449654,0.571158,0.658708,0.209303,0.581539,0.410538,0.781344,0.175457,0.390083,0.787787,0.591601,0.116826,0.548727,0.338086,0.251996,0.470097,0.277691,0.119933,0.022020,0.565438,0.959044,0.737552,0.203150,0.466067,0.164691,0.250739,11.220301,19.690405,0.604049,0.240908,0.776236,0.864359,0.654270,0.690304,0.859174,0.950535,0.849187,0.370657,0.048589,38.399718,0.003623,0.005451,5.258538,0.004890,0.004887,0.000886,0.001963,5345664.037373,0.000000
-13255554.859562,1430152.300328,67934983.947876,56.839867,-1.900721,0.656201,0.977368,0.875469,0.001455,0.765264,0.744919,0.666406,0.518841,0.276762,0.784039,0.831197,0.703838,0.318505,0.038506,0.238271,0.585938,0.654599,0.693171,0.301896,0.057829,0.223498,0.479407,0.396955,0.307323,0.052931,0.682221,0.933569,0.733505,0.460686,0.467394,0.271564,0.102553,11.666144,18.888775,0.714420,0.195840,0.708080,0.718577,0.533968,0.540650,0.691760,0.723125,0.850539,0.482714,0.035471,23.160133,0.000534,0.006416,9.334033,0.004736,0.004710,0.000586,0.002263,13255554.859562,0.000000
-5511291.675148,1518543.629666,71556699.057153,32.827606,-2.000339,0.697831,0.975032,0.868045,0.668897,0.192076,0.676906,0.029107,0.796120,0.315972,0.813117,0.757384,0.462129,0.330239,0.172332,0.895114,0.580629,0.318152,0.053140,0.293312,0.751113,0.126264,0.627541,0.625420,0.009298,0.001253,0.694074,0.968735,0.964489,0.653152,0.465494,0.235950,0.101570,10.687087,20.194452,0.971037,0.284625,0.738761,0.766416,0.592841,0.613539,0.691069,0.752202,0.864711,0.478245,0.053735,47.172394,0.000343,0.000287,9.321557,0.004874,0.004880,0.000859,0.001990,5511291.675148,0.000000
-10674162.113396,1462399.357962,69734963.433684,39.198177,-0.627649,0.793370,0.974508,0.806657,0.370853,0.227687,0.761199,0.672486,0.517781,0.195316,0.199911,0.627288,0.313978,0.272394,0.153248,0.540879,0.574907,0.320730,0.995510,0.837122,0.308330,0.244788,0.797813,0.909731,0.081491,0.041437,0.147765,0.850131,0.741686,0.234260,0.319440,0.259315,0.217456,9.919640,18.867815,0.599040,0.181820,0.662964,0.749306,0.579984,0.620150,0.822527,0.895653,0.466155,0.382619,0.399423,40.801823,0.000624,0.006625,10.890866,0.004738,0.004742,0.000709,0.002140,10674162.113396,0.000000
-15806581.000908,1245369.247436,89024886.234424,68.829724,-1.950150,0.796505,0.855304,0.493970,0.002356,0.578591,0.723619,0.439579,0.065930,0.315897,0.089727,0.689875,0.416749,0.782166,0.175245,0.222534,0.574855,0.333957,0.138026,0.288286,0.160571,0.231070,0.457872,0.399633,0.478070,0.023774,0.778262,0.996147,0.943761,0.675168,0.442637,0.157935,0.103397,10.945931,19.740109,0.520949,0.218927,0.725373,0.835527,0.652830,0.697025,0.783258,0.841290,0.857747,0.494103,0.114164,11.170276,0.004979,0.004069,7.947691,0.004935,0.004933,0.000805,0.002044,15806581.000908,0.000000
-12320557.442567,1622031.584064,72006908.307229,41.539864,-0.537141,0.792014,0.966363,0.852226,0.060423,0.765665,0.937095,0.664839,0.345066,0.308743,0.773747,0.812984,0.449270,0.942276,0.371671,0.265287,0.783841,0.326294,0.983263,0.272197,0.068328,0.468380,0.035851,0.396288,0.079566,0.157038,0.641580,0.852611,0.978284,0.618527,0.307407,0.260490,0.222337,14.566715,16.014202,0.516012,0.199491,0.637811,0.712040,0.551956,0.614040,0.792714,0.862274,0.415583,0.460064,0.447663,38.460136,0.005000,0.007633,13.302236,0.004836,0.004840,0.000770,0.002079,12320557.442567,0.000000
-7434352.687470,1533242.692802,51134796.678693,39.991900,-1.659738,0.960275,0.969115,0.304424,0.166914,0.761650,0.694623,0.951360,0.496309,0.226529,0.069314,0.737671,0.381778,0.902355,0.721083,0.454855,0.782252,0.690890,0.413535,0.267602,0.027750,0.116081,0.195386,0.274877,0.046749,0.208618,0.612390,0.929841,0.956320,0.456081,0.429149,0.295580,0.254070,12.902361,14.267104,0.229590,0.263273,0.796456,0.768534,0.700929,0.678108,0.939919,0.923663,0.809811,0.403744,0.116020,40.008100,0.003473,0.011422,5.270883,0.004386,0.004404,0.000721,0.002128,7434352.687470,0.000000
-6429481.291926,1513374.245208,46917185.743809,33.401619,-1.900721,0.656201,0.970266,0.365781,0.655263,0.146450,0.744778,0.665817,0.519272,0.250740,0.795458,0.697038,0.703838,0.331738,0.070520,0.893517,0.775629,0.653878,0.984922,0.434144,0.424181,0.228962,0.034172,0.396939,0.011041,0.028952,0.695304,0.933569,0.745261,0.467974,0.467394,0.272463,0.248628,13.305563,19.816641,0.385419,0.271960,0.824083,0.829069,0.705403,0.719855,0.953868,0.958543,0.850539,0.481392,0.035471,46.598381,0.000083,0.017151,6.744162,0.004082,0.004097,0.000636,0.002213,6429481.291926,0.000000
-10801972.225705,1442723.690959,73895403.220542,39.502365,-0.589091,0.747289,0.975050,0.806657,0.370807,0.797975,0.759694,0.660534,0.512749,0.406944,0.235270,0.739195,0.466915,0.309849,0.194193,0.880320,0.574907,0.767574,0.219644,0.837122,0.410400,0.124339,0.922289,0.938341,0.084855,0.042299,0.643568,0.942493,0.942853,0.284461,0.280076,0.097858,0.215530,9.199152,18.742590,0.796425,0.177679,0.633572,0.731100,0.559451,0.631426,0.468643,0.768126,0.445169,0.340325,0.492045,40.497635,0.000943,0.004149,10.774740,0.004836,0.004840,0.000725,0.002124,10801972.225705,0.000000
-3720266.107339,1506446.861221,39958968.659309,32.495521,-1.631407,0.954793,0.975748,0.324423,0.066010,0.777124,0.154493,0.676893,0.343254,0.191161,0.647457,0.758918,0.674138,0.292505,0.244109,0.899098,0.781923,0.320748,0.986996,0.437903,0.317339,0.254746,0.003500,0.305091,0.004617,0.007798,0.695598,0.851035,0.898057,0.632883,0.466775,0.333590,0.106316,14.114340,20.454070,0.701391,0.303151,0.769034,0.798163,0.623372,0.646886,0.795318,0.824184,0.804346,0.493532,0.002834,47.504479,0.005798,0.013368,4.226644,0.004792,0.004810,0.000926,0.001923,3720266.107339,0.000000
-12208299.789514,1565313.339665,82119049.207517,41.886246,-1.945406,0.654153,0.975651,0.832807,0.683318,0.779679,0.993972,0.975346,0.268196,0.290733,0.244585,0.693852,0.692096,0.311758,0.257747,0.480635,0.780134,0.574950,0.365287,0.304189,0.429305,0.106717,0.458434,0.688532,0.079020,0.170361,0.695478,0.947808,0.749509,0.998421,0.467346,0.165105,0.218982,12.085327,15.271139,0.558610,0.212726,0.732245,0.760175,0.617203,0.675354,0.818380,0.891395,0.857071,0.521942,0.041404,38.113754,0.000680,0.005356,9.018213,0.004225,0.004203,0.000134,0.002715,12208299.789514,0.000000
-9589294.531902,1541211.401119,63645540.898812,36.331525,-0.540065,0.794607,0.976182,0.866629,0.370853,0.227687,0.760039,0.676679,0.517781,0.161366,0.372784,0.760309,0.447621,0.270600,0.153183,0.890885,0.581388,0.607512,0.984518,0.355689,0.307589,0.124972,0.628022,0.374511,0.051686,0.016321,0.053853,0.850768,0.962376,0.985474,0.308484,0.259315,0.215039,10.928921,19.768679,0.849096,0.216556,0.670244,0.717745,0.581190,0.621062,0.825503,0.867563,0.417290,0.609040,0.442260,43.668475,0.000624,0.014550,11.943529,0.004888,0.004891,0.000847,0.002002,9589294.531902,0.000000
-10078414.317478,1298130.379413,60869080.496189,56.223998,-1.684735,0.738806,0.776776,0.293381,0.064785,0.787290,0.944783,0.666923,0.158412,0.103616,0.387830,0.694117,0.415492,0.733034,0.752615,0.163406,0.785328,0.688771,0.795392,0.873311,0.716803,0.139325,0.939900,0.306753,0.295943,0.056877,0.642888,0.996199,0.975595,0.291234,0.400678,0.269882,0.248945,10.952868,18.284196,0.065378,0.254341,0.771104,0.798801,0.686386,0.709596,0.920914,0.937369,0.814506,0.333524,0.217317,23.776002,0.012606,0.004497,3.126057,0.004620,0.004634,0.000839,0.002010,10078414.317478,0.000000
-11298830.340892,1280349.061960,64670749.595470,56.092608,-1.876555,0.686054,0.761243,0.351616,0.011067,0.794897,0.950840,0.660585,0.348071,0.405153,0.366229,0.593802,0.298852,0.329309,0.738928,0.212887,0.789510,0.583518,0.374207,0.331900,0.507439,0.221643,0.029257,0.553373,0.303293,0.043731,0.686233,0.962177,0.985091,0.629553,0.447962,0.302165,0.250927,12.221353,19.436421,0.244714,0.271424,0.775371,0.807575,0.690188,0.717052,0.929186,0.946680,0.846883,0.462071,0.087848,23.907392,0.004926,0.007085,2.864946,0.004558,0.004571,0.000822,0.002027,11298830.340892,0.000000
-4509046.798633,1349275.090594,35724871.453485,34.369398,-1.788817,0.738970,0.677481,0.284308,0.011631,0.768928,0.692424,0.741712,0.487610,0.420898,0.844968,0.447560,0.461200,0.325957,0.197782,0.213082,0.810832,0.621326,0.120676,0.430373,0.663086,0.113564,0.868040,0.294920,0.027017,0.009500,0.450421,0.946745,0.749545,0.927258,0.442905,0.298327,0.250514,9.041771,19.661456,0.631848,0.293273,0.844419,0.808693,0.745971,0.716903,0.963684,0.947104,0.834309,0.522342,0.092311,45.630602,0.005947,0.006610,1.788817,0.004697,0.004714,0.000874,0.001975,4509046.798633,0.000000
-10273126.671370,1699850.014340,75754802.786128,37.236473,-1.909951,0.797623,0.972688,0.703871,0.657949,0.813298,0.584386,0.661593,0.237805,0.671625,0.237974,0.831682,0.307897,0.894176,0.256354,0.899529,0.781923,0.574801,0.197101,0.855729,0.805701,0.251664,0.472544,0.551422,0.010296,0.221904,0.643082,0.953083,0.966870,0.280159,0.458402,0.286302,0.107760,12.093378,13.672464,0.397524,0.248792,0.608251,0.634559,0.374682,0.394956,0.570120,0.639025,0.851912,0.331697,0.061830,42.763527,0.000712,0.003113,9.566807,0.004294,0.004282,0.000673,0.002176,10273126.671370,0.000000
-15105466.083659,1352917.475997,73242864.837358,56.018264,-1.636393,0.798401,0.980379,0.852613,0.065944,0.240507,0.939524,0.676767,0.344912,0.308680,0.133472,0.432224,0.311257,0.313143,0.144999,0.397113,0.779867,0.611489,0.421716,0.314757,0.299767,0.456871,0.628808,0.397211,0.288345,0.071548,0.081061,0.953135,0.959967,0.230012,0.413839,0.261773,0.097980,10.387904,18.174987,0.804057,0.175751,0.668676,0.685816,0.432876,0.444797,0.627992,0.685503,0.805319,0.314030,0.163293,23.981736,0.002091,0.012434,10.935203,0.004524,0.004526,0.000634,0.002215,15105466.083659,0.000000
-18995097.653817,1825313.096837,81141224.297423,51.799759,-0.539618,0.684093,0.966802,0.805793,0.059002,0.777390,0.579427,0.664899,0.344011,0.198911,0.780038,0.815211,0.451132,0.923173,0.371671,0.265287,0.705662,0.452759,0.981863,0.758865,0.915808,0.119751,0.034403,0.281581,0.076756,0.617940,0.636525,0.851474,0.978284,0.613567,0.308152,0.260490,0.221904,14.978268,2.148623,0.160540,0.159263,0.612338,0.709745,0.523728,0.605120,0.766188,0.860550,0.417029,0.458135,0.444003,28.200241,0.004868,0.008127,8.367898,0.004210,0.004173,0.000135,0.002714,18995097.653817,0.000000
-7702415.280538,1730278.436361,57075208.527667,32.989652,-1.298862,0.673882,0.993862,0.835130,0.667979,0.243945,0.728591,0.975757,0.269986,0.400418,0.327778,0.738863,0.678609,0.904850,0.742203,0.894872,0.772759,0.580371,0.983006,0.437522,0.292690,0.214593,0.029751,0.554025,0.010296,0.011012,0.685981,0.857833,0.745595,0.992798,0.408844,0.331871,0.210348,14.249660,20.422123,0.505919,0.224825,0.761351,0.753584,0.662438,0.656306,0.918517,0.913355,0.727158,0.554197,0.131863,47.010348,0.005164,0.015352,11.695860,0.004799,0.004798,0.000681,0.002168,7702415.280538,0.000000
-1983846.041803,1216854.458619,55156769.033166,56.087850,-1.677277,0.738772,0.962956,0.305171,0.066142,0.137164,0.693030,0.677417,0.746203,0.674368,0.313653,0.571679,0.390942,0.385987,0.188566,0.322356,0.765704,0.572267,0.140019,0.299762,0.752106,0.109902,0.634853,0.913136,0.299035,0.048128,0.505832,0.963734,0.952061,0.668116,0.415029,0.259334,0.118700,9.480130,18.839174,0.336774,0.239142,0.790054,0.795872,0.692092,0.701910,0.865279,0.875888,0.813118,0.488415,0.165165,23.912150,0.003653,0.010277,2.010671,0.004435,0.004447,0.000739,0.002110,1983846.041803,0.000000
-11559466.796801,1544784.353505,76500035.923063,38.517316,-1.609886,0.747872,0.960557,0.828371,0.698215,0.831100,0.761172,0.627597,0.516187,0.209336,0.159902,0.746958,0.657845,0.291971,0.264239,0.452035,0.781034,0.782089,0.436190,0.299786,0.296428,0.111721,0.195020,0.626118,0.073989,0.042222,0.615451,0.937469,0.960344,0.957473,0.417409,0.262831,0.105056,13.286023,19.349348,0.713286,0.254000,0.722069,0.796740,0.640104,0.677519,0.723484,0.761290,0.800090,0.598875,0.147352,41.482684,0.000689,0.005193,9.982389,0.004623,0.004599,0.000480,0.002369,11559466.796801,0.000000
-4229114.493656,1417385.240021,56727091.917027,33.047506,-2.003130,0.550867,0.974542,0.367714,0.677393,0.774832,0.742691,0.059589,0.796120,0.314775,0.310855,0.625652,0.474663,0.331634,0.172169,0.545109,0.585666,0.310409,0.569536,0.026383,0.751113,0.246080,0.797332,0.399356,0.011640,0.001966,0.694074,0.968102,0.741228,0.676737,0.466318,0.298295,0.103964,9.412979,19.984736,0.596196,0.299105,0.790471,0.825483,0.649620,0.677182,0.800132,0.845198,0.865088,0.511401,0.051801,46.952494,0.000336,0.000250,3.276658,0.004242,0.004267,0.000548,0.002301,4229114.493656,0.000000
-9651548.349156,1372915.056709,71528861.764224,41.493879,-0.298596,0.695165,0.778907,0.877824,0.144923,0.173083,0.785261,0.330357,0.285685,0.299071,0.349140,0.600054,0.474283,0.300149,0.378243,0.217159,0.591144,0.602313,0.123812,0.433347,0.496346,0.219803,0.010219,0.556110,0.124521,0.007893,0.650994,0.859815,0.960894,0.453510,0.277289,0.332006,0.259870,14.171565,20.506779,0.734287,0.236171,0.605384,0.746353,0.527380,0.645126,0.741048,0.881690,0.258141,0.401298,0.395652,38.506121,0.002152,0.001765,7.099008,0.004461,0.004474,0.000455,0.002394,9651548.349156,0.000000
-8258356.497934,1677266.896141,62447499.147092,33.887946,-1.920187,0.747450,0.976248,0.902624,0.392624,0.278793,0.722572,0.681051,0.289759,0.416830,0.674068,0.741919,0.668263,0.299619,0.192380,0.899790,0.942568,0.575376,0.999376,0.880433,0.010194,0.215341,0.009006,0.305094,0.012564,0.047829,0.694328,0.943050,0.897830,0.620780,0.465577,0.331982,0.118828,14.508818,19.312050,0.760651,0.272439,0.724226,0.742990,0.576509,0.590761,0.746109,0.775363,0.853420,0.488754,0.043002,46.112054,0.000864,0.020621,11.976768,0.004831,0.004835,0.000846,0.002003,8258356.497934,0.000000
-21375823.629680,1647063.481433,105274000.515382,76.422720,-1.492962,0.658223,0.971497,0.487171,0.070046,0.177478,0.756541,0.403524,0.149333,0.181676,0.801636,0.907889,0.660900,0.268243,0.169676,0.918238,0.771155,0.782409,0.986253,0.442233,0.663522,0.234124,0.475083,0.092518,0.473766,0.615692,0.889722,0.852381,0.977758,0.676074,0.442622,0.298619,0.248865,9.138857,1.908209,0.061142,0.174323,0.640973,0.797473,0.565283,0.694829,0.834334,0.942512,0.775294,0.482629,0.052321,3.577280,0.002959,0.030188,7.630559,0.004259,0.004291,0.000620,0.002229,21375823.629680,0.000000
-4243770.716813,1326866.891770,37526611.304166,34.389448,-0.282298,0.690618,0.971739,0.305180,0.064949,0.139551,0.756370,0.666610,0.349063,0.213966,0.357732,0.454429,0.391298,0.291392,0.177375,0.353087,0.776999,0.567902,0.979828,0.293756,0.009984,0.474659,0.471314,0.296894,0.022461,0.030956,0.613748,0.826961,0.959911,0.283240,0.287518,0.150578,0.228342,10.624270,19.348854,0.431772,0.230275,0.760090,0.729051,0.660125,0.634700,0.882691,0.871807,0.245951,0.334899,0.423082,45.610552,0.003308,0.013551,0.425944,0.004310,0.004325,0.000654,0.002195,4243770.716813,0.000000
-14290395.450771,1483777.018865,70171975.415227,59.660020,-0.539121,0.681148,0.855814,0.726443,0.360516,0.774250,0.940473,0.663244,0.475253,0.310335,0.785843,0.756986,0.482924,0.280808,0.974236,0.392511,0.779074,0.320906,0.888784,0.829342,0.530468,0.232406,0.207121,0.394079,0.292061,0.178578,0.850908,0.853711,0.954636,0.458634,0.307213,0.260773,0.095957,12.566455,15.327321,0.125389,0.152566,0.663256,0.690130,0.503783,0.509854,0.627264,0.661188,0.416739,0.405278,0.449094,20.339980,0.001534,0.009336,11.064894,0.004516,0.004528,0.000582,0.002267,14290395.450771,0.000000
-17727983.893516,1297240.906882,97546231.725491,74.420925,-1.944030,0.728539,0.763806,0.492620,0.002356,0.578591,0.720606,0.442558,0.063480,0.315897,0.090170,0.685919,0.417512,0.783542,0.162512,0.452879,0.581106,0.338198,0.138026,0.442958,0.439059,0.231070,0.976622,0.399699,0.458662,0.195925,0.778355,0.993952,0.944084,0.644904,0.442748,0.159741,0.103228,8.559452,14.134580,0.191430,0.199923,0.703615,0.815579,0.633515,0.669689,0.747199,0.818389,0.856874,0.482058,0.112970,5.579075,0.004557,0.003547,5.906404,0.004627,0.004642,0.000634,0.002215,17727983.893516,0.000000
-20961767.193790,1879015.953688,96874786.882277,51.897839,-1.880180,0.903693,0.976115,0.727852,0.645966,0.778229,0.956365,0.443514,0.245081,0.217065,0.210783,0.913188,0.406388,0.280027,0.377862,0.409239,0.783191,0.621195,0.982237,0.334327,0.354315,0.122462,0.066437,0.308088,0.079390,0.610140,0.695568,0.928851,0.759957,0.992475,0.466427,0.323612,0.223650,13.645133,2.347251,0.165129,0.195636,0.696850,0.800188,0.614892,0.700456,0.880213,0.929519,0.847437,0.533017,0.035462,28.102161,0.001133,0.010297,13.417799,0.003949,0.003967,0.000301,0.002548,20961767.193790,0.000000
-3945889.693877,1327131.045755,34456102.206388,33.152263,-0.051085,0.742934,0.769003,0.282312,0.071124,0.160964,0.722826,0.667862,0.515096,0.599749,0.884794,0.573104,0.418206,0.300300,0.046036,0.244239,0.585971,0.594286,0.696827,0.340949,0.496231,0.098600,0.493535,0.965083,0.012047,0.008426,0.611053,0.932453,0.960432,0.467869,0.396439,0.162511,0.251393,10.802000,19.999343,0.474413,0.281913,0.835490,0.804368,0.726645,0.711954,0.906113,0.918512,0.767088,0.407067,0.198549,46.847737,0.000396,0.006005,0.051085,0.004294,0.004308,0.000634,0.002215,3945889.693877,0.000000
-12995622.661874,1490526.801055,79528508.953328,47.043573,-1.780089,0.959750,0.762751,0.699416,0.072964,0.786656,0.720677,0.443786,0.233873,0.400827,0.097385,0.692907,0.417171,0.893610,0.147344,0.454769,0.718152,0.580232,0.404329,0.317754,0.028523,0.233914,0.992430,0.276255,0.128272,0.209167,0.650271,0.995194,0.967565,0.633623,0.415803,0.159781,0.200544,9.048263,13.639083,0.370665,0.231621,0.725933,0.832678,0.647929,0.714236,0.811011,0.936544,0.831377,0.469562,0.177555,32.956427,0.002277,0.011005,7.252301,0.004369,0.004382,0.000734,0.002115,12995622.661874,0.000000
-16493019.945281,1338207.243247,105933061.916918,67.260817,-1.583554,0.656788,0.974567,0.810010,0.058697,0.711501,0.567107,0.443786,0.065173,0.311533,0.094505,0.742892,0.416655,0.279155,0.150107,0.390066,0.694815,0.576121,0.942960,0.319462,0.440523,0.234427,0.993813,0.085838,0.454926,0.023707,0.696031,0.929819,0.960071,0.629105,0.417079,0.160062,0.103323,8.536089,19.344997,0.611315,0.174967,0.651701,0.780374,0.586329,0.634510,0.683790,0.771917,0.794756,0.470345,0.144687,12.739183,0.002280,0.015273,7.384684,0.004599,0.004575,0.000459,0.002390,16493019.945281,0.000000
-9523051.988387,1478619.919261,62620567.353928,37.828687,-1.608203,0.736920,0.960600,0.828371,0.073779,0.831100,0.745471,0.662513,0.516187,0.209336,0.311078,0.747043,0.662638,0.327046,0.262796,0.452035,0.581384,0.766217,0.436867,0.023291,0.293150,0.111721,0.194470,0.400053,0.074648,0.009615,0.612339,0.937509,0.960186,0.674002,0.417126,0.299063,0.105033,13.368214,20.316783,1.025501,0.274722,0.762045,0.786380,0.625299,0.640918,0.758175,0.791700,0.799753,0.487893,0.148063,42.171313,0.003206,0.001949,9.798978,0.004833,0.004811,0.000667,0.002182,9523051.988387,0.000000
-9328368.643044,1772222.099757,69624510.438498,35.487740,-1.974611,0.914147,0.975651,0.835309,0.663640,0.766416,0.137399,0.980354,0.271431,0.315736,0.821111,0.694511,0.678642,0.792208,0.869048,0.892455,0.472020,0.574733,0.146349,0.326063,0.423496,0.228942,0.464018,0.688532,0.002157,0.167434,0.695478,0.952867,0.965092,0.976693,0.469654,0.331871,0.201201,12.158209,15.323991,0.439870,0.265410,0.764900,0.794974,0.674665,0.699740,0.919476,0.924557,0.861185,0.604536,0.038866,44.512260,0.007079,0.001530,4.669853,0.004498,0.004503,0.000863,0.001986,9328368.643044,0.000000
-11608419.872557,1478332.809235,78793284.938699,38.649103,-0.990323,0.741108,0.960977,0.838444,0.698215,0.147809,0.755032,0.668656,0.513506,0.320746,0.306760,0.744660,0.389102,0.291606,0.266934,0.468650,0.575422,0.570914,0.436190,0.023405,0.296428,0.462761,0.595957,0.712700,0.074648,0.042222,0.175694,0.937469,0.962355,0.695390,0.466106,0.158165,0.215144,10.727611,19.020221,0.766948,0.208817,0.615289,0.769352,0.528762,0.657986,0.589821,0.813281,0.628543,0.495511,0.039644,41.350897,0.000702,0.000212,11.017912,0.004711,0.004720,0.000583,0.002266,11608419.872557,0.000000
-6692773.907280,1504256.321703,49121168.407078,33.168122,-1.568331,0.741547,0.962912,0.728881,0.012093,0.178193,0.957072,0.727149,0.579728,0.406449,0.775908,0.442391,0.396487,0.338483,0.147535,0.917211,0.774835,0.621403,0.437754,0.130657,0.057947,0.472844,0.471940,0.310369,0.008765,0.021960,0.694163,0.928727,0.891716,0.631889,0.415242,0.305024,0.248617,11.637272,19.680051,1.197259,0.276092,0.795345,0.771219,0.699594,0.679906,0.938108,0.923823,0.791607,0.495413,0.148685,46.831878,0.003559,0.017359,13.583050,0.004756,0.004760,0.000967,0.001882,6692773.907280,0.000000
-7757408.497640,1405317.018514,56543102.808486,35.615009,-1.605032,0.796443,0.781248,0.806180,0.058737,0.252422,0.783935,0.658995,0.344912,0.199476,0.135517,0.432224,0.313461,0.313143,0.143201,0.397113,0.775241,0.454876,0.421101,0.314757,0.395154,0.224233,0.637663,0.387894,0.027541,0.070270,0.076003,0.943175,0.959967,0.231671,0.413839,0.261773,0.177187,10.477065,18.066967,0.751950,0.246744,0.770063,0.810694,0.594019,0.621220,0.892173,0.925483,0.799117,0.314680,0.158742,44.384991,0.002321,0.011041,5.437636,0.003977,0.003996,0.000449,0.002400,7757408.497640,0.000000
-5945282.263894,1290219.773057,37269417.165287,41.521264,-0.422363,0.792676,0.763513,0.286109,0.011036,0.181194,0.940557,0.739807,0.345618,0.401995,0.366229,0.695676,0.456952,0.893276,0.744565,0.434671,0.788901,0.767418,0.377056,0.332277,0.069122,0.464740,0.033826,0.311921,0.124159,0.009873,0.773308,0.855706,0.967275,0.278676,0.304458,0.260935,0.098758,11.917131,20.380781,0.203219,0.252210,0.757343,0.736258,0.556713,0.586516,0.801154,0.836957,0.407013,0.331002,0.461467,38.478736,0.020438,0.014526,0.422363,0.004642,0.004657,0.000869,0.001980,5945282.263894,0.000000
-9108693.254597,1530142.118927,59946998.182806,37.123226,-1.881774,0.903567,0.972996,0.821792,0.166829,0.307100,0.694623,0.661065,0.496309,0.227405,0.106871,0.748733,0.407915,0.917797,0.749784,0.454855,0.781595,0.690890,0.413640,0.267602,0.342850,0.124528,0.601223,0.716798,0.063554,0.011774,0.681944,0.929216,0.987014,0.456081,0.466502,0.155926,0.103015,11.050556,19.925692,0.748051,0.247109,0.679054,0.701683,0.499049,0.516433,0.624887,0.674522,0.847680,0.394181,0.035462,42.876774,0.004601,0.012509,10.683102,0.004933,0.004934,0.000857,0.001992,9108693.254597,0.000000
-11818835.679571,1628018.329458,76680480.928109,38.556770,-1.616777,0.737257,0.960627,0.869327,0.698215,0.831100,0.742398,0.662513,0.516187,0.209336,0.098465,0.747257,0.657845,0.922698,0.262519,0.451222,0.781034,0.786345,0.436190,0.322242,0.223368,0.109991,0.195020,0.399030,0.074648,0.041734,0.615451,0.937469,0.960344,0.668874,0.418490,0.298488,0.108803,13.304414,19.381609,0.520786,0.245364,0.718519,0.734004,0.576688,0.587274,0.684665,0.726330,0.801462,0.485829,0.144720,41.443230,0.000681,0.005767,9.416531,0.004526,0.004496,0.000393,0.002456,11818835.679571,0.000000
-5733962.642164,1189366.891198,53984384.820290,55.836207,-0.421594,0.747826,0.745017,0.307794,0.063958,0.152791,0.735694,0.676881,0.731656,0.307844,0.370453,0.761523,0.472588,0.772495,0.180828,0.225309,0.520585,0.574469,0.993725,0.429988,0.297125,0.108207,0.088638,0.298751,0.302583,0.037066,0.028868,0.962243,0.959240,0.518878,0.397513,0.158974,0.104936,11.246802,19.613554,0.114183,0.159038,0.684422,0.752769,0.593672,0.641071,0.703235,0.789393,0.344000,0.427433,0.209796,24.163793,0.003444,0.004802,4.091443,0.004573,0.004571,0.000832,0.002017,5733962.642164,0.000000
-7486706.992025,1375644.181304,51189007.749125,39.254208,-0.273339,0.747289,0.979303,0.286683,0.360618,0.808321,0.759694,0.676827,0.510258,0.196513,0.203086,0.759081,0.466915,0.329728,0.194193,0.879760,0.566571,0.318218,0.228650,0.837122,0.315556,0.124339,0.014889,0.551302,0.084150,0.042017,0.643568,0.848955,0.747733,0.287482,0.278418,0.303936,0.215039,13.509600,19.443003,0.333776,0.220323,0.697310,0.709644,0.604314,0.614965,0.839844,0.850471,0.239165,0.403339,0.399058,40.745792,0.000976,0.009857,1.964798,0.003982,0.004013,0.000517,0.002332,7486706.992025,0.000000
-13302213.631811,1296181.366069,68906146.279108,55.284430,-0.453652,0.686054,0.757527,0.806083,0.021705,0.769297,0.950840,0.739807,0.345387,0.404940,0.366229,0.593802,0.298852,0.309434,0.747575,0.213088,0.797846,0.586031,0.372907,0.431693,0.506989,0.220106,0.918191,0.934014,0.303998,0.009648,0.447963,0.943545,0.899547,0.630035,0.449620,0.096079,0.250520,8.905266,19.788896,0.427475,0.167800,0.626541,0.753471,0.523726,0.630578,0.353550,0.622459,0.364696,0.491855,0.076349,24.715570,0.001289,0.006911,8.044677,0.004347,0.004364,0.000520,0.002329,13302213.631811,0.000000
-15189325.371216,1628900.495497,78034129.238496,46.111988,-0.536414,0.914876,0.770947,0.726791,0.080224,0.177483,0.935407,0.399001,0.535763,0.244072,0.785619,0.757301,0.298301,0.282297,0.734509,0.250168,0.466703,0.685991,0.230986,0.846188,0.338107,0.232355,0.482332,0.273645,0.025386,0.593297,0.024251,0.852403,0.982053,0.992567,0.307402,0.262423,0.115491,11.577270,2.443557,0.188891,0.188398,0.613192,0.714283,0.530634,0.615071,0.742335,0.778813,0.415158,0.604084,0.447562,33.888012,0.000674,0.003304,8.836311,0.003756,0.003786,0.000534,0.002315,15189325.371216,0.000000
-11371291.872187,1503333.041558,76049748.380510,38.447090,-0.783968,0.909882,0.961217,0.838444,0.698215,0.142135,0.755032,0.668597,0.513506,0.208986,0.311078,0.744660,0.389102,0.291606,0.747414,0.254328,0.581547,0.602595,0.436190,0.026493,0.296428,0.462761,0.009348,0.707108,0.073562,0.042222,0.634175,0.929303,0.962355,0.694877,0.307379,0.158173,0.215982,13.991743,19.496734,0.595770,0.201066,0.644562,0.741063,0.568099,0.648708,0.795167,0.883500,0.543409,0.495310,0.493183,41.552910,0.001221,0.000240,11.093314,0.004729,0.004737,0.000746,0.002103,11371291.872187,0.000000
-17283775.171523,2003827.995998,75139305.451067,46.669784,-1.916566,0.742159,0.981706,0.879530,0.677239,0.778224,0.785805,0.664347,0.525400,0.321263,0.772292,0.760222,0.307318,0.907427,0.248716,0.467235,0.771433,0.571046,0.983007,0.450740,0.505421,0.233550,0.593864,0.389930,0.025760,0.617702,0.192406,0.937513,0.966109,0.596536,0.467978,0.332229,0.215152,12.055586,1.702863,0.126564,0.175304,0.738222,0.746183,0.592076,0.597738,0.860108,0.866892,0.852889,0.455562,0.035925,33.330216,0.000646,0.015504,12.109802,0.003645,0.003624,0.000057,0.002792,17283775.171523,0.000000
-19511766.096509,1870613.056458,88010683.936631,51.990407,-1.537713,0.843736,0.975433,0.861137,0.164448,0.758201,0.952670,0.403466,0.243271,0.608118,0.792214,0.838278,0.377657,0.282586,0.369289,0.548301,0.783191,0.768364,0.959676,0.864336,0.307681,0.211416,0.210133,0.390222,0.076974,0.623760,0.645636,0.865106,0.915921,0.998274,0.443154,0.298065,0.220884,14.141287,1.800848,0.247253,0.195350,0.693644,0.782953,0.606332,0.680396,0.876245,0.927481,0.785128,0.620676,0.056661,28.009593,0.001096,0.018163,15.274546,0.004268,0.004284,0.000490,0.002359,19511766.096509,0.000000
-15902591.876847,1541419.087416,75898733.562686,58.988807,-1.235628,0.681148,0.971591,0.728914,0.360516,0.773857,0.940473,0.663098,0.349795,0.310335,0.369375,0.756986,0.414801,0.738602,0.974236,0.352862,0.776950,0.316651,0.888784,0.829342,0.502867,0.132487,0.476830,0.306717,0.292061,0.155485,0.609375,0.852403,0.959932,0.283812,0.401900,0.257840,0.224714,12.210388,15.797631,0.176781,0.167844,0.713694,0.776475,0.605170,0.608972,0.885093,0.911143,0.709348,0.335117,0.146609,21.011193,0.004805,0.008452,9.916773,0.004573,0.004544,0.000439,0.002410,15902591.876847,0.000000
-18653193.725360,1840139.748156,83804813.939841,50.535673,-1.897442,0.903693,0.976733,0.698524,0.722238,0.881995,0.721453,0.443514,0.487672,0.213621,0.210783,0.913204,0.416309,0.918207,0.137881,0.454637,0.576098,0.580453,0.403926,0.266512,0.356706,0.113254,0.997468,0.719319,0.064166,0.610521,0.650845,0.930526,0.956544,0.693724,0.468498,0.159771,0.100651,10.457741,1.586580,0.178794,0.169229,0.626066,0.638526,0.469728,0.477534,0.419446,0.485919,0.850048,0.496898,0.032032,29.464327,0.000208,0.004335,11.745373,0.003990,0.003981,0.000292,0.002557,18653193.725360,0.000000
-8273160.708797,1500868.111788,55031661.278010,35.843954,-0.433213,0.953111,0.972996,0.715610,0.166829,0.762158,0.942979,0.668335,0.565312,0.226529,0.106871,0.748733,0.381778,0.910140,0.762405,0.450464,0.579762,0.690890,0.413640,0.267602,0.675282,0.124586,0.601223,0.721117,0.046595,0.011774,0.020251,0.930677,0.896266,0.523663,0.463904,0.164150,0.218746,11.081632,19.910664,0.751061,0.191560,0.676063,0.707451,0.571686,0.598431,0.718545,0.751537,0.351578,0.450291,0.041273,44.156046,0.004385,0.009722,13.899115,0.004986,0.004976,0.000916,0.001933,8273160.708797,0.000000
-11160513.531280,1519672.744530,75784904.523372,37.671186,-1.905622,0.667571,0.975653,0.838444,0.698215,0.178379,0.755032,0.667128,0.513506,0.320746,0.311078,0.744660,0.298783,0.280592,0.738961,0.468650,0.575422,0.570914,0.436190,0.021774,0.296428,0.472807,0.595957,0.712686,0.063479,0.036801,0.175586,0.937469,0.962355,0.695390,0.466106,0.262570,0.215144,10.634457,19.177733,0.575404,0.241487,0.738870,0.817589,0.649456,0.722874,0.867689,0.940317,0.851270,0.495511,0.039644,42.328814,0.000566,0.000198,9.475460,0.004569,0.004548,0.000436,0.002413,11160513.531280,0.000000
-19049980.962518,1532081.856923,84489792.963056,76.508406,-0.415586,0.742359,0.974689,0.726791,0.080224,0.147814,0.935293,0.404928,0.441733,0.313221,0.785619,0.757301,0.388621,0.291608,0.262482,0.431448,0.466703,0.682557,0.010625,0.867974,0.337937,0.222309,0.476718,0.092615,0.322790,0.598865,0.024251,0.852403,0.969223,0.992567,0.307402,0.158026,0.248382,11.594694,2.449659,0.205016,0.098063,0.543602,0.697281,0.462884,0.591908,0.502928,0.741625,0.340047,0.609112,0.447562,3.491594,0.002477,0.000154,12.358977,0.004492,0.004507,0.000465,0.002384,19049980.962518,0.000000
-7412512.218334,1429871.175751,48637600.530254,41.441604,-1.680988,0.657224,0.977325,0.293381,0.064785,0.799124,0.944783,0.666923,0.346495,0.103616,0.378750,0.694117,0.391056,0.733034,0.151669,0.170616,0.799698,0.652866,0.981000,0.300750,0.712079,0.109547,0.939900,0.306753,0.077287,0.152815,0.642888,0.996131,0.975595,0.619598,0.400144,0.272327,0.225083,9.587240,15.322130,0.404064,0.280830,0.800984,0.777458,0.708636,0.689427,0.938758,0.924624,0.813810,0.461382,0.218721,38.558396,0.002526,0.005684,4.154360,0.004644,0.004661,0.000700,0.002149,7412512.218334,0.000000
-5703407.984708,1486308.879077,53456002.290980,32.784235,-1.480569,0.747922,0.857343,0.919342,0.071246,0.260054,0.722572,0.981143,0.130854,0.416830,0.325198,0.758078,0.656323,0.299818,0.175002,0.887605,0.784812,0.604158,0.236651,0.306755,0.036006,0.214014,0.003213,0.395969,0.010013,0.001926,0.692030,0.932128,0.897830,0.470972,0.400123,0.163203,0.199019,14.510165,20.671238,1.096254,0.247757,0.782688,0.764082,0.662718,0.675787,0.891693,0.916202,0.772492,0.428600,0.188645,47.215765,0.002070,0.004352,9.071348,0.004781,0.004787,0.000793,0.002057,5703407.984708,0.000000
-12535778.674511,1754016.318926,70860624.612109,38.442786,-1.428534,0.920629,0.780391,0.879672,0.677239,0.230725,0.858965,0.886524,0.539563,0.285764,0.849061,0.760225,0.345390,0.882572,0.177401,0.224933,0.778110,0.611063,0.925528,0.434954,0.778747,0.225445,0.165076,0.389307,0.026229,0.217548,0.650994,0.931226,0.937997,0.639989,0.392761,0.332520,0.216098,13.449023,14.073360,0.232066,0.226901,0.726118,0.736975,0.635990,0.645291,0.890555,0.898097,0.760340,0.482238,0.207859,41.557214,0.000354,0.004477,9.930922,0.003971,0.003991,0.000661,0.002188,12535778.674511,0.000000
-14018047.207936,1267980.983617,83201815.130222,68.044691,-1.939055,0.728539,0.853710,0.494981,0.002356,0.578591,0.717762,0.668068,0.065930,0.315315,0.099304,0.692146,0.673379,0.775338,0.162512,0.225742,0.581106,0.589830,0.138026,0.447160,0.750938,0.231070,0.214575,0.399699,0.458662,0.043177,0.778355,0.996147,0.943761,0.994362,0.440809,0.159050,0.103228,12.201997,19.355629,0.500295,0.210859,0.739858,0.819335,0.663937,0.729922,0.786904,0.821087,0.856160,0.579764,0.118292,11.955309,0.004557,0.005171,7.478047,0.004862,0.004838,0.000691,0.002158,14018047.207936,0.000000
-19892151.095506,1831950.086905,89637260.469735,51.670556,-0.566093,0.958940,0.976198,0.840674,0.070214,0.760092,0.758623,0.652950,0.243271,0.179865,0.374448,0.706763,0.378360,0.254272,0.369289,0.235101,0.779893,0.598868,0.989582,0.333539,0.665760,0.211416,0.210133,0.086748,0.075537,0.616183,0.766577,0.930431,0.884539,0.998274,0.281761,0.472712,0.221187,13.764581,2.035661,0.330971,0.189526,0.558608,0.658600,0.478698,0.562368,0.680409,0.796826,0.432261,0.581811,0.005095,28.329444,0.001015,0.004158,11.768133,0.004171,0.004190,0.000449,0.002400,19892151.095506,0.000000
-10853758.492006,1696464.697515,70444603.273018,36.400383,-0.613317,0.983887,0.972996,0.821792,0.684570,0.321059,0.694623,0.968320,0.496309,0.226529,0.138474,0.748733,0.381778,0.901336,0.745179,0.454855,0.575184,0.690890,0.413640,0.443384,0.675185,0.124586,0.601223,0.717188,0.010879,0.176010,0.020251,0.930677,0.988230,0.459657,0.429149,0.157262,0.251382,11.621625,14.967231,0.375514,0.172559,0.620312,0.671520,0.524611,0.570218,0.605313,0.681056,0.458449,0.395192,0.116389,43.599617,0.003776,0.009163,10.295805,0.004433,0.004418,0.000693,0.002156,10853758.492006,0.000000
-7899862.812593,1483317.325839,58429082.255746,35.571170,-1.877262,0.654565,0.975651,0.836530,0.172674,0.766939,0.993972,0.675957,0.268196,0.290394,0.242498,0.693852,0.692096,0.320561,0.262353,0.480635,0.780391,0.574950,0.189213,0.260813,0.429322,0.248538,0.004637,0.688532,0.046012,0.006407,0.695478,0.926260,0.748153,0.652738,0.467346,0.261253,0.219529,14.459016,20.549377,1.071100,0.265806,0.793443,0.802531,0.702383,0.710123,0.941320,0.945913,0.846991,0.529290,0.032571,44.428830,0.002734,0.003221,9.009948,0.004646,0.004627,0.000505,0.002344,7899862.812593,0.000000
-3783817.991459,1472026.687287,40206152.909587,32.501012,-1.884488,0.659589,0.975757,0.324423,0.010843,0.796985,0.151420,0.660601,0.345745,0.401591,0.681399,0.739033,0.674138,0.292505,0.244491,0.899658,0.782058,0.767591,0.371190,0.437763,0.412634,0.256395,0.003500,0.548992,0.004617,0.008080,0.695598,0.929575,0.955750,0.634907,0.466775,0.333590,0.254537,14.127614,20.432335,0.872705,0.322054,0.836429,0.833911,0.737145,0.735312,0.961898,0.960708,0.848093,0.474097,0.035066,47.498988,0.008749,0.026622,3.793034,0.004870,0.004887,0.000975,0.001874,3783817.991459,0.000000
-10580696.823895,1278542.181765,57582174.034227,61.223647,-1.869848,0.954877,0.761803,0.284427,0.066236,0.770356,0.956944,0.739807,0.345387,0.394329,0.364471,0.593802,0.298852,0.781485,0.747193,0.208873,0.789375,0.583518,0.984562,0.431833,0.507439,0.218479,0.003564,0.303075,0.386679,0.009648,0.446956,0.960298,0.938223,0.383798,0.447824,0.302112,0.102789,11.008206,20.530547,0.008860,0.230118,0.763657,0.777016,0.585947,0.595324,0.787063,0.808409,0.845853,0.380930,0.087346,18.776353,0.006583,0.004215,3.468493,0.004580,0.004575,0.000872,0.001977,10580696.823895,0.000000
-19753694.064477,1927824.009844,91891471.848530,52.562094,-1.992834,0.743183,0.984046,0.877626,0.643605,0.779203,0.142553,0.667867,0.337726,0.350993,0.772455,0.806253,0.414777,0.886661,0.373626,0.893523,0.583882,0.593955,0.407949,0.301166,0.495893,0.111535,0.003337,0.972504,0.079452,0.639457,0.611442,0.968120,0.966220,0.995774,0.464531,0.164286,0.237921,14.586340,1.556557,0.117021,0.165829,0.721417,0.822411,0.614001,0.708140,0.770152,0.909596,0.863691,0.599258,0.055444,27.437906,0.001475,0.005867,4.632176,0.003949,0.003969,0.000231,0.002618,19753694.064477,0.000000
-15918829.953572,1480660.101437,76621828.805899,58.988043,-1.239919,0.681148,0.971591,0.726443,0.360516,0.773880,0.919537,0.652941,0.349795,0.310335,0.375568,0.753327,0.482924,0.333369,0.974236,0.352862,0.776950,0.313274,0.991592,0.829342,0.502040,0.104223,0.477335,0.394200,0.292049,0.155487,0.609375,0.857446,0.959932,0.283812,0.400056,0.160337,0.099274,12.244100,15.793355,0.216822,0.150498,0.615590,0.627118,0.388764,0.396103,0.513054,0.572067,0.710592,0.335117,0.153653,21.011957,0.002388,0.008363,9.854034,0.004580,0.004553,0.000446,0.002403,15918829.953572,0.000000
-5272168.912376,1456343.421917,39561116.422038,35.740921,-1.772634,0.952936,0.969115,0.283644,0.168277,0.771557,0.700344,0.973785,0.496309,0.226529,0.338429,0.593896,0.381778,0.902355,0.721083,0.455357,0.785779,0.586708,0.413640,0.433120,0.675282,0.114893,0.002450,0.710436,0.046749,0.011774,0.612390,0.965690,0.987288,0.456081,0.429149,0.294437,0.251659,13.707899,20.363517,0.313544,0.292849,0.834327,0.776149,0.719016,0.687932,0.958527,0.927597,0.830115,0.394096,0.131880,44.259079,0.007589,0.011944,4.140307,0.004574,0.004589,0.000828,0.002021,5272168.912376,0.000000
-15472899.391134,1623372.085862,68746969.963501,56.739901,-1.165772,0.743183,0.769003,0.354226,0.071160,0.778816,0.746746,0.667867,0.337088,0.405259,0.773492,0.568621,0.665612,0.775436,0.372149,0.360584,0.579136,0.601659,0.923726,0.298489,0.766638,0.237679,0.155484,0.966056,0.124724,0.617784,0.612406,0.844706,0.960184,0.995774,0.395188,0.435220,0.238352,10.874453,2.005959,0.048470,0.220005,0.711423,0.740796,0.616777,0.641415,0.882589,0.903371,0.688318,0.613942,0.115389,23.260099,0.012185,0.010098,6.700561,0.004115,0.004135,0.000587,0.002262,15472899.391134,0.000000
-11693342.895987,1403765.488197,61529362.177937,53.769812,-1.489799,0.782702,0.977325,0.729956,0.078523,0.401225,0.942440,0.666646,0.570783,0.179140,0.386219,0.690618,0.657649,0.792394,0.757856,0.404035,0.787709,0.702354,0.105844,0.544198,0.711180,0.088723,0.145958,0.275634,0.289411,0.003759,0.642970,0.934599,0.988074,0.702573,0.400335,0.164687,0.225232,13.451570,20.625369,0.686690,0.189528,0.771760,0.779596,0.682480,0.689289,0.887365,0.925625,0.774582,0.489369,0.189252,26.230188,0.013462,0.002405,12.145500,0.005004,0.005006,0.000869,0.001980,11693342.895987,0.000000
-7517224.162999,1540847.083285,57595701.925769,32.784117,-1.534816,0.747240,0.979610,0.906875,0.374251,0.227367,0.722572,0.907659,0.284713,0.416830,0.408744,0.758877,0.664178,0.299818,0.192380,0.887572,0.784812,0.604158,0.229584,0.322536,0.036006,0.124867,0.002545,0.303729,0.010013,0.001926,0.694368,0.931183,0.963051,0.471743,0.408844,0.163049,0.199019,14.555736,20.691729,1.151747,0.245817,0.774364,0.772597,0.648629,0.663612,0.888142,0.918708,0.784505,0.407756,0.165743,47.215883,0.000917,0.003933,11.749572,0.004894,0.004900,0.000810,0.002039,7517224.162999,0.000000
-7554566.483662,1465960.910483,52659371.233189,32.763139,-0.279715,0.794052,0.662068,0.806657,0.370824,0.260373,0.759646,0.683139,0.525669,0.196513,0.203086,0.742147,0.315614,0.270600,0.153235,0.890918,0.574907,0.320730,0.995510,0.821342,0.308330,0.214119,0.647552,0.909731,0.005907,0.010769,0.043720,0.850764,0.897156,0.233488,0.278468,0.259315,0.215039,10.454538,19.868356,0.388890,0.208661,0.693392,0.730000,0.600131,0.630727,0.835996,0.868540,0.244001,0.333440,0.454187,47.236861,0.000624,0.008096,4.182834,0.004093,0.004113,0.000595,0.002254,7554566.483662,0.000000
-5972405.446132,1380733.051870,42385471.117310,38.715499,-1.832460,0.738970,0.972239,0.354925,0.011946,0.186169,0.950548,0.732903,0.561790,0.406449,0.359860,0.593435,0.391367,0.304937,0.146280,0.213890,0.811886,0.620999,0.886517,0.130657,0.060597,0.472129,0.844386,0.308118,0.074699,0.042756,0.650133,0.928703,0.960379,0.631889,0.458315,0.302785,0.220652,8.906225,18.724260,0.590722,0.303905,0.830256,0.799576,0.733169,0.708086,0.958745,0.943745,0.839981,0.471330,0.051839,41.284501,0.003512,0.006507,3.237852,0.004610,0.004620,0.000817,0.002032,5972405.446132,0.000000
-19038889.840636,1504845.895073,94006959.083521,68.745773,-1.584779,0.659249,0.963021,0.493648,0.000429,0.191108,0.822427,0.445723,0.067388,0.311284,0.775349,0.696260,0.467915,0.277613,0.797231,0.276264,0.777538,0.579003,0.989192,0.553176,0.303153,0.251714,0.020477,0.396473,0.304271,0.424893,0.694683,0.933678,0.837707,0.675351,0.415359,0.332553,0.238860,11.211025,7.990415,0.033156,0.198427,0.676318,0.802979,0.600848,0.705936,0.855925,0.942059,0.795007,0.533195,0.150652,11.254227,0.004394,0.010083,5.904583,0.004425,0.004453,0.000596,0.002253,19038889.840636,0.000000
-19486752.888389,1542314.228763,106341255.507942,64.566852,-1.637113,0.712344,0.970729,0.716284,0.072239,0.778633,0.580577,0.244154,0.154465,0.321978,0.317072,0.745949,0.460438,0.275169,0.176796,0.450591,0.767280,0.354533,0.986673,0.050573,0.837344,0.109752,0.478138,0.552288,0.277582,0.368124,0.700063,0.862909,0.897663,0.524054,0.461080,0.299033,0.218877,11.902015,9.344543,0.401224,0.202253,0.655504,0.833495,0.582678,0.698440,0.849346,0.942028,0.805459,0.449972,0.018878,15.433148,0.002572,0.004777,8.578739,0.004571,0.004549,0.000437,0.002412,19486752.888389,0.000000
-11547826.179030,1542979.536097,76021083.610945,38.567818,-1.331692,0.736989,0.960600,0.828371,0.692800,0.831100,0.742644,0.665305,0.516187,0.200677,0.311078,0.747119,0.657194,0.282250,0.257437,0.452035,0.799970,0.766217,0.436190,0.024261,0.497696,0.111721,0.195020,0.397652,0.074648,0.042222,0.641645,0.851000,0.962221,0.680045,0.417409,0.298500,0.183273,13.392558,19.345959,0.789816,0.249902,0.704574,0.781662,0.619754,0.683779,0.880858,0.923665,0.735970,0.489551,0.108139,41.432182,0.000665,0.000222,10.409107,0.004684,0.004670,0.000544,0.002305,11547826.179030,0.000000
-6069469.019624,1444649.923338,46815108.704974,35.450160,-1.421071,0.739035,0.961705,0.285430,0.377042,0.798364,0.740132,0.794465,0.514488,0.612953,0.197516,0.697115,0.413969,0.292017,0.831900,0.393132,0.781792,0.758413,0.414594,0.739043,0.300858,0.113276,0.017289,0.310506,0.034591,0.041526,0.615476,0.938052,0.960358,0.450877,0.397891,0.258522,0.215044,13.167231,19.449604,0.197475,0.270374,0.799160,0.780334,0.692627,0.688783,0.938445,0.927231,0.773384,0.400434,0.197335,44.549840,0.006411,0.013688,1.421071,0.003740,0.003779,0.000335,0.002515,6069469.019624,0.000000
-9849983.894474,1571755.377708,71291072.790246,38.623975,-1.609886,0.737642,0.960544,0.828854,0.698215,0.192818,0.742644,0.662513,0.238150,0.209336,0.311078,0.745576,0.657845,0.298435,0.372508,0.452035,0.781034,0.766217,0.985135,0.024261,0.296477,0.111721,0.472012,0.400053,0.074648,0.042222,0.615451,0.937469,0.952937,0.674465,0.417409,0.302190,0.105033,11.688815,19.115039,0.635047,0.261036,0.737232,0.754867,0.596303,0.608778,0.707435,0.748413,0.800090,0.490603,0.147352,41.376025,0.001300,0.000220,11.007478,0.004680,0.004686,0.000572,0.002277,9849983.894474,0.000000
-7257657.154007,1352064.098534,54013939.904503,42.977312,-1.986229,0.686243,0.990433,0.418775,0.078456,0.173294,0.786185,0.449654,0.571158,0.283682,0.349191,0.600127,0.479828,0.779414,0.175457,0.390083,0.787710,0.600059,0.122864,0.432632,0.337780,0.235038,0.012231,0.277691,0.144694,0.006714,0.565868,0.959044,0.739870,0.278243,0.468303,0.336872,0.250147,13.649080,20.534162,0.605711,0.277730,0.810794,0.845837,0.702662,0.715478,0.949817,0.965595,0.862788,0.402086,0.044089,37.022688,0.002970,0.006224,6.500073,0.004895,0.004894,0.000915,0.001934,7257657.154007,0.000000
-21025056.122544,1785579.424851,96250499.762431,51.929135,-1.410826,0.950268,0.976198,0.869701,0.069348,0.869813,0.935812,0.340233,0.247936,0.209695,0.140504,0.840090,0.391561,0.247236,0.163687,0.387792,0.777044,0.598868,0.886790,0.052403,0.335619,0.211252,0.476728,0.275119,0.076905,0.618996,0.609139,0.865106,0.960287,0.995598,0.422622,0.190555,0.216232,12.676653,1.712948,0.397526,0.186449,0.658052,0.777999,0.578464,0.677943,0.809318,0.929253,0.756058,0.613832,0.102312,28.070865,0.001041,0.005105,14.269262,0.004293,0.004312,0.000378,0.002471,21025056.122544,0.000000
-15760870.448128,1326331.624023,79076800.851557,54.903688,-1.493359,0.695875,0.756384,0.874544,0.145832,0.196083,0.939035,0.357661,0.354600,0.286080,0.237641,0.598458,0.474283,0.272595,0.754107,0.223544,0.789920,0.317199,0.214092,0.430595,0.508925,0.219062,0.001773,0.397403,0.303289,0.007917,0.694609,0.852102,0.960243,0.277395,0.442838,0.163234,0.200767,13.744741,20.592749,0.468749,0.208207,0.725755,0.830023,0.645217,0.664874,0.848688,0.938042,0.775383,0.332514,0.051742,25.096312,0.001455,0.002428,7.816973,0.004376,0.004390,0.000444,0.002405,15760870.448128,0.000000
-8401242.123441,1535160.996881,62917971.316346,38.117772,-1.950150,0.900821,0.973099,0.493983,0.691254,0.578591,0.716443,0.668068,0.483044,0.659341,0.095113,0.692146,0.417582,0.770872,0.383264,0.222534,0.581106,0.338198,0.978439,0.446668,0.439059,0.231260,0.214575,0.399699,0.074174,0.023774,0.778108,0.996147,0.943761,0.676129,0.442637,0.326839,0.103228,12.547244,19.894477,0.342211,0.277407,0.750626,0.768611,0.610399,0.623664,0.743988,0.774320,0.857747,0.494482,0.114164,41.882228,0.001392,0.003884,10.519887,0.004565,0.004555,0.000802,0.002047,8401242.123441,0.000000
-5777053.739666,1318333.486672,39964106.503907,38.742103,-0.773514,0.738541,0.676922,0.331095,0.059048,0.155523,0.692401,0.734288,0.342619,0.421523,0.771518,0.447560,0.461435,0.351174,0.189065,0.319995,0.810832,0.621132,0.076941,0.334583,0.663276,0.462428,0.892383,0.300232,0.076576,0.037148,0.748661,0.925955,0.953884,0.987780,0.307400,0.354470,0.222022,8.199755,18.820304,0.496174,0.281198,0.767240,0.735419,0.670814,0.644710,0.904605,0.879263,0.538611,0.611089,0.333333,41.257897,0.003851,0.003535,1.335952,0.004313,0.004337,0.000783,0.002066,5777053.739666,0.000000
-9400205.363203,1413483.108426,59377555.686021,39.001347,-0.279715,0.956372,0.760072,0.809146,0.068888,0.227687,0.759646,0.736932,0.518716,0.188615,0.203086,0.759105,0.299233,0.270600,0.153235,0.890885,0.574907,0.589971,0.984663,0.428460,0.504768,0.124972,0.628022,0.909731,0.079383,0.041435,0.030618,0.850764,0.962296,0.234260,0.278468,0.259315,0.102901,10.799483,18.984233,0.585320,0.198275,0.667527,0.700154,0.429445,0.455396,0.659578,0.720519,0.244001,0.315042,0.573005,40.998653,0.001509,0.021504,6.557735,0.004515,0.004528,0.000841,0.002008,9400205.363203,0.000000
-12010594.288683,1327689.633682,76098417.715351,54.882982,-1.352030,0.818341,0.758554,0.304392,0.420756,0.801308,0.942455,0.407862,0.501903,0.022393,0.322956,0.768380,0.674250,0.769631,0.780953,0.633532,0.779489,0.790497,0.645091,0.052403,0.000190,0.110886,0.145860,0.266645,0.302206,0.008468,0.652573,0.934362,0.898188,0.498124,0.442307,0.095493,0.249582,11.868417,20.447939,0.093451,0.187964,0.676045,0.843353,0.573475,0.733714,0.531272,0.859562,0.741285,0.439382,0.088298,25.117018,0.010828,0.001090,4.735137,0.004336,0.004356,0.000687,0.002162,12010594.288683,0.000000
-15404647.383939,1441263.264598,74140053.634548,58.645251,-1.473634,0.782702,0.977325,0.719094,0.071498,0.799125,0.941040,0.669151,0.348838,0.178302,0.386051,0.690618,0.384105,0.792508,0.129462,0.387846,0.767617,0.442070,0.105844,0.762982,0.712033,0.088723,0.162552,0.549485,0.289375,0.154472,0.080646,0.928998,0.975941,0.677840,0.400574,0.267416,0.225232,13.457028,16.052618,0.565749,0.182854,0.731891,0.772503,0.648117,0.682056,0.867484,0.916842,0.770908,0.483941,0.185989,21.354749,0.001848,0.001138,12.035590,0.004833,0.004842,0.000723,0.002126,15404647.383939,0.000000
-13633997.796252,1648331.447897,86393058.828444,42.930995,-1.840695,0.923565,0.974013,0.867840,0.064773,0.210962,0.625157,0.893927,0.336655,0.204856,0.816782,0.578128,0.464639,0.330312,0.143469,0.317576,0.682696,0.598734,0.077283,0.293089,0.807122,0.109549,0.164564,0.396282,0.026978,0.433219,0.093034,0.931104,0.952676,0.642904,0.458421,0.273345,0.223262,14.497987,7.546332,0.743493,0.217694,0.687843,0.762272,0.600460,0.664318,0.820929,0.888549,0.841293,0.478295,0.052623,37.069005,0.002298,0.000886,9.288752,0.004292,0.004311,0.000725,0.002124,13633997.796252,0.000000
-7843782.998475,1470554.398222,55467150.156514,34.340459,-0.627432,0.901257,0.855962,0.869420,0.064949,0.139944,0.756370,0.666756,0.474521,0.213966,0.393956,0.469239,0.392255,0.284407,0.371804,0.392736,0.779123,0.572156,0.979828,0.293756,0.022936,0.251061,0.201717,0.299718,0.022461,0.030956,0.855282,0.934154,0.954614,0.458062,0.287329,0.150578,0.214586,13.088009,19.635222,0.747334,0.219657,0.706142,0.737148,0.618421,0.644618,0.847290,0.874085,0.466039,0.405060,0.584289,45.659541,0.001976,0.010315,7.334245,0.004324,0.004333,0.000746,0.002103,7843782.998475,0.000000
-7826452.088944,1432598.327387,53712673.459434,35.506955,-1.669195,0.688407,0.778770,0.803764,0.015278,0.769297,0.950840,0.668188,0.342139,0.402860,0.114581,0.739453,0.297502,0.329313,0.747575,0.213088,0.785353,0.583518,0.374207,0.269964,0.506139,0.220106,0.591199,0.546130,0.042164,0.011734,0.447963,0.930638,0.748403,0.633056,0.430263,0.301895,0.251162,10.804347,19.884699,0.681560,0.261940,0.791233,0.799056,0.699414,0.706134,0.937134,0.941271,0.811601,0.527777,0.113797,44.493045,0.001380,0.006660,7.238109,0.004561,0.004538,0.000425,0.002424,7826452.088944,0.000000
-17498199.365474,1467381.887144,79924946.606549,61.555531,-1.585485,0.738241,0.972355,0.491526,0.064563,0.787028,0.804419,0.443798,0.207655,0.353539,0.393111,0.755126,0.672191,0.254168,0.169676,0.928239,0.468439,0.599948,0.965225,0.438831,0.504568,0.234124,0.476890,0.399641,0.300134,0.213556,0.858426,0.852084,0.960186,0.675963,0.458299,0.298596,0.238662,11.552847,13.983741,0.486251,0.220646,0.725057,0.809892,0.640353,0.710647,0.900828,0.949904,0.795151,0.488661,0.019907,18.444469,0.003070,0.009851,9.859375,0.004909,0.004924,0.000839,0.002010,17498199.365474,0.000000
-15660598.630057,1372450.564679,77537054.139844,54.922084,-1.493359,0.695875,0.756060,0.882080,0.058825,0.196083,0.939035,0.356246,0.357727,0.288867,0.237641,0.598458,0.474283,0.272510,0.754107,0.223544,0.780006,0.775800,0.991279,0.430595,0.017180,0.109605,0.064163,0.397403,0.303289,0.007917,0.611082,0.852102,0.974354,0.277395,0.442838,0.163234,0.200838,13.515327,20.551413,0.369349,0.194307,0.731617,0.814141,0.636656,0.642648,0.821608,0.925603,0.775383,0.328487,0.051742,25.077916,0.001506,0.006549,7.540717,0.004398,0.004405,0.000426,0.002423,15660598.630057,0.000000
-9383260.335351,1566686.974024,61168868.740073,35.468406,-0.564440,0.933576,0.960604,0.829382,0.367155,0.798128,0.745609,0.797257,0.514488,0.209343,0.199668,0.754704,0.307408,0.282660,0.827570,0.394941,0.812675,0.766247,0.971412,0.023044,0.513578,0.113193,0.021399,0.399379,0.034847,0.041428,0.641987,0.938198,0.962235,0.282684,0.278849,0.258534,0.215272,14.258545,19.497940,0.644949,0.217928,0.676262,0.691172,0.589064,0.601872,0.814231,0.828175,0.431321,0.334013,0.492068,44.531594,0.000711,0.000504,11.440666,0.004825,0.004821,0.000839,0.002010,9383260.335351,0.000000
-6002167.693727,1380650.033954,42193623.205380,37.828687,-1.323559,0.736920,0.960411,0.284428,0.075737,0.831335,0.950817,0.662513,0.516187,0.210168,0.310294,0.746935,0.653579,0.327046,0.275182,0.452104,0.583942,0.767984,0.427317,0.786178,0.291007,0.111721,0.194470,0.308780,0.074648,0.009615,0.612339,0.850894,0.974776,0.674002,0.416191,0.299063,0.105033,13.014979,20.265572,0.529576,0.287313,0.799766,0.773695,0.660831,0.680892,0.821722,0.841340,0.733814,0.482847,0.110971,42.171313,0.006763,0.013475,3.119890,0.004644,0.004664,0.000848,0.002001,6002167.693727,0.000000
-9762678.615346,1588821.561401,62432762.498802,38.221006,-1.783187,0.953379,0.972996,0.859204,0.163856,0.321059,0.683735,0.668954,0.497400,0.226529,0.121039,0.748733,0.381778,0.928209,0.749784,0.454855,0.779995,0.768018,0.990974,0.267602,0.677631,0.116006,0.601223,0.292050,0.078098,0.011802,0.021598,0.941572,0.987014,0.641668,0.468037,0.257679,0.251659,11.087770,19.940753,0.650577,0.224619,0.755662,0.813588,0.661497,0.710026,0.881496,0.927101,0.831898,0.466125,0.037469,41.778994,0.003796,0.011320,10.522447,0.004910,0.004909,0.000894,0.001955,9762678.615346,0.000000
-11812343.918397,1486032.489561,79674278.492188,39.048676,-0.990469,0.741121,0.961217,0.876950,0.642054,0.147809,0.755032,0.668656,0.513506,0.320746,0.310584,0.744660,0.389102,0.291606,0.376730,0.466475,0.575422,0.570914,0.436023,0.017345,0.479705,0.109483,0.595957,0.712686,0.079459,0.043534,0.175839,0.937465,0.962355,0.695390,0.466106,0.158173,0.215172,10.988519,18.981905,0.760956,0.206496,0.612772,0.767840,0.526441,0.656507,0.585117,0.811204,0.628598,0.495511,0.039642,40.951324,0.001503,0.000185,10.999546,0.004734,0.004721,0.000583,0.002266,11812343.918397,0.000000
-19632491.521922,1919879.867563,91298391.694341,52.036343,-1.992845,0.743183,0.984046,0.839120,0.699765,0.779203,0.142553,0.667867,0.337726,0.350993,0.772948,0.806253,0.414777,0.886661,0.263831,0.994542,0.583882,0.593955,0.408116,0.307350,0.312615,0.464812,0.003337,0.972504,0.074641,0.638224,0.611189,0.968123,0.966220,0.995774,0.464531,0.164286,0.237892,13.861416,1.584989,0.126271,0.168471,0.722668,0.824590,0.614525,0.709856,0.770657,0.910718,0.863693,0.599257,0.055445,27.963657,0.000685,0.005472,4.782150,0.004008,0.004016,0.000296,0.002553,19632491.521922,0.000000
-12236641.732509,1569826.616639,65192816.781219,48.402191,-0.832024,0.743518,0.973817,0.493174,0.664092,0.794732,0.724247,0.666529,0.590011,0.350936,0.830899,0.589726,0.414923,0.280618,0.990387,0.888112,0.785081,0.599278,0.977637,0.301079,0.494711,0.111949,0.489704,0.975029,0.124985,0.279297,0.614625,0.941548,0.974857,0.466218,0.308498,0.162495,0.096992,11.982064,11.992166,0.077235,0.161359,0.631235,0.646994,0.439507,0.450994,0.501702,0.550042,0.564832,0.401890,0.495786,31.597809,0.001816,0.010144,9.676347,0.003785,0.003818,0.000319,0.002530,12236641.732509,0.000000
-13317272.626541,1299170.602323,88678368.323716,54.844583,-1.199234,0.794312,0.763873,0.728229,0.126763,0.174372,0.745500,0.331029,0.155358,0.313178,0.384827,0.756986,0.475640,0.278593,0.366541,0.229511,0.465842,0.682874,0.075149,0.866920,0.471179,0.229726,0.145318,0.386910,0.299617,0.013231,0.682099,0.856103,0.969251,0.292934,0.394612,0.261729,0.203364,12.992719,20.287191,0.495566,0.236071,0.653739,0.817615,0.582446,0.701713,0.835186,0.949106,0.698575,0.336004,0.167057,25.155417,0.002581,0.001126,6.135993,0.004642,0.004655,0.000727,0.002122,13317272.626541,0.000000
-11961810.213038,1270840.718278,69582164.277252,56.035401,-1.510550,0.792301,0.855413,0.367379,0.061840,0.801026,0.693030,0.677735,0.339604,0.297741,0.386412,0.571679,0.317643,0.330995,0.188566,0.222546,0.765704,0.570359,0.120785,0.300348,0.745742,0.104963,0.455931,0.913136,0.299035,0.048128,0.639597,0.855962,0.959032,0.675252,0.443594,0.259334,0.103603,11.131883,18.957465,0.577158,0.251661,0.744873,0.799770,0.661302,0.701451,0.825042,0.855910,0.779212,0.488785,0.051798,23.964599,0.003761,0.005858,3.763098,0.004640,0.004653,0.000874,0.001975,11961810.213038,0.000000
-5391511.136198,1497746.453914,39820648.115793,33.628459,-1.755480,0.655642,0.973140,0.354254,0.058500,0.834660,0.857666,0.886421,0.533425,0.403873,0.325841,0.570612,0.660791,0.882830,0.167112,0.894563,0.683936,0.777779,0.925005,0.437104,0.082224,0.235170,0.171646,0.387364,0.009870,0.043712,0.084029,0.931153,0.735121,0.450226,0.444083,0.436262,0.216078,13.273445,19.245319,0.647396,0.264759,0.832753,0.787309,0.683907,0.695552,0.941928,0.936001,0.827176,0.477607,0.014885,46.371541,0.003115,0.020444,8.720970,0.005008,0.005017,0.000900,0.001949,5391511.136198,0.000000
-13532371.284187,1841118.877437,66627094.431174,50.531392,-1.892549,0.927915,0.973064,0.862838,0.059209,0.778229,0.956077,0.897285,0.487672,0.213211,0.212020,0.913204,0.450504,0.919283,0.377305,0.408853,0.574738,0.597901,0.911835,0.266512,0.774415,0.229424,0.596100,0.719319,0.066079,0.605111,0.683119,0.928983,0.956444,0.449320,0.468498,0.159450,0.100651,12.352593,2.092498,0.225890,0.160950,0.538917,0.554235,0.325089,0.337129,0.333463,0.357788,0.849313,0.401053,0.031401,29.468608,0.004627,0.008332,14.034443,0.004412,0.004423,0.000384,0.002465,13532371.284187,0.000000
-12530155.858773,1370902.438713,65862253.020943,68.318430,-1.839793,0.677765,0.856490,0.496443,0.001697,0.830271,0.742589,0.443798,0.490326,0.399662,0.337232,0.616548,0.678656,0.874025,0.818161,0.888969,0.771335,0.587751,0.981765,0.446981,0.286212,0.236898,0.198237,0.400742,0.478958,0.011938,0.686631,0.960843,0.960334,0.995197,0.442554,0.298601,0.210107,12.268706,20.361065,0.283873,0.195747,0.778882,0.838848,0.690927,0.740777,0.930737,0.957355,0.841150,0.599801,0.099153,11.681570,0.017849,0.030402,8.275646,0.004936,0.004936,0.000900,0.001949,12530155.858773,0.000000
-8763032.253953,1769466.511673,61717237.383392,33.666449,-1.534720,0.954796,0.975401,0.901191,0.674239,0.245375,0.715577,0.887187,0.289759,0.403751,0.325864,0.735539,0.677158,0.883024,0.842335,0.894825,0.772759,0.580455,0.923587,0.435649,0.016117,0.214320,0.003445,0.551470,0.010296,0.045487,0.083114,0.931152,0.735494,0.450457,0.408844,0.335219,0.215891,14.394323,19.411221,0.478064,0.196736,0.752921,0.765131,0.596725,0.606193,0.881766,0.890781,0.784484,0.477566,0.165729,46.333551,0.006508,0.014303,11.126431,0.004686,0.004685,0.000872,0.001977,8763032.253953,0.000000
-10085928.139567,1283198.717283,64489784.471546,43.228521,-0.280056,0.684493,0.761179,0.699157,0.053154,0.852003,0.721094,0.449619,0.345716,0.169296,0.843102,0.595372,0.298444,0.263385,0.159889,0.390069,0.787743,0.329997,0.421932,0.308048,0.296805,0.103771,0.022711,0.280297,0.147017,0.009591,0.650271,0.860593,0.741345,0.452066,0.274979,0.162272,0.104017,13.920528,20.436977,0.731815,0.194255,0.645885,0.758483,0.568357,0.625273,0.773323,0.828846,0.244259,0.476056,0.596150,36.771479,0.001788,0.009974,5.823766,0.004483,0.004502,0.000805,0.002044,10085928.139567,0.000000
-10671781.548673,1527227.035806,71624684.276485,38.030618,-1.503097,0.685736,0.768080,0.820673,0.678992,0.648648,0.958330,0.691494,0.593951,0.335230,0.353502,0.738546,0.429527,0.905303,0.730204,0.455229,0.780575,0.315067,0.423047,0.326780,0.030346,0.123819,0.152042,0.306379,0.076822,0.011685,0.615286,0.860612,0.958866,0.237345,0.439864,0.157121,0.201168,13.209139,20.319309,0.279545,0.211811,0.739442,0.769355,0.565107,0.577420,0.818787,0.894094,0.777560,0.317212,0.061775,41.969382,0.004884,0.006722,9.451301,0.004291,0.004303,0.000471,0.002378,10671781.548673,0.000000
-12806850.728453,1338372.459403,68299722.161628,54.863578,-0.817485,0.797376,0.980851,0.802349,0.065944,0.252231,0.582498,0.676752,0.523262,0.198848,0.136346,0.432224,0.307283,0.309555,0.763233,0.260329,0.702249,0.455141,0.421101,0.314757,0.300099,0.109710,0.637663,0.282982,0.287373,0.038014,0.720324,0.930126,0.966176,0.231671,0.311107,0.261773,0.097547,10.595109,19.170135,0.598506,0.197929,0.689841,0.712784,0.474566,0.486427,0.689791,0.737706,0.558459,0.312946,0.478361,25.136422,0.001685,0.006545,7.342327,0.004616,0.004617,0.000659,0.002191,12806850.728453,0.000000
-19692860.337840,2015031.473892,86258564.876857,47.468125,-1.618435,0.909987,0.981706,0.805546,0.677239,0.772550,0.785163,0.664362,0.347050,0.209502,0.775708,0.760222,0.313153,0.911013,0.110964,0.389697,0.777559,0.602461,0.983007,0.453688,0.505090,0.232082,0.002906,0.383874,0.025657,0.662529,0.011775,0.951229,0.856160,0.596022,0.411982,0.332229,0.215990,14.032657,0.828108,0.140372,0.159030,0.702904,0.746987,0.592300,0.597670,0.859812,0.868040,0.801791,0.493767,0.167068,32.531875,0.000160,0.009531,12.925152,0.003511,0.003498,0.000311,0.002538,19692860.337840,0.000000
-3869311.665026,1428000.486267,38300356.346352,32.870580,-1.477187,0.658000,0.846277,0.303867,0.066078,0.789094,0.125955,0.666615,0.345826,0.400826,0.681175,0.693913,0.415728,0.886835,0.177407,0.884404,0.441080,0.687707,0.981576,0.332217,0.016006,0.126637,0.006628,0.545096,0.009433,0.008471,0.606600,0.929547,0.975601,0.574882,0.400848,0.289816,0.254702,13.843467,20.413926,0.516427,0.299889,0.821830,0.822285,0.722744,0.723405,0.950952,0.951012,0.771721,0.443968,0.185532,47.129420,0.003284,0.010998,1.938181,0.004845,0.004857,0.000960,0.001889,3869311.665026,0.000000
-12422441.833298,1537277.944447,84300957.883916,41.936255,-1.946635,0.654153,0.973064,0.861056,0.689327,0.779679,0.952899,0.987926,0.268196,0.288692,0.242144,0.693852,0.378927,0.311758,0.257747,0.364205,0.780099,0.575322,0.365287,0.304189,0.429305,0.106717,0.225533,0.392086,0.079020,0.174632,0.695478,0.948045,0.749509,0.646143,0.467429,0.165105,0.216156,13.253564,15.332008,0.541537,0.213945,0.726759,0.762885,0.613903,0.678179,0.809139,0.891894,0.857246,0.521856,0.041334,38.063745,0.000671,0.005255,8.512717,0.004131,0.004108,0.000051,0.002798,12422441.833298,0.000000
-18406808.586368,1470201.771886,84293984.090484,61.483546,-0.791219,0.960333,0.972580,0.699330,0.058992,0.157835,0.716951,0.443786,0.233026,0.313494,0.102165,0.757363,0.398177,0.894928,0.135063,0.387722,0.717457,0.580718,0.403257,0.317754,0.027480,0.240244,0.492908,0.276034,0.300776,0.209568,0.651035,0.930497,0.947103,0.644679,0.307795,0.259765,0.098798,11.573093,14.116806,0.468557,0.175806,0.628164,0.751494,0.554190,0.601499,0.675863,0.728986,0.546708,0.480921,0.492165,18.516454,0.002158,0.008595,10.714044,0.004810,0.004805,0.000841,0.002008,18406808.586368,0.000000
-12622867.706017,1664223.673813,84399693.382990,38.442786,-1.427961,0.920629,0.780391,0.879672,0.689528,0.224402,0.950143,0.449606,0.550001,0.227356,0.859377,0.741205,0.345390,0.878158,0.177401,0.224933,0.778110,0.329197,0.435764,0.434954,0.778747,0.102997,0.165076,0.389758,0.026229,0.217548,0.650989,0.931045,0.937997,0.631950,0.392761,0.163897,0.216098,13.546524,14.069385,0.267345,0.206502,0.683231,0.798180,0.604446,0.683074,0.801517,0.921722,0.760203,0.479061,0.207773,41.557214,0.000344,0.004864,11.140911,0.003939,0.003962,0.000633,0.002216,12622867.706017,0.000000
-8979045.198039,1404905.043167,55080431.516733,41.347116,-0.280644,0.685719,0.768033,0.699157,0.045604,0.660605,0.859662,0.886537,0.335278,0.166425,0.355721,0.759996,0.298444,0.882546,0.159889,0.390069,0.787773,0.611863,0.912809,0.326746,0.030297,0.226219,0.022711,0.305759,0.121284,0.011661,0.650276,0.860773,0.741345,0.241369,0.274979,0.330895,0.104017,13.990063,20.396534,0.475791,0.209138,0.683554,0.691036,0.476162,0.497157,0.731537,0.770069,0.244703,0.385780,0.297164,38.652884,0.002932,0.015592,9.009711,0.004702,0.004711,0.000684,0.002165,8979045.198039,0.000000
-5428957.279657,1341342.077357,40988006.786241,35.911469,-0.635033,0.733574,0.974062,0.318759,0.166829,0.321059,0.695830,0.662211,0.496170,0.226529,0.117168,0.738930,0.383751,0.331172,0.752378,0.454855,0.575184,0.686234,0.413640,0.267602,0.679262,0.107388,0.601223,0.716646,0.048947,0.006662,0.030587,0.930677,0.986991,0.623189,0.423892,0.157262,0.251156,10.898759,19.999429,0.331843,0.232780,0.737166,0.742044,0.636083,0.640635,0.787379,0.781256,0.470082,0.458969,0.128705,44.088531,0.008049,0.013398,1.509423,0.004194,0.004208,0.000579,0.002270,5428957.279657,0.000000
-10277798.883331,1279549.336087,61124840.323405,55.528067,-1.548365,0.904108,0.974412,0.296286,0.064939,0.765712,0.945010,0.448032,0.161152,0.108036,0.358937,0.449112,0.651502,0.307901,0.733322,0.900361,0.774726,0.334299,0.993755,0.352424,0.710772,0.129967,0.036163,0.384228,0.312105,0.006501,0.709771,0.952733,0.898580,0.293053,0.400541,0.094980,0.247988,13.108761,20.568403,0.242788,0.199536,0.746962,0.807519,0.631508,0.712804,0.621627,0.803396,0.787405,0.356931,0.197240,24.471933,0.007527,0.014705,1.788767,0.004642,0.004662,0.000842,0.002007,10277798.883331,0.000000
-14927488.550433,1490693.526388,75172034.121778,68.727142,-2.102730,0.738806,0.977325,0.725883,0.078544,0.798614,0.707134,0.666923,0.299629,0.556841,0.378960,0.689232,0.415456,0.735495,0.266352,0.165663,0.801331,0.687659,0.795392,0.331864,0.462970,0.237791,0.939900,0.307289,0.410184,0.153173,0.639145,0.996199,0.975595,0.975229,0.468450,0.331494,0.225083,9.418631,15.506079,0.381746,0.202193,0.770320,0.820016,0.684399,0.725705,0.927502,0.953737,0.877877,0.592041,0.058992,11.272858,0.004795,0.004313,9.609793,0.004708,0.004679,0.000554,0.002295,14927488.550433,0.000000
-18266128.781411,1863483.167272,78416994.657419,52.060356,-1.739692,0.737732,0.973090,0.861141,0.184212,0.760092,0.952670,0.403466,0.484565,0.352469,0.794848,0.572335,0.414717,0.894799,0.369289,0.361156,0.777432,0.593669,0.973673,0.125711,0.667450,0.112644,0.230183,0.395108,0.078990,0.617571,0.612394,0.968311,0.881350,0.634873,0.422588,0.298619,0.234046,13.671754,2.005370,0.169233,0.185013,0.732245,0.797298,0.643466,0.659096,0.898539,0.914004,0.824425,0.500371,0.148683,27.939644,0.003406,0.010076,12.222985,0.003794,0.003809,0.000178,0.002671,18266128.781411,0.000000
-13792177.859537,1737097.866608,71685486.920671,42.917714,-1.866264,0.697763,0.974107,0.869966,0.064773,0.794850,0.625157,0.928605,0.334400,0.627922,0.816782,0.828405,0.464561,0.894557,0.143469,0.321527,0.715262,0.598621,0.077283,0.329716,0.306254,0.248289,0.051489,0.396282,0.027039,0.433304,0.442356,0.939082,0.952676,0.977783,0.458476,0.273442,0.223262,15.311571,7.646148,0.451775,0.222874,0.759296,0.758659,0.669066,0.668816,0.920989,0.920443,0.845299,0.605370,0.055837,37.082286,0.002298,0.000977,9.028300,0.004450,0.004422,0.000339,0.002510,13792177.859537,0.000000
-14093091.357395,1631974.197612,72870179.162161,43.172169,-1.996586,0.752731,0.978332,0.867811,0.677417,0.214257,0.694193,0.663689,0.570180,0.205394,0.095052,0.934223,0.425736,0.339367,0.503708,0.550232,0.752254,0.265189,0.219344,0.293423,0.680586,0.110709,0.523771,0.546229,0.080941,0.218907,0.691147,0.965689,0.948334,0.637848,0.466491,0.273346,0.183887,11.886099,13.766960,0.499887,0.238597,0.767758,0.807414,0.662308,0.670223,0.892709,0.902038,0.864202,0.477806,0.050460,36.827831,0.001860,0.002263,11.411179,0.004564,0.004543,0.000427,0.002422,14093091.357395,0.000000
-5474503.703530,1566080.425926,51404984.689969,32.499426,-1.510713,0.950063,0.977334,0.716833,0.065886,0.798048,0.154493,0.643552,0.345755,0.179455,0.368265,0.666414,0.674138,0.305340,0.244109,0.388737,0.779835,0.767591,0.983006,0.764844,0.704983,0.248644,0.144017,0.300288,0.004617,0.006741,0.695793,0.942764,0.955750,0.632883,0.399596,0.330868,0.106735,13.593430,20.403112,1.003682,0.288612,0.747171,0.772258,0.600876,0.620629,0.757434,0.790562,0.779247,0.473303,0.195042,47.500574,0.003484,0.009057,5.398454,0.004976,0.004978,0.000997,0.001852,5474503.703530,0.000000
-10590235.684686,1384024.004650,57228511.014866,58.619773,-1.537040,0.787431,0.975748,0.326145,0.071622,0.799122,0.942440,0.666646,0.499965,0.401277,0.679679,0.690618,0.657366,0.779672,0.752615,0.898767,0.775007,0.703294,0.105844,0.436042,0.419684,0.094825,0.005709,0.554288,0.289411,0.154994,0.642775,0.934599,0.975941,0.677840,0.467513,0.095534,0.225303,13.167432,16.146674,0.211264,0.185271,0.756064,0.808056,0.642292,0.694071,0.682612,0.762805,0.784983,0.483941,0.035656,21.380227,0.018421,0.007185,5.498708,0.004753,0.004765,0.000932,0.001917,10590235.684686,0.000000
-8429587.845923,1311524.794194,58231474.595340,54.827799,-1.778545,0.960121,0.973994,0.308006,0.066132,0.793009,0.718246,0.669214,0.587611,0.405097,0.386410,0.571679,0.309387,0.330995,0.147435,0.320772,0.765704,0.572289,0.987876,0.322002,0.049515,0.110250,0.634853,0.281384,0.299189,0.009324,0.500858,0.941911,0.952134,0.668105,0.442271,0.259334,0.198219,10.061963,20.019812,0.404298,0.234413,0.792797,0.815863,0.703422,0.722753,0.938831,0.950688,0.831116,0.488385,0.091628,25.172201,0.002385,0.007048,3.422633,0.004619,0.004639,0.000808,0.002041,8429587.845923,0.000000
-17821554.066069,1402024.809696,87252860.259119,75.686066,-1.519136,0.738241,0.766243,0.495578,0.059632,0.766654,0.954449,0.448960,0.206403,0.348403,0.333128,0.755126,0.681453,0.254168,0.169676,0.941296,0.447081,0.684305,0.984627,0.777856,0.501860,0.101880,0.476872,0.399524,0.464834,0.218970,0.651305,0.860376,0.960186,0.675963,0.442631,0.298596,0.248571,11.187900,13.880128,0.122405,0.176439,0.699920,0.806726,0.619999,0.708507,0.880965,0.947175,0.781099,0.488661,0.055742,4.313934,0.003066,0.013239,10.047466,0.004644,0.004655,0.000791,0.002058,17821554.066069,0.000000
-6780779.383301,1292122.798036,44153741.208057,42.018030,-0.253615,0.686054,0.968981,0.281641,0.010003,0.787142,0.950840,0.734590,0.346870,0.316645,0.366037,0.593802,0.289216,0.878133,0.154708,0.201550,0.809156,0.335442,0.422976,0.431591,0.508658,0.236014,0.022711,0.308105,0.130206,0.011661,0.858032,0.852152,0.737381,0.233330,0.275103,0.261656,0.104017,13.461156,20.358704,0.470669,0.219823,0.729337,0.682478,0.538186,0.566458,0.805313,0.822897,0.224009,0.383667,0.580250,37.981970,0.003927,0.007346,2.547872,0.004831,0.004843,0.000887,0.001962,6780779.383301,0.000000
-5297412.605673,1184594.388152,54368729.884867,55.836207,-0.530913,0.747826,0.741236,0.310551,0.063958,0.152791,0.735940,0.676533,0.731656,0.307923,0.370453,0.744218,0.284194,0.285533,0.270686,0.220925,0.576274,0.574370,0.993725,0.429988,0.296409,0.108213,0.088638,0.728099,0.302583,0.037066,0.028868,0.937655,0.959240,0.518878,0.464815,0.158974,0.215191,10.566499,19.609426,0.093353,0.176364,0.684714,0.751138,0.593405,0.649418,0.714891,0.796450,0.411932,0.427433,0.042315,24.163793,0.005896,0.005044,0.921714,0.003988,0.004007,0.000534,0.002315,5297412.605673,0.000000
-11590033.148109,1504163.478333,77957171.784685,38.649103,-0.904537,0.741121,0.964997,0.835687,0.698215,0.147809,0.754787,0.669004,0.513506,0.320667,0.311078,0.761966,0.389102,0.778568,0.177076,0.473034,0.519732,0.571013,0.436190,0.023405,0.297145,0.462755,0.595957,0.283338,0.074648,0.042222,0.175586,0.962057,0.962355,0.695390,0.398804,0.158173,0.104889,10.747870,19.027701,0.615206,0.189696,0.618507,0.745422,0.531140,0.597874,0.582870,0.701258,0.595271,0.495511,0.206248,41.350897,0.000337,0.000212,11.005513,0.004682,0.004674,0.000581,0.002268,11590033.148109,0.000000
-7526235.042884,1351705.053328,51568708.148972,39.254208,-0.257978,0.747289,0.979251,0.295368,0.360618,0.789655,0.759694,0.676827,0.508965,0.196513,0.197020,0.696207,0.334130,0.329728,0.194193,0.879760,0.566571,0.318218,0.232540,0.837122,0.315556,0.126999,0.014889,0.392998,0.084150,0.042017,0.644108,0.848955,0.747733,0.287482,0.276727,0.271738,0.109551,13.366632,19.442928,0.304335,0.219044,0.696594,0.710175,0.534498,0.562734,0.787646,0.830774,0.227388,0.403339,0.537935,40.745792,0.000976,0.009802,1.646328,0.003890,0.003925,0.000459,0.002390,7526235.042884,0.000000
-4582894.219688,1307162.285186,36041280.079382,34.782729,-0.675632,0.690618,0.775494,0.305180,0.063731,0.151254,0.756370,0.677888,0.474521,0.213966,0.386299,0.454429,0.392459,0.291606,0.181595,0.232496,0.781425,0.570325,0.979828,0.853456,0.034540,0.229838,0.202027,0.393438,0.028269,0.030956,0.855282,0.949358,0.954602,0.289831,0.287353,0.150578,0.238326,11.842688,19.562071,0.286071,0.254204,0.783428,0.751848,0.687879,0.661973,0.911158,0.885922,0.491165,0.339019,0.379077,45.217271,0.003475,0.007836,1.119758,0.004288,0.004302,0.000654,0.002195,4582894.219688,0.000000
-5783006.133985,1292358.700774,44090814.448783,41.471401,-0.839907,0.742931,0.769003,0.282312,0.071130,0.779643,0.127586,0.930281,0.337759,0.599749,0.884794,0.569211,0.414868,0.302351,0.372048,0.884542,0.584027,0.593678,0.405303,0.301194,0.496231,0.098511,0.155484,0.972177,0.124470,0.005842,0.612390,0.861386,0.934752,0.995350,0.396439,0.162511,0.238000,12.755382,20.412561,0.448585,0.247384,0.798430,0.782457,0.703268,0.690348,0.890498,0.913318,0.707329,0.623977,0.164816,38.528599,0.010417,0.021862,0.839907,0.004440,0.004466,0.000727,0.002122,5783006.133985,0.000000
-5741714.483111,1339232.776854,41686488.262170,38.224285,-2.011605,0.743185,0.847848,0.284005,0.070957,0.805069,0.724135,0.667867,0.337726,0.350993,0.795190,0.568718,0.414777,0.884609,0.364957,0.246912,0.591385,0.594282,0.405303,0.340921,0.496231,0.111624,0.493130,0.965410,0.079092,0.009633,0.612390,0.968120,0.960184,0.453211,0.467777,0.164286,0.252329,11.335802,20.005666,0.425449,0.286137,0.833941,0.829199,0.723512,0.737214,0.902510,0.922249,0.866226,0.401403,0.048861,41.775715,0.009527,0.006074,2.968543,0.004711,0.004724,0.000893,0.001956,5741714.483111,0.000000
-2859673.614229,1389323.285687,46804112.259282,32.998035,-2.002375,0.552650,0.974498,0.367714,0.034863,0.774832,0.761219,0.024184,0.796120,0.315622,0.239780,0.625567,0.473447,0.331999,0.172394,0.402737,0.577179,0.345095,0.569536,0.302616,0.664146,0.246080,0.797332,0.086766,0.010981,0.001966,0.694376,0.967860,0.885997,0.994576,0.466318,0.264255,0.220055,9.545639,19.957184,0.879804,0.318337,0.823917,0.828886,0.730519,0.734860,0.955885,0.958068,0.864986,0.568028,0.051702,47.001965,0.003895,0.014012,4.172953,0.004815,0.004796,0.000651,0.002198,2859673.614229,0.000000
-20458313.554133,1896016.070914,113437804.165722,51.794446,-1.698549,0.843099,0.977649,0.840674,0.703418,0.762811,0.756665,0.144567,0.243202,0.179018,0.159137,0.909442,0.364002,0.254272,0.369065,0.547772,0.779893,0.741758,0.974287,0.337752,0.752728,0.211307,0.062626,0.625403,0.076594,0.618187,0.974155,0.955174,0.739770,0.959237,0.422588,0.297001,0.104802,13.509423,2.108709,0.172802,0.192477,0.629376,0.731166,0.557735,0.607493,0.629548,0.692320,0.817051,0.515454,0.142790,28.205554,0.000249,0.009733,12.228118,0.003983,0.004000,0.000113,0.002736,20458313.554133,0.000000
-18545178.171932,1783750.715630,78852140.116200,51.797870,-0.543311,0.791776,0.987431,0.852226,0.058992,0.765665,0.937095,0.664839,0.344090,0.311023,0.773747,0.815211,0.319618,0.292883,0.371671,0.318263,0.783280,0.567633,0.943310,0.758865,0.915808,0.465769,0.025122,0.396288,0.076756,0.617940,0.641605,0.852603,0.978284,0.668527,0.308152,0.260490,0.222337,14.491206,2.154586,0.286914,0.162973,0.620759,0.656591,0.531392,0.561600,0.775228,0.811247,0.419178,0.479513,0.444670,28.202130,0.000927,0.008977,13.524020,0.004356,0.004375,0.000379,0.002470,18545178.171932,0.000000
-11531057.978312,1849223.041836,74807137.202532,37.112435,-1.527599,0.954377,0.973095,0.897716,0.722776,0.243945,0.954130,0.980346,0.289759,0.414232,0.328915,0.741919,0.680532,0.906470,0.378772,0.894825,0.772759,0.580569,0.448156,0.435649,0.362761,0.214320,0.003250,0.546323,0.010296,0.219827,0.695563,0.928907,0.962246,0.994294,0.408844,0.331982,0.211038,14.810904,14.149634,0.416075,0.229985,0.716665,0.721364,0.627451,0.631631,0.886276,0.889471,0.782944,0.612544,0.164692,42.887565,0.001273,0.009470,15.278468,0.004427,0.004435,0.000736,0.002113,11531057.978312,0.000000
-19273175.450507,1979148.255279,84351717.517824,50.405874,-1.899766,0.904112,0.975313,0.836739,0.673701,0.778229,0.722971,0.443514,0.487672,0.213621,0.209646,0.837120,0.402605,0.917838,0.838475,0.408853,0.574738,0.597786,0.965845,0.266512,0.010849,0.113254,0.594940,0.727021,0.063761,0.610140,0.695475,0.931259,0.729687,0.691291,0.468498,0.159450,0.099975,12.481273,1.956817,0.071096,0.135790,0.566266,0.575952,0.405489,0.411199,0.282608,0.351803,0.850396,0.520133,0.032331,29.594126,0.003406,0.007854,11.173646,0.003935,0.003916,0.000122,0.002727,19273175.450507,0.000000
-10767401.657816,1823741.096355,67767325.888930,36.500405,-1.844215,0.916425,0.961403,0.835309,0.677414,0.802099,0.950863,0.980354,0.345412,0.350410,0.826556,0.594729,0.678642,0.770242,0.750576,0.868106,0.777216,0.574733,0.983006,0.438485,0.346734,0.229071,0.904876,0.690755,0.013984,0.165409,0.695478,0.952970,0.748720,0.265429,0.447385,0.331871,0.224840,9.882181,15.055449,0.374288,0.221704,0.721423,0.734746,0.533489,0.544024,0.867821,0.877904,0.841851,0.393581,0.085179,43.499595,0.005169,0.015049,14.750700,0.004298,0.004296,0.000740,0.002109,10767401.657816,0.000000
-14978416.461463,1609072.090837,69977121.633872,47.851660,-1.909651,0.697216,0.961485,0.838444,0.049462,0.147947,0.755032,0.668656,0.513506,0.320746,0.310634,0.744660,0.389102,0.291606,0.144617,0.468650,0.751162,0.570881,0.436598,0.292212,0.296434,0.464907,0.487237,0.710761,0.074650,0.449217,0.438761,0.939063,0.962429,0.695390,0.465932,0.157539,0.215089,12.261481,6.825444,0.637079,0.193600,0.725679,0.795324,0.616765,0.683759,0.762521,0.851933,0.851868,0.495485,0.040649,32.148340,0.002248,0.014377,10.473545,0.004375,0.004354,0.000268,0.002581,14978416.461463,0.000000
-6993298.596859,1307096.078579,55602824.236231,69.635300,-2.094021,0.738970,0.962912,0.365674,0.064697,0.803452,0.956835,0.732435,0.582886,0.406449,0.320408,0.651209,0.391367,0.338483,0.147958,0.189682,0.801407,0.621403,0.438432,0.306316,0.050755,0.487925,0.851908,0.311165,0.423017,0.150223,0.694163,0.996045,0.735226,0.632429,0.467023,0.332960,0.220652,8.319302,15.633784,0.381256,0.204588,0.817403,0.806409,0.725640,0.716810,0.952529,0.946981,0.876809,0.499245,0.061838,10.364700,0.002423,0.005422,6.141216,0.004654,0.004675,0.000784,0.002065,6993298.596859,0.000000
-18713419.561662,1875636.260850,81491425.403119,50.405874,-1.892549,0.903693,0.973007,0.836739,0.715492,0.701857,0.947961,0.443299,0.487672,0.315025,0.210783,0.913204,0.416639,0.917733,0.377305,0.412783,0.574738,0.597901,0.140630,0.266512,0.350465,0.115678,0.594940,0.719319,0.063761,0.610140,0.779455,0.928983,0.956177,0.694043,0.468498,0.159450,0.100651,12.363275,1.943167,0.161092,0.170517,0.615131,0.627035,0.458993,0.466607,0.402509,0.460744,0.849313,0.497153,0.031401,29.594126,0.001283,0.001075,13.632073,0.004001,0.003992,0.000154,0.002695,18713419.561662,0.000000
-10845588.067250,1604720.440384,69138220.542321,38.395890,-0.498683,0.738806,0.977318,0.877781,0.078658,0.799124,0.947340,0.666923,0.346495,0.103616,0.378750,0.694117,0.415456,0.734199,0.752529,0.165663,0.777173,0.686993,0.795392,0.332498,0.712033,0.132831,0.939900,0.396495,0.023510,0.219603,0.651158,0.929696,0.965338,0.474473,0.274585,0.094731,0.216198,9.740807,13.347867,0.497722,0.170080,0.640895,0.688480,0.560105,0.600140,0.484578,0.698818,0.392670,0.408101,0.638998,41.604110,0.003858,0.003979,9.948357,0.004489,0.004455,0.000365,0.002484,10845588.067250,0.000000
-11033651.558559,1486890.281341,70836019.973562,48.455245,-1.862298,0.744180,0.779219,0.354226,0.127824,0.743829,0.619074,0.353052,0.336193,0.311416,0.811624,0.568621,0.669490,0.335183,0.996426,0.229511,0.579136,0.683661,0.923726,0.837371,0.283868,0.230113,0.149481,0.396318,0.126220,0.280143,0.612390,0.942834,0.960184,0.291542,0.455788,0.435220,0.238352,11.983380,12.158753,0.085195,0.289093,0.752423,0.839328,0.666448,0.695246,0.916427,0.961828,0.844685,0.338072,0.062992,31.544755,0.009109,0.005060,4.998244,0.004369,0.004393,0.000685,0.002164,11033651.558559,0.000000
-14659180.724224,1690403.476524,87109716.319859,42.851789,-0.824476,0.697177,0.974013,0.867840,0.064773,0.245950,0.769097,0.664127,0.336655,0.204856,0.392295,0.828405,0.460762,0.770565,0.128624,0.324508,0.753202,0.598621,0.077283,0.289965,0.784417,0.110881,0.491744,0.393544,0.025502,0.433219,0.444103,0.939103,0.952676,0.642904,0.308519,0.273345,0.223262,12.801718,7.275055,0.586315,0.206160,0.597471,0.707713,0.523314,0.615333,0.743773,0.855238,0.561535,0.478295,0.494256,37.148211,0.001912,0.000943,10.003632,0.004303,0.004274,0.000209,0.002640,14659180.724224,0.000000
-7138606.420788,1392195.516652,49467833.036267,38.649103,-1.630894,0.738271,0.960977,0.498984,0.044685,0.147809,0.758127,0.665240,0.515298,0.320746,0.334010,0.744660,0.389090,0.291606,0.167167,0.468650,0.575422,0.683655,0.934020,0.023405,0.285984,0.283702,0.595957,0.712700,0.074648,0.042222,0.866442,0.852059,0.962355,0.695390,0.466106,0.158165,0.248859,10.800871,18.959043,0.785833,0.271060,0.806889,0.807839,0.711596,0.712638,0.918129,0.949396,0.804246,0.495511,0.004547,41.350897,0.003436,0.002391,8.067874,0.004831,0.004837,0.000931,0.001918,7138606.420788,0.000000
-3114889.057317,1446813.466439,46072555.262606,33.033695,-2.004603,0.899278,0.974498,0.371675,0.061770,0.799135,0.806487,0.025928,0.797503,0.179110,0.382999,0.624848,0.659336,0.331999,0.763103,0.545109,0.577179,0.323180,0.557009,0.011681,0.714912,0.089117,0.610490,0.632269,0.010981,0.005439,0.694074,0.968563,0.978897,0.678196,0.466324,0.293679,0.104199,10.905163,20.021483,0.732918,0.327529,0.787326,0.819528,0.647850,0.673655,0.801635,0.835638,0.865286,0.483064,0.051979,46.966305,0.009946,0.001228,5.472577,0.004932,0.004943,0.000994,0.001855,3114889.057317,0.000000
-19138226.372507,1499254.108305,102571375.362942,62.857248,-0.548511,0.794312,0.763873,0.834951,0.127630,0.172089,0.745500,0.331029,0.155358,0.313178,0.384827,0.756986,0.475640,0.280594,0.995720,0.198970,0.465842,0.682557,0.972245,0.866920,0.470254,0.230074,0.479659,0.309578,0.289088,0.282671,0.682099,0.856103,0.969251,0.292934,0.307402,0.262574,0.211516,11.513144,11.928943,0.048471,0.159339,0.531997,0.773788,0.467401,0.630137,0.670746,0.910685,0.422191,0.336004,0.449752,17.142752,0.001325,0.002695,6.208204,0.004122,0.004138,0.000345,0.002504,19138226.372507,0.000000
-19479840.917881,1488559.263074,87428850.890757,76.511443,-0.412445,0.742359,0.763845,0.713642,0.080224,0.774469,0.721690,0.404928,0.441733,0.308494,0.785619,0.758441,0.413757,0.291613,0.262482,0.437913,0.483072,0.594126,0.010625,0.868896,0.337937,0.098659,0.486749,0.092615,0.322790,0.598865,0.024251,0.852403,0.969223,0.992567,0.305848,0.158026,0.248369,11.169982,2.430637,0.036630,0.101934,0.527050,0.727733,0.450521,0.618835,0.471798,0.783032,0.337971,0.609112,0.453837,3.488557,0.002228,0.000001,6.231708,0.003772,0.003803,0.000327,0.002522,19479840.917881,0.000000
-10036231.690589,1429662.876683,60931440.509358,42.464692,-1.573012,0.960547,0.856286,0.700624,0.058992,0.708066,0.952904,0.669296,0.236322,0.400827,0.100914,0.747975,0.416637,0.893552,0.147344,0.234495,0.781312,0.580232,0.404329,0.132697,0.027516,0.192383,0.234861,0.308378,0.124437,0.045115,0.694386,0.929293,0.967242,0.650748,0.415692,0.157975,0.101368,13.016376,19.216087,0.700755,0.240949,0.752873,0.772088,0.608139,0.622282,0.707905,0.743905,0.792580,0.476362,0.147838,37.535308,0.002501,0.004554,13.096497,0.004821,0.004828,0.000871,0.001978,10036231.690589,0.000000
-11524058.911845,1348220.260298,60205369.714528,62.543600,-1.541320,0.744239,0.761803,0.360550,0.073044,0.769296,0.956944,0.739807,0.345387,0.394449,0.366229,0.593802,0.298852,0.781463,0.747575,0.208687,0.863286,0.583565,0.927798,0.431693,0.507439,0.220128,0.003564,0.548399,0.386679,0.045596,0.618822,0.960409,0.960385,0.983888,0.395862,0.435590,0.250978,11.531992,19.453367,0.051020,0.231310,0.766501,0.774738,0.676537,0.683665,0.918138,0.923116,0.785902,0.599991,0.114631,17.456400,0.005649,0.006690,6.832211,0.004541,0.004536,0.000850,0.001999,11524058.911845,0.000000
-18266313.462661,1560467.373703,105318194.792632,70.779232,-1.917260,0.713305,0.970729,0.728920,0.078584,0.778769,0.580577,0.244154,0.205555,0.564747,0.316783,0.745949,0.648851,0.274336,0.173412,0.902121,0.767248,0.354384,0.986687,0.036351,0.837344,0.109752,0.478138,0.552288,0.345526,0.368124,0.706172,0.950490,0.897700,0.524054,0.461042,0.299033,0.218877,12.043026,9.388310,0.349173,0.190157,0.680896,0.826251,0.607749,0.684345,0.866840,0.933347,0.852991,0.449959,0.055296,9.220768,0.002276,0.003033,8.611753,0.004650,0.004656,0.000575,0.002274,18266313.462661,0.000000
-9740646.142104,1692226.797811,68427687.243008,36.188290,-1.964237,0.904863,0.975651,0.832859,0.667932,0.779679,0.993972,0.975346,0.268196,0.290733,0.239997,0.694494,0.692096,0.311758,0.257747,0.875580,0.780134,0.574950,0.360314,0.304189,0.429422,0.106717,0.044807,0.688532,0.010858,0.170361,0.695478,0.953794,0.749509,0.998421,0.467346,0.331738,0.248793,14.542021,15.581115,0.685498,0.250258,0.767302,0.753094,0.677632,0.666144,0.926332,0.917637,0.859737,0.519775,0.043858,43.811710,0.000704,0.005495,14.622580,0.004489,0.004501,0.000717,0.002132,9740646.142104,0.000000
-12592816.936905,1483535.077744,77956934.037815,46.430407,-1.660686,0.960333,0.767196,0.693352,0.058992,0.760282,0.716951,0.445055,0.238283,0.400827,0.102165,0.742143,0.308417,0.894928,0.144854,0.389934,0.717457,0.579233,0.404329,0.315893,0.391512,0.233544,0.051455,0.276034,0.123373,0.209568,0.650271,0.929339,0.955838,0.644679,0.429557,0.159781,0.216406,13.825246,14.394397,0.384806,0.229144,0.724868,0.823610,0.644739,0.726647,0.814797,0.941102,0.809991,0.477902,0.114853,33.569593,0.002429,0.008676,7.541235,0.004379,0.004373,0.000761,0.002088,12592816.936905,0.000000
-12583315.027567,1807371.152083,69533237.926941,38.655223,-0.523041,0.905544,0.978258,0.885582,0.677239,0.223566,0.785968,0.934312,0.531283,0.284884,0.366338,0.759832,0.396786,0.907427,0.734546,0.255015,0.777552,0.580235,0.983006,0.455549,0.028394,0.233920,0.947159,0.397215,0.026643,0.219209,0.650994,0.930496,0.965440,0.475406,0.276974,0.332229,0.113179,9.859032,13.400480,0.316804,0.191898,0.624452,0.640621,0.442709,0.455028,0.592769,0.624007,0.407285,0.408433,0.416784,41.344777,0.003660,0.005291,12.516109,0.004476,0.004456,0.000565,0.002284,12583315.027567,0.000000
-4232193.022099,1332522.315372,41802497.906359,35.307374,-1.547031,0.742828,0.772479,0.282099,0.065815,0.780463,0.691901,0.737468,0.743024,0.598393,0.374944,0.438053,0.473090,0.278240,0.188829,0.461999,0.780288,0.771326,0.113139,0.267034,0.022382,0.108230,0.068853,0.301395,0.028042,0.058498,0.611878,0.962463,0.973798,0.461901,0.395754,0.167775,0.170488,13.262216,18.867394,0.663883,0.273596,0.817588,0.788202,0.680707,0.699551,0.900580,0.911951,0.787121,0.400538,0.214646,44.692626,0.003670,0.003865,2.759013,0.004481,0.004507,0.000764,0.002085,4232193.022099,0.000000
-13154902.809785,1307303.414530,65765516.287802,68.713621,-1.459185,0.738806,0.977325,0.293381,0.064785,0.799124,0.944783,0.666923,0.346495,0.103616,0.378750,0.694117,0.415456,0.733034,0.752615,0.165663,0.801331,0.687659,0.795392,0.332498,0.712033,0.132831,0.939900,0.306753,0.410184,0.152815,0.642888,0.996199,0.975595,0.291234,0.400678,0.094731,0.225083,10.935412,15.451800,0.013206,0.158531,0.723563,0.792571,0.618747,0.674798,0.595145,0.744744,0.767574,0.333524,0.217317,11.286379,0.009718,0.004586,3.835104,0.004572,0.004589,0.000803,0.002046,13154902.809785,0.000000
-13154902.809785,1307303.414530,65765516.287802,68.713621,-1.459185,0.738806,0.977325,0.293381,0.064785,0.799124,0.944783,0.666923,0.346495,0.103616,0.378750,0.694117,0.415456,0.733034,0.752615,0.165663,0.801331,0.687659,0.795392,0.332498,0.712033,0.132831,0.939900,0.306753,0.410184,0.152815,0.642888,0.996199,0.975595,0.291234,0.400678,0.094731,0.225083,10.935412,15.451800,0.013206,0.158531,0.723563,0.792571,0.618747,0.674798,0.595145,0.744744,0.767574,0.333524,0.217317,11.286379,0.009718,0.004586,3.835104,0.004572,0.004589,0.000803,0.002046,13154902.809785,0.000000
-8791058.319206,1696269.900805,61356058.661999,36.119323,-1.953938,0.914147,0.973654,0.831537,0.020047,0.766589,0.146654,0.929486,0.345341,0.348639,0.318238,0.693629,0.678642,0.766820,0.838930,0.999022,0.587526,0.574735,0.690115,0.304347,0.031107,0.230637,0.478839,0.688532,0.010296,0.165330,0.448432,0.952867,0.733813,0.634571,0.466067,0.331823,0.245938,12.181515,15.368478,0.620057,0.238792,0.788238,0.811733,0.695560,0.708231,0.938061,0.945217,0.858285,0.513943,0.046050,43.880677,0.011701,0.014913,4.711676,0.004714,0.004715,0.000852,0.001997,8791058.319206,0.000000
-5274208.100030,1402411.971889,40784056.491676,35.450432,-0.423967,0.739035,0.975238,0.285430,0.059396,0.788718,0.941643,0.794465,0.514488,0.634853,0.197516,0.756390,0.414601,0.255250,0.825729,0.227232,0.781792,0.758413,0.139232,0.738608,0.300858,0.113276,0.020466,0.312658,0.034591,0.041511,0.615020,0.938052,0.952808,0.453606,0.390018,0.258522,0.215044,13.597598,19.432837,0.336315,0.278366,0.813668,0.760001,0.704888,0.672224,0.945665,0.913355,0.761075,0.403881,0.218632,44.549568,0.005706,0.006442,0.423967,0.004311,0.004341,0.000661,0.002188,5274208.100030,0.000000
-8362261.598993,1449465.183103,81718916.713718,38.019280,-1.964246,0.697518,0.975050,0.868045,0.668897,0.228206,0.761219,0.037829,0.516246,0.314775,0.809941,0.628365,0.314054,0.332032,0.153339,0.545109,0.580629,0.318142,0.053140,0.295563,0.761495,0.122505,0.797332,0.625420,0.077906,0.001838,0.699556,0.961462,0.742213,0.680146,0.463194,0.262637,0.215398,9.631853,20.050182,0.903714,0.267570,0.736258,0.847765,0.657120,0.747189,0.906464,0.957097,0.859738,0.514156,0.055427,41.980720,0.000280,0.000281,9.372568,0.004714,0.004709,0.000769,0.002080,8362261.598993,0.000000
-17600403.511561,1528123.451731,79942266.016154,59.990405,-1.492046,0.739116,0.970595,0.733222,0.072961,0.787028,0.954449,0.442851,0.347095,0.321122,0.332163,0.755126,0.672191,0.254168,0.176799,0.932051,0.468439,0.682882,0.986999,0.073185,0.501962,0.234124,0.621224,0.399524,0.279643,0.217461,0.858426,0.852084,0.960186,0.675963,0.442631,0.298586,0.209391,11.134063,13.783345,0.532769,0.204494,0.719048,0.799574,0.632775,0.699580,0.894829,0.940080,0.775088,0.488661,0.052173,20.009595,0.001870,0.007994,12.353911,0.004780,0.004782,0.000675,0.002174,17600403.511561,0.000000
-12580601.597442,1790368.464351,81680749.686542,37.657401,-1.916566,0.913774,0.975662,0.879530,0.677239,0.766804,0.785805,0.662808,0.525400,0.321263,0.772292,0.760222,0.288314,0.909306,0.248716,0.457532,0.748538,0.571046,0.983007,0.450740,0.423609,0.233550,0.593864,0.389930,0.025786,0.177164,0.192406,0.937513,0.966109,0.596536,0.467978,0.332229,0.215152,11.432488,14.965815,0.401683,0.226230,0.735089,0.790769,0.643426,0.650646,0.895042,0.904103,0.852889,0.455562,0.035925,42.342599,0.000646,0.012288,12.703288,0.004306,0.004285,0.000690,0.002159,12580601.597442,0.000000
-15600757.255288,1426054.996830,77463801.200736,61.295265,-1.989277,0.659031,0.990433,0.407017,0.078456,0.837115,0.742447,0.443742,0.193294,0.658700,0.767097,0.587916,0.661016,0.779414,0.175144,0.390083,0.790572,0.446391,0.087777,0.552353,0.337780,0.235049,0.198530,0.399607,0.294160,0.223552,0.566555,0.960016,0.977454,0.684480,0.468303,0.298414,0.200490,12.789933,13.901883,0.416947,0.241763,0.755715,0.832117,0.672997,0.736327,0.919377,0.950270,0.863206,0.486004,0.044487,18.704735,0.002961,0.002364,7.003004,0.004927,0.004913,0.000761,0.002088,15600757.255288,0.000000
-9781850.661210,1379407.555244,60546882.122616,41.772394,-1.675586,0.685719,0.768033,0.699157,0.057598,0.654282,0.950840,0.660882,0.345716,0.638918,0.369188,0.740976,0.298764,0.878133,0.160240,0.390961,0.590960,0.650306,0.417088,0.326746,0.030749,0.103771,0.022711,0.306210,0.121284,0.028834,0.650155,0.860592,0.944273,0.228184,0.469022,0.162272,0.104017,14.141215,19.882291,0.507734,0.242259,0.690901,0.720776,0.462524,0.485906,0.689845,0.748234,0.812802,0.317727,0.002419,38.227606,0.002915,0.013119,8.847655,0.004656,0.004666,0.000634,0.002215,9781850.661210,0.000000
-6049962.056708,1456091.236460,43081628.325179,32.978278,-0.609267,0.988840,0.972996,0.365900,0.677367,0.321059,0.761248,0.968320,0.495767,0.226529,0.138474,0.748733,0.381778,0.334059,0.745179,0.544971,0.577144,0.693732,0.413640,0.444618,0.675185,0.124586,0.601223,0.717188,0.010980,0.002728,0.024901,0.967326,0.988230,0.459657,0.429149,0.157048,0.251382,10.943248,20.138302,0.233265,0.216677,0.730839,0.699317,0.626156,0.600286,0.779429,0.720602,0.456251,0.395192,0.132605,47.021722,0.005098,0.011578,4.432053,0.003517,0.003536,0.000261,0.002588,6049962.056708,0.000000
-7150258.393332,1586321.059012,53253480.053932,32.805574,-1.921459,0.747922,0.975719,0.902624,0.074488,0.810745,0.722572,0.980066,0.301150,0.416830,0.674068,0.741919,0.668345,0.157635,0.188250,0.920384,0.942568,0.758345,0.229584,0.880433,0.010194,0.214014,0.004414,0.310517,0.010296,0.001926,0.693160,0.942945,0.975744,0.462746,0.465853,0.331982,0.251161,14.525621,20.686056,1.174420,0.291461,0.805637,0.782272,0.695658,0.691288,0.947283,0.934802,0.853607,0.400261,0.042402,47.194426,0.000303,0.003578,10.676542,0.004863,0.004869,0.000884,0.001965,7150258.393332,0.000000
-8516327.219207,1664079.829291,62703033.222459,35.487777,-1.839793,0.658174,0.856990,0.814194,0.001697,0.830271,0.742589,0.443798,0.490326,0.349447,0.333480,0.694932,0.659920,0.877171,0.818161,0.888969,0.786112,0.771573,0.982990,0.446981,0.028985,0.237463,0.198490,0.399712,0.003389,0.164594,0.611695,0.960843,0.931877,0.265560,0.442554,0.298601,0.104162,13.539515,15.609330,0.409410,0.257020,0.611774,0.641147,0.373545,0.396922,0.581530,0.648484,0.841150,0.336057,0.099153,44.512223,0.012231,0.034251,7.592151,0.004460,0.004462,0.000548,0.002301,8516327.219207,0.000000
-5365454.177536,1480404.241723,41062294.782351,34.417404,-1.666318,0.658244,0.975743,0.376208,0.166410,0.147756,0.744778,0.668697,0.518780,0.215655,0.126564,0.739421,0.710135,0.904513,0.038261,0.237337,0.585938,0.653878,0.694555,0.799524,0.070187,0.174936,0.479528,0.717854,0.023289,0.029153,0.681289,0.930506,0.947097,0.425849,0.429868,0.463088,0.162482,11.337867,19.422455,0.457829,0.320089,0.817665,0.808553,0.661702,0.683708,0.918189,0.933705,0.811058,0.394759,0.049709,45.582596,0.000182,0.006434,6.720821,0.004763,0.004774,0.000673,0.002176,5365454.177536,0.000000
-17082719.182838,1666822.626210,73862860.546841,51.464014,-0.536414,0.903185,0.974647,0.726753,0.080224,0.149144,0.956109,0.443515,0.488737,0.313221,0.785619,0.757809,0.387958,0.291608,0.262482,0.407893,0.777140,0.680569,0.021614,0.867974,0.337937,0.222309,0.071510,0.308380,0.075154,0.610050,0.693587,0.852403,0.705127,0.992567,0.307402,0.158026,0.248382,14.438153,2.326319,0.385334,0.139370,0.640034,0.708128,0.552163,0.609170,0.792009,0.858973,0.415158,0.539764,0.447562,28.535986,0.002425,0.000233,12.878868,0.004461,0.004468,0.000711,0.002138,17082719.182838,0.000000
-15130395.473681,1625340.849999,74486983.615595,51.910025,-1.827213,0.796505,0.996694,0.489516,0.001354,0.578758,0.723105,0.439191,0.491359,0.323235,0.809453,0.689875,0.416749,0.782166,0.175245,0.222534,0.574855,0.333957,0.980510,0.118917,0.160571,0.231393,0.457872,0.399915,0.077282,0.616626,0.644696,0.996147,0.944710,0.635168,0.422752,0.157935,0.103305,11.853044,1.777729,0.263388,0.197407,0.704801,0.723770,0.542195,0.555566,0.619975,0.676367,0.839139,0.478003,0.160769,28.089975,0.005239,0.004597,9.321180,0.004452,0.004446,0.000652,0.002197,15130395.473681,0.000000
-7703996.141301,1643394.222563,54176119.289498,36.073452,-1.964355,0.661393,0.975630,0.366608,0.674697,0.145589,0.146393,0.980354,0.523728,0.350410,0.821111,0.697080,0.675609,0.771424,0.840763,0.893604,0.777216,0.572566,0.984964,0.437607,0.071470,0.228669,0.153730,0.682700,0.010296,0.165917,0.682402,0.956183,0.733445,0.539742,0.466067,0.332029,0.101789,12.191534,15.595451,0.116989,0.255178,0.693012,0.717115,0.523294,0.542292,0.674813,0.714083,0.859754,0.512610,0.047413,43.926548,0.006478,0.016833,5.152455,0.003851,0.003861,0.000530,0.002319,7703996.141301,0.000000
-7898825.921185,1501950.995491,53002750.626292,34.430625,-0.640664,0.953182,0.774886,0.822021,0.166829,0.323346,0.788082,0.668954,0.496309,0.227920,0.106871,0.748700,0.381778,0.910145,0.749784,0.454855,0.575184,0.690890,0.413640,0.267602,0.396394,0.124586,0.601223,0.717213,0.026918,0.015236,0.026103,0.930649,0.987014,0.641705,0.428688,0.157262,0.251686,10.927920,19.792954,0.486125,0.207459,0.691563,0.746824,0.592108,0.640051,0.720882,0.788994,0.473057,0.466139,0.117446,45.569375,0.004276,0.009830,7.367738,0.004501,0.004509,0.000796,0.002053,7898825.921185,0.000000
-13662945.700526,1735584.168031,76115255.035930,40.070952,-1.468549,0.685790,0.978494,0.879443,0.677239,0.221025,0.690713,0.658787,0.539559,0.283493,0.849061,0.760259,0.345390,0.824292,0.744798,0.224933,0.777552,0.610694,0.413186,0.297332,0.672152,0.225301,0.005258,0.389241,0.046716,0.214142,0.645895,0.942898,0.940685,0.454365,0.393222,0.331923,0.216072,14.509701,14.322934,0.364260,0.224774,0.714662,0.783419,0.623260,0.631356,0.881755,0.907858,0.769741,0.408027,0.212191,39.929048,0.002545,0.005400,10.553493,0.004460,0.004448,0.000395,0.002454,13662945.700526,0.000000
-11718421.969497,1490531.122495,79886616.900766,38.733966,-0.996000,0.741108,0.990133,0.841892,0.703217,0.370236,0.755032,0.657263,0.513506,0.320746,0.208254,0.740244,0.389102,0.291606,0.266934,0.391496,0.783871,0.570914,0.436190,0.023405,0.296428,0.462761,0.595957,0.274591,0.075752,0.042222,0.175694,0.937469,0.963502,0.712695,0.466106,0.158165,0.215125,10.754043,19.023963,0.817929,0.207374,0.612117,0.771481,0.525822,0.659480,0.583557,0.815673,0.630646,0.501879,0.039644,41.266034,0.000694,0.000210,10.508193,0.004675,0.004654,0.000523,0.002326,11718421.969497,0.000000
-5111093.837937,1297619.491590,51649086.885723,41.502487,-1.888167,0.682476,0.961278,0.402162,0.044163,0.143109,0.156860,0.461047,0.571158,0.658708,0.307809,0.585955,0.410538,0.781344,0.175457,0.467237,0.579338,0.591601,0.116826,0.548727,0.338086,0.251996,0.406644,0.715800,0.118828,0.022020,0.565438,0.959044,0.736404,0.195211,0.466067,0.164691,0.250758,11.419068,19.732271,0.536899,0.244970,0.781353,0.864112,0.658930,0.696097,0.864402,0.949229,0.848651,0.367628,0.048589,38.497513,0.003751,0.005977,3.263735,0.004784,0.004782,0.000942,0.001907,5111093.837937,0.000000
-19015241.471885,1504186.776926,93989010.143502,68.270026,-1.848845,0.659249,0.972348,0.496609,0.000170,0.191108,0.815904,0.446191,0.067388,0.311284,0.365052,0.696260,0.467915,0.305010,0.795976,0.276264,0.777538,0.584061,0.887683,0.553176,0.304975,0.250999,0.008938,0.396473,0.299236,0.424893,0.650654,0.933655,0.959974,0.675351,0.458433,0.332553,0.238860,11.443584,7.994940,0.048547,0.221530,0.701593,0.815618,0.624393,0.718817,0.882495,0.951738,0.842581,0.488495,0.053663,11.729974,0.005256,0.009903,6.107220,0.004476,0.004503,0.000428,0.002421,19015241.471885,0.000000
-19015241.471885,1503405.448547,94001297.392232,68.270026,-1.848845,0.659249,0.972348,0.496609,0.000170,0.191108,0.815904,0.446191,0.067388,0.311284,0.365052,0.696260,0.467915,0.305010,0.795976,0.276264,0.777538,0.579003,0.871837,0.553176,0.304975,0.250999,0.008938,0.396473,0.299236,0.424893,0.650654,0.933655,0.959974,0.675351,0.458433,0.332553,0.238860,11.446438,7.994940,0.049508,0.221685,0.701545,0.815570,0.624364,0.718788,0.882461,0.951715,0.842581,0.488495,0.053663,11.729974,0.005254,0.009915,6.075543,0.004475,0.004502,0.000429,0.002420,19015241.471885,0.000000
-8940083.630505,1626575.160222,63491011.127721,36.722928,-2.102730,0.738806,0.973788,0.722179,0.078544,0.798614,0.707134,0.667902,0.478339,0.556841,0.378960,0.763076,0.416339,0.734379,0.177823,0.165663,0.801331,0.687659,0.795250,0.337245,0.728138,0.237791,0.939900,0.307289,0.019600,0.153173,0.650819,0.996199,0.973818,0.975229,0.468450,0.331475,0.225064,9.333629,15.345176,0.697739,0.283829,0.785235,0.810576,0.695429,0.716595,0.935984,0.949160,0.877877,0.591354,0.058992,43.277072,0.003038,0.004345,9.745832,0.004748,0.004719,0.000592,0.002257,8940083.630505,0.000000
-14240466.433407,1310744.823514,70683402.331433,54.892311,-2.011605,0.743061,0.764810,0.730372,0.073785,0.180077,0.724135,0.667867,0.337726,0.313298,0.795190,0.568718,0.414777,0.280549,0.364957,0.246912,0.594482,0.592366,0.405303,0.340921,0.496231,0.111552,0.493115,0.965410,0.300463,0.009633,0.681592,0.968120,0.960184,0.453211,0.467777,0.164286,0.252329,11.071877,20.123407,0.561769,0.232801,0.779536,0.834811,0.694796,0.741824,0.874633,0.948578,0.866226,0.401403,0.048861,25.107689,0.002570,0.005939,5.725357,0.004491,0.004505,0.000804,0.002045,14240466.433407,0.000000
-17667491.917694,2080703.540727,76062241.553845,46.451014,-1.218319,0.910920,0.981706,0.879530,0.677239,0.772636,0.785805,0.664288,0.525400,0.209502,0.772292,0.760222,0.307318,0.907427,0.725745,0.461711,0.805966,0.602620,0.983007,0.453688,0.505421,0.233550,0.000172,0.384386,0.024675,0.617756,0.258655,0.929348,0.966109,0.596022,0.363445,0.332229,0.215981,14.117780,2.204467,0.109182,0.162185,0.698115,0.725761,0.572590,0.577517,0.842321,0.848783,0.704273,0.455362,0.292000,33.548986,0.001192,0.012686,12.872861,0.003675,0.003656,0.000394,0.002455,17667491.917694,0.000000
-9054586.452460,1338057.228329,57656322.652501,41.534255,-0.305023,0.685719,0.768033,0.681710,0.011287,0.651650,0.944495,0.449619,0.345716,0.169296,0.852954,0.740976,0.298275,0.874831,0.162009,0.390069,0.787773,0.329997,0.423046,0.326746,0.038303,0.103771,0.867481,0.306210,0.121284,0.011661,0.662289,0.860592,0.749121,0.233330,0.277717,0.162272,0.104017,9.463346,19.685947,0.569653,0.189230,0.680354,0.734801,0.476797,0.501795,0.711963,0.771563,0.262894,0.379738,0.582920,38.465745,0.003010,0.010269,9.216938,0.004716,0.004708,0.000843,0.002006,9054586.452460,0.000000
-4739866.957632,1344944.967260,36849402.697739,34.214601,-1.781005,0.738970,0.677481,0.301755,0.058091,0.771559,0.692958,0.741712,0.487610,0.420898,0.358050,0.447560,0.461370,0.329259,0.195662,0.213082,0.810832,0.621326,0.120676,0.430373,0.655377,0.113564,0.024681,0.294920,0.027017,0.009500,0.438403,0.946745,0.741768,0.927258,0.440167,0.298327,0.250514,13.511829,20.356591,0.611543,0.291485,0.840539,0.807259,0.742068,0.715675,0.961601,0.946167,0.831531,0.519279,0.098380,45.785399,0.004118,0.006501,2.709519,0.004610,0.004627,0.000842,0.002007,4739866.957632,0.000000
-16314865.772870,1470089.357794,79221522.372718,56.439556,-1.744581,0.867466,0.973245,0.862513,0.145832,0.196083,0.937441,0.352891,0.357135,0.286541,0.237925,0.598245,0.475030,0.272595,0.173297,0.223544,0.789920,0.320485,0.919406,0.430595,0.508925,0.235571,0.000329,0.397403,0.308028,0.043509,0.694609,0.930091,0.960243,0.286151,0.442838,0.435647,0.200767,14.041795,19.539346,0.723463,0.245531,0.734375,0.817414,0.645623,0.650644,0.903532,0.932048,0.825282,0.335944,0.085294,23.560444,0.001963,0.005428,12.293332,0.004790,0.004795,0.000767,0.002082,16314865.772870,0.000000
-13270160.653104,1801643.058692,66095846.803809,50.373033,-1.892549,0.927915,0.973064,0.832778,0.059209,0.778229,0.956077,0.897285,0.500962,0.213211,0.211201,0.676379,0.450504,0.919283,0.379366,0.408853,0.574738,0.597901,0.926121,0.266512,0.428949,0.231329,0.042774,0.719932,0.066079,0.602953,0.683119,0.928983,0.956444,0.449320,0.468498,0.159450,0.100651,14.788337,2.604925,0.223748,0.164357,0.557116,0.573357,0.344621,0.357443,0.373916,0.398408,0.849313,0.401053,0.031401,29.626967,0.004955,0.008337,13.540668,0.004140,0.004152,0.000356,0.002493,13270160.653104,0.000000
-9893746.704409,1718168.403233,69337025.357735,36.328982,-1.964237,0.904863,0.975651,0.862918,0.667932,0.779679,0.993972,0.975346,0.268713,0.290733,0.240816,0.931318,0.692096,0.311758,0.255687,0.875580,0.780134,0.574950,0.346022,0.304189,0.727567,0.104811,0.598197,0.687919,0.010858,0.172519,0.695478,0.953794,0.749509,0.998421,0.467346,0.331738,0.248793,11.476493,15.061352,0.697632,0.247558,0.765340,0.752581,0.675688,0.665396,0.925173,0.917315,0.859737,0.519775,0.043858,43.671018,0.000693,0.005375,15.841695,0.004728,0.004739,0.000780,0.002069,9893746.704409,0.000000
-15741874.323322,1515890.909735,79934399.530940,54.836516,-1.576846,0.901988,0.986762,0.874063,0.058946,0.783024,0.808909,0.337134,0.345728,0.339308,0.393200,0.827730,0.469561,0.295772,0.380868,0.225947,0.773730,0.599711,0.983332,0.436246,0.411856,0.256287,0.482714,0.399181,0.299236,0.010843,0.643948,0.849205,0.955741,0.634992,0.458434,0.432992,0.254223,11.601196,20.139046,0.736995,0.230540,0.723787,0.827303,0.636904,0.722612,0.900046,0.958112,0.793374,0.474134,0.018438,25.163484,0.001991,0.004744,13.074801,0.004981,0.004984,0.000871,0.001978,15741874.323322,0.000000
-14701454.075037,1818060.174886,68429053.973312,48.316671,-1.413102,0.958940,0.973090,0.861799,0.165527,0.760092,0.950858,0.666406,0.485853,0.669740,0.809447,0.909457,0.377508,0.254272,0.354364,0.362905,0.783246,0.598868,0.386804,0.267009,0.664319,0.211416,0.593949,0.390203,0.042035,0.616524,0.447914,0.865472,0.881903,0.634873,0.422794,0.349265,0.251831,12.553762,1.711043,0.441083,0.192663,0.739203,0.731524,0.641691,0.635649,0.905723,0.900312,0.756613,0.500169,0.102078,31.683329,0.000786,0.008045,16.943567,0.004409,0.004428,0.000652,0.002197,14701454.075037,0.000000
-6673956.133974,1408097.356846,48711671.388001,34.304810,-0.405270,0.743132,0.855962,0.336199,0.713620,0.763370,0.756370,0.655369,0.474521,0.213966,0.768006,0.475867,0.391298,0.291606,0.177375,0.398112,0.779123,0.572156,0.979828,0.293756,0.034540,0.458155,0.005536,0.976899,0.022461,0.030956,0.855282,0.864951,0.954666,0.458062,0.287329,0.150578,0.214810,12.757453,19.767419,0.302231,0.223339,0.719163,0.732693,0.626121,0.637779,0.862300,0.873194,0.333203,0.405044,0.540898,45.695190,0.000327,0.008706,4.704720,0.003816,0.003838,0.000380,0.002469,6673956.133974,0.000000
-18574558.089979,1814598.750056,82917753.719537,52.076242,-1.992845,0.690669,0.984046,0.839120,0.051202,0.105816,0.142553,0.667867,0.337726,0.350993,0.772948,0.784815,0.414777,0.886661,0.263831,0.985967,0.583882,0.593955,0.408116,0.307350,0.312615,0.253929,0.200138,0.291312,0.074641,0.638224,0.611189,0.968123,0.966169,0.995774,0.464531,0.164286,0.237892,14.306622,1.388468,0.319898,0.186263,0.742475,0.823055,0.629015,0.723548,0.791152,0.927867,0.863693,0.599237,0.055445,27.923758,0.004140,0.013686,6.073691,0.004484,0.004496,0.000486,0.002363,18574558.089979,0.000000
-8312789.432250,1456804.934115,55873967.364319,35.597693,-1.604721,0.796443,0.780974,0.806180,0.059534,0.250300,0.783935,0.659345,0.502171,0.199476,0.107440,0.432224,0.313461,0.920247,0.147814,0.397113,0.775241,0.448104,0.421101,0.267202,0.396402,0.125113,0.637243,0.387894,0.027541,0.069431,0.076003,0.943076,0.959967,0.180579,0.413839,0.261773,0.177187,10.646428,18.109525,0.551660,0.231248,0.756850,0.786901,0.545908,0.570199,0.878523,0.902916,0.799054,0.294664,0.158697,44.402307,0.002453,0.011204,5.376108,0.003979,0.003989,0.000427,0.002422,8312789.432250,0.000000
-15844658.400971,1432705.565540,85093297.001533,58.021840,-2.062654,0.712344,0.970694,0.724086,0.064639,0.778720,0.580577,0.703677,0.154465,0.321978,0.317064,0.749214,0.390596,0.327584,0.175820,0.450591,0.767280,0.350385,0.990437,0.304840,0.711204,0.109752,0.479412,0.552288,0.277582,0.162323,0.693098,0.987736,0.878293,0.524054,0.466045,0.156056,0.218877,11.735571,15.538909,0.568095,0.203827,0.746217,0.827141,0.645864,0.706515,0.811252,0.938060,0.872884,0.456635,0.060425,21.978160,0.003079,0.009444,8.596120,0.004774,0.004754,0.000618,0.002231,15844658.400971,0.000000
-7538472.940374,1551292.736420,57406694.250490,32.805507,-1.922165,0.747922,0.975719,0.902624,0.392624,0.282379,0.722572,0.980611,0.289759,0.416830,0.137853,0.724822,0.322389,0.299619,0.192380,0.899790,0.769136,0.323228,0.229741,0.887185,0.010194,0.214074,0.004038,0.287749,0.010296,0.001926,0.694328,0.943169,0.897830,0.620780,0.465853,0.330864,0.105982,14.361829,20.685710,0.924210,0.289721,0.746660,0.772593,0.597682,0.618266,0.752909,0.783546,0.853710,0.488754,0.042494,47.194493,0.000864,0.001986,11.350536,0.004853,0.004861,0.000746,0.002103,7538472.940374,0.000000
-9918836.070112,1467243.481655,66765521.046756,38.733966,-1.065764,0.741108,0.990133,0.846287,0.071938,0.370236,0.755032,0.654597,0.513506,0.320746,0.208254,0.739833,0.389102,0.310365,0.266713,0.881551,0.774574,0.570914,0.436190,0.024268,0.464236,0.462761,0.595957,0.274591,0.075752,0.042222,0.175694,0.937469,0.963502,0.712695,0.466106,0.160619,0.249148,10.956134,19.003836,1.183651,0.217141,0.668141,0.766472,0.573875,0.656510,0.687551,0.814685,0.655535,0.501879,0.039644,41.266034,0.002386,0.002053,12.047478,0.004966,0.004972,0.000802,0.002047,9918836.070112,0.000000
-8536152.077932,1583024.900045,58957510.129289,37.657401,-1.800849,0.913774,0.975662,0.281036,0.677239,0.769293,0.789320,0.662808,0.525400,0.321263,0.367952,0.591235,0.289801,0.909306,0.248716,0.219678,0.789340,0.571046,0.985493,0.450557,0.423609,0.220115,0.593864,0.393185,0.025786,0.177164,0.449105,0.937513,0.902719,0.596536,0.448279,0.332229,0.215152,10.893864,14.895094,0.117720,0.262295,0.783604,0.802337,0.691340,0.707068,0.934310,0.942981,0.834841,0.477296,0.076664,42.342599,0.000646,0.004610,4.287856,0.003362,0.003396,0.000127,0.002722,8536152.077932,0.000000
-15129408.115060,1609777.485176,75104890.650540,51.976103,-1.818857,0.796505,0.996982,0.497758,0.001354,0.578758,0.723105,0.428435,0.490596,0.323235,0.809434,0.689940,0.464179,0.785444,0.175245,0.220269,0.575109,0.318305,0.028090,0.118917,0.766405,0.231393,0.782102,0.399915,0.077282,0.616626,0.644696,0.996113,0.944710,0.653485,0.421446,0.263698,0.103305,10.400304,1.504136,0.421242,0.228935,0.733585,0.753813,0.576971,0.591369,0.690508,0.739301,0.837789,0.485223,0.163950,28.023897,0.005239,0.000337,9.878169,0.004564,0.004563,0.000659,0.002190,15129408.115060,0.000000
-5706706.105495,1533871.964185,71694058.258543,32.958227,-2.010775,0.697831,0.974209,0.859803,0.668897,0.192076,0.761219,0.035045,0.796883,0.314775,0.809961,0.625502,0.417231,0.328754,0.172344,0.547374,0.580376,0.333805,0.993665,0.293312,0.145280,0.246080,0.473102,0.625420,0.011405,0.001253,0.694074,0.968136,0.741228,0.634834,0.467624,0.156875,0.103986,11.475418,20.335286,0.708698,0.233902,0.712806,0.738563,0.560493,0.579662,0.642051,0.707779,0.866115,0.511389,0.049176,47.041773,0.000343,0.007046,9.126398,0.004713,0.004715,0.000756,0.002093,5706706.105495,0.000000
-18900157.249453,1395549.968103,99678442.235884,63.998355,-0.551375,0.794312,0.765054,0.730326,0.126763,0.176366,0.745500,0.325597,0.155358,0.313178,0.217790,0.740353,0.478485,0.280522,0.995720,0.395845,0.462350,0.300541,0.071122,0.866939,0.470286,0.230074,0.828382,0.931241,0.300246,0.284541,0.682099,0.856086,0.960660,0.292168,0.307752,0.261729,0.107542,10.062305,11.559286,0.110484,0.175855,0.542994,0.744254,0.479871,0.533378,0.684850,0.792610,0.423843,0.338180,0.448332,16.001645,0.001701,0.000187,6.112102,0.004204,0.004225,0.000458,0.002391,18900157.249453,0.000000
-15533414.652463,1424065.574162,75487600.344910,61.295265,-2.003164,0.659031,0.990433,0.407017,0.214100,0.837115,0.937777,0.445196,0.194337,0.658700,0.770931,0.587916,0.661016,0.779414,0.175144,0.390083,0.790572,0.320514,0.086223,0.552347,0.321217,0.235049,0.198530,0.399607,0.294160,0.223552,0.566555,0.964374,0.977454,0.278467,0.468344,0.298414,0.200491,12.656584,13.905669,0.329731,0.237809,0.763967,0.823016,0.642333,0.648862,0.924283,0.932956,0.865092,0.328026,0.046186,18.704735,0.001435,0.001534,6.600805,0.004785,0.004794,0.000721,0.002128,15533414.652463,0.000000
-15772861.433885,1337533.544526,80514792.089379,54.903688,-1.493105,0.695875,0.756384,0.874544,0.146548,0.196083,0.743705,0.358894,0.353557,0.286080,0.233806,0.598458,0.474283,0.272595,0.754107,0.223544,0.789920,0.443076,0.215646,0.430602,0.525488,0.219062,0.001773,0.397403,0.303289,0.007917,0.694609,0.852102,0.960243,0.683408,0.442796,0.163234,0.200766,13.737345,20.593691,0.470183,0.207408,0.720281,0.834258,0.640258,0.734683,0.844538,0.950785,0.775326,0.491558,0.051831,25.096312,0.001455,0.003126,6.025412,0.004378,0.004392,0.000442,0.002407,15772861.433885,0.000000
-19043004.520514,1596104.167921,105920092.639852,63.465031,-1.702944,0.844882,0.977649,0.843571,0.058979,0.762811,0.756839,0.141938,0.243202,0.179865,0.244030,0.756136,0.362903,0.254272,0.994765,0.405400,0.779893,0.765516,0.974250,0.338475,0.657598,0.256462,0.058872,0.086748,0.297184,0.283336,0.974470,0.956574,0.970827,0.994066,0.422588,0.263617,0.220870,13.469189,12.272980,0.307495,0.198292,0.655239,0.824274,0.584039,0.724171,0.838838,0.947807,0.817853,0.605591,0.143418,16.534969,0.000571,0.011320,11.380229,0.004667,0.004675,0.000603,0.002246,19043004.520514,0.000000
-11453466.623259,1491160.896377,77956329.568093,38.477792,-0.988231,0.738799,0.960968,0.868711,0.642054,0.147809,0.731281,0.678880,0.514360,0.320746,0.310375,0.744660,0.389102,0.291606,0.363639,0.466475,0.575422,0.652803,0.436023,0.016761,0.479705,0.110400,0.935008,0.400650,0.070566,0.045513,0.187988,0.937465,0.962355,0.695390,0.466108,0.158173,0.215172,9.060705,18.636904,0.770235,0.208798,0.618941,0.767384,0.531552,0.656086,0.594366,0.809603,0.627765,0.495511,0.039638,41.522208,0.001407,0.000180,10.887006,0.004751,0.004732,0.000591,0.002258,11453466.623259,0.000000
-17793330.595864,1827364.046741,81743459.503067,48.556477,-1.848949,0.905128,0.972348,0.869993,0.058290,0.767048,0.936469,0.678074,0.238920,0.309353,0.789808,0.815272,0.468329,0.923248,0.374758,0.227117,0.572708,0.599734,0.983332,0.041446,0.315726,0.454279,0.466440,0.396473,0.084514,0.439315,0.641595,0.933655,0.953018,0.285454,0.458451,0.433957,0.238807,12.596016,7.153383,0.305478,0.235289,0.732389,0.771421,0.584266,0.591156,0.903368,0.910375,0.842598,0.337759,0.053626,31.443523,0.005191,0.003428,14.885361,0.004491,0.004498,0.000620,0.002229,17793330.595864,0.000000
-15119177.616012,1663533.559082,73222695.005750,52.146532,-1.827213,0.902917,0.972372,0.489516,0.001354,0.574799,0.723105,0.439191,0.493344,0.323235,0.809453,0.828514,0.416749,0.920027,0.175245,0.226011,0.574855,0.595899,0.980510,0.120127,0.161520,0.231393,0.457872,0.399822,0.079621,0.616473,0.643967,0.996147,0.944710,0.286719,0.422752,0.158371,0.105410,11.913734,1.794599,0.250086,0.187416,0.604401,0.625693,0.352578,0.368560,0.526825,0.595235,0.839139,0.340673,0.160769,27.853468,0.005239,0.003570,9.791941,0.004453,0.004447,0.000792,0.002057,15119177.616012,0.000000
-13370787.421375,1356420.359725,67610358.022803,61.255715,-1.885420,0.659518,0.761803,0.705299,0.011069,0.769297,0.856895,0.739781,0.345387,0.388221,0.366229,0.593802,0.298460,0.780836,0.747575,0.208873,0.789510,0.612118,0.913815,0.434272,0.028436,0.220128,0.003516,0.295799,0.387106,0.009648,0.446956,0.956791,0.938223,0.236241,0.452276,0.302446,0.250520,12.969577,20.576131,0.198339,0.204680,0.780238,0.826866,0.671775,0.676125,0.932448,0.954053,0.848235,0.322626,0.076278,18.744285,0.002913,0.007076,7.252449,0.004482,0.004493,0.000549,0.002300,13370787.421375,0.000000
-5869155.354505,1288703.406489,38902141.944612,41.315001,-0.251386,0.685875,0.768033,0.278285,0.045604,0.660605,0.959711,0.886562,0.335278,0.172532,0.355721,0.759996,0.298836,0.883196,0.159889,0.390069,0.787773,0.583264,0.373201,0.324167,0.509451,0.226219,0.022758,0.556935,0.120856,0.011661,0.650276,0.864391,0.741345,0.390951,0.270527,0.330561,0.104017,13.109240,20.340323,0.385874,0.234748,0.748546,0.675144,0.605697,0.589087,0.835179,0.812609,0.222278,0.449870,0.298295,38.684999,0.003160,0.015897,2.358133,0.004548,0.004547,0.000858,0.001991,5869155.354505,0.000000
-14110451.456171,1244954.636083,67212402.638815,69.034066,-1.935307,0.793367,0.986831,0.284890,0.000269,0.806972,0.723619,0.439579,0.336502,0.354387,0.102044,0.567719,0.416657,0.782166,0.365619,0.318968,0.591407,0.333957,0.950891,0.288286,0.166936,0.236026,0.980093,0.399633,0.478070,0.024107,0.563184,0.991392,0.943761,0.668032,0.442615,0.157922,0.118494,9.054110,19.300815,0.178893,0.191438,0.771815,0.836272,0.674066,0.698944,0.823499,0.866608,0.855620,0.491289,0.112167,10.965934,0.004510,0.008356,2.953320,0.004839,0.004850,0.000941,0.001908,14110451.456171,0.000000
-19907983.234790,1582701.652905,99178911.724449,68.465550,-1.847719,0.881623,0.936371,0.727911,0.000170,0.191144,0.815904,0.444834,0.155992,0.311406,0.365300,0.695559,0.467915,0.280415,0.982224,0.276264,0.777381,0.579003,0.887683,0.567694,0.307484,0.462955,0.008938,0.396473,0.301320,0.424893,0.650654,0.933299,0.966506,0.691496,0.458433,0.259999,0.237175,12.633479,8.039324,0.163793,0.189494,0.691837,0.820071,0.615670,0.721836,0.875267,0.947945,0.842404,0.492536,0.053515,11.534450,0.001994,0.006289,11.729373,0.004549,0.004561,0.000649,0.002200,19907983.234790,0.000000
-19332472.945262,1826752.854528,88067599.737682,46.806345,-1.891504,0.893077,0.973007,0.868453,0.722238,0.778229,0.961497,0.665774,0.349514,0.213621,0.210783,0.913204,0.405980,0.321684,0.377305,0.408853,0.574738,0.597902,0.431675,0.293402,0.356706,0.113237,0.594940,0.719319,0.028603,0.610140,0.473223,0.928654,0.952723,0.694043,0.468498,0.159450,0.100651,12.171304,1.904116,0.250060,0.166011,0.634162,0.650713,0.476481,0.487718,0.426943,0.495285,0.849155,0.498371,0.031266,33.193655,0.001183,0.004945,13.427776,0.004066,0.004087,0.000082,0.002767,19332472.945262,0.000000
-14638934.198231,1430735.460591,81522908.566825,70.092704,-2.095573,0.696915,0.850739,0.873965,0.064697,0.803358,0.953186,0.734342,0.337300,0.204738,0.320408,0.826979,0.477991,0.346853,0.127846,0.189682,0.801407,0.621403,0.438432,0.306316,0.050755,0.485026,0.851908,0.311165,0.430573,0.146076,0.697218,0.996547,0.735226,0.632429,0.467023,0.332960,0.220652,8.999877,15.819825,0.375896,0.179262,0.755004,0.814621,0.672608,0.722093,0.918145,0.947086,0.877000,0.499070,0.062044,9.907296,0.001894,0.005574,8.730036,0.004456,0.004430,0.000332,0.002517,14638934.198231,0.000000
-14724079.328897,1621900.943952,67483748.995380,52.014076,-1.359485,0.796505,0.996694,0.489516,0.001354,0.764765,0.723105,0.647548,0.491359,0.323235,0.376446,0.690879,0.443942,0.782166,0.169305,0.229395,0.574855,0.333957,0.980510,0.118917,0.141437,0.121345,0.972580,0.399915,0.077282,0.616589,0.645507,0.849133,0.944710,0.635168,0.422752,0.157935,0.103305,10.384715,1.370379,0.294446,0.179022,0.697637,0.716082,0.534101,0.547670,0.615878,0.657441,0.743207,0.478003,0.094849,27.985924,0.004934,0.004615,11.039952,0.004581,0.004552,0.000441,0.002408,14724079.328897,0.000000
-6718764.668658,1332823.116174,48919179.871998,41.111479,-1.005172,0.793710,0.976298,0.368465,0.058469,0.580590,0.747153,0.447003,0.344268,0.161388,0.819691,0.592480,0.416366,0.353204,0.175314,0.222571,0.788047,0.308684,0.426118,0.131933,0.937117,0.229375,0.468513,0.390075,0.115073,0.017124,0.749018,0.998320,0.959185,0.992571,0.308005,0.261095,0.106454,11.245950,19.819782,0.788669,0.271147,0.754198,0.761008,0.666039,0.672057,0.850456,0.863146,0.634018,0.584896,0.531384,38.888521,0.003387,0.006559,3.567740,0.004760,0.004778,0.000914,0.001935,6718764.668658,0.000000
-10166893.782143,1293890.700064,65195560.205765,43.138575,-0.268620,0.684493,0.769140,0.699157,0.071696,0.852003,0.721094,0.449619,0.337896,0.248091,0.844009,0.568094,0.298444,0.263385,0.159889,0.390069,0.787743,0.329882,0.422092,0.301389,0.296554,0.103763,0.160408,0.275781,0.146685,0.005851,0.650271,0.860593,0.741345,0.452066,0.273733,0.162272,0.240921,13.128888,20.439979,0.740031,0.189018,0.639439,0.755666,0.561599,0.658762,0.777564,0.888162,0.235567,0.476056,0.484694,36.861425,0.001804,0.009883,5.838022,0.004454,0.004474,0.000801,0.002048,10166893.782143,0.000000
-19287940.045186,1536185.547460,95630960.087647,64.923272,-1.627717,0.697152,0.816173,0.866234,0.072140,0.789425,0.932493,0.245958,0.344343,0.311535,0.314640,0.818549,0.460486,0.313101,0.215021,0.399176,0.765699,0.362029,0.976924,0.050327,0.837344,0.109752,0.620088,0.285422,0.281473,0.366876,0.076280,0.864268,0.897935,0.524054,0.458719,0.299269,0.217805,10.975430,9.296278,0.166727,0.161175,0.685625,0.825320,0.600617,0.680251,0.833811,0.931968,0.803623,0.449879,0.024150,15.076728,0.002144,0.004749,9.471399,0.004190,0.004210,0.000205,0.002644,19287940.045186,0.000000
-17234009.716326,1586622.728737,81382059.838242,48.822414,-1.601256,0.659598,0.976010,0.811805,0.064882,0.210962,0.641093,0.664127,0.336655,0.204856,0.816782,0.504297,0.464639,0.330312,0.143447,0.324508,0.753202,0.592822,0.084148,0.293089,0.301648,0.110881,0.485742,0.396282,0.088475,0.434467,0.444103,0.939654,0.952676,0.642904,0.414981,0.273108,0.222924,12.437911,7.258649,0.705491,0.226047,0.711555,0.784644,0.629696,0.690463,0.883240,0.931616,0.798357,0.478295,0.154306,31.177586,0.002296,0.001210,9.411276,0.004256,0.004271,0.000306,0.002543,17234009.716326,0.000000
-20176795.687641,1513236.630240,118365275.204054,70.106892,-0.548511,0.794312,0.763873,0.865813,0.063666,0.176366,0.745500,0.331029,0.155358,0.313178,0.817861,0.756986,0.475640,0.280594,0.968646,0.229511,0.750364,0.715124,0.077228,0.866920,0.470286,0.230074,0.479659,0.390078,0.315197,0.430822,0.445050,0.856103,0.969086,0.292934,0.307402,0.273345,0.100718,11.266506,7.496622,0.080807,0.141322,0.469318,0.655714,0.414885,0.421981,0.526550,0.648517,0.422191,0.336051,0.449752,9.893108,0.001194,0.000792,7.198977,0.003920,0.003948,0.000463,0.002386,20176795.687641,0.000000
-10102404.811596,1557163.976147,69220627.326038,38.632551,-1.866264,0.697177,0.974013,0.730257,0.127870,0.210962,0.625157,0.664127,0.336655,0.204856,0.383748,0.828405,0.464639,0.330312,0.143469,0.324508,0.468680,0.600078,0.075204,0.293089,0.301648,0.110881,0.485742,0.396282,0.011952,0.285068,0.681152,0.939082,0.952841,0.642904,0.458476,0.261730,0.222992,12.288917,11.706611,0.867072,0.274668,0.758085,0.807286,0.671522,0.712395,0.920259,0.947563,0.845299,0.478238,0.055837,41.367449,0.001564,0.001067,9.486885,0.004554,0.004531,0.000425,0.002424,10102404.811596,0.000000
-12282300.821931,1463045.820818,66075395.443044,61.609014,-1.895135,0.659031,0.990457,0.403486,0.078456,0.777479,0.742509,0.443742,0.600535,0.244061,0.767104,0.587250,0.670446,0.906971,0.175144,0.390083,0.790572,0.446391,0.980431,0.453762,0.337780,0.235038,0.204458,0.277691,0.296188,0.227842,0.567173,0.930102,0.934996,0.596871,0.468331,0.333092,0.248686,12.350244,13.801283,0.264417,0.219662,0.780993,0.831986,0.690684,0.733036,0.934610,0.959917,0.849702,0.466226,0.032190,18.390986,0.002961,0.017171,10.121705,0.004932,0.004928,0.000776,0.002073,12282300.821931,0.000000
-5421845.018068,1364371.164440,38522029.955169,38.582504,-1.591006,0.755957,0.850511,0.303660,0.047048,0.138143,0.714317,0.666599,0.472639,0.110088,0.795458,0.933203,0.415912,0.903932,0.169017,0.884404,0.441080,0.679765,0.200058,0.332217,0.011884,0.123309,0.199219,0.304130,0.078678,0.029304,0.643486,0.965687,0.975605,0.574882,0.400848,0.271586,0.181357,12.349136,19.654174,0.402152,0.297113,0.828366,0.813786,0.720161,0.719611,0.942605,0.946105,0.796280,0.443967,0.202520,41.417496,0.003443,0.013945,1.759100,0.004555,0.004557,0.000823,0.002026,5421845.018068,0.000000
-6326087.639636,1213157.199732,52452439.120118,61.660089,-0.613723,0.736927,0.764557,0.303133,0.001130,0.789793,0.957019,0.666118,0.685728,0.275009,0.386641,0.696926,0.299442,0.325606,0.745381,0.894215,0.714602,0.585779,0.374217,0.293898,0.290491,0.229832,0.771609,0.391031,0.389084,0.009724,0.449603,0.959968,0.741142,0.676814,0.276730,0.276377,0.247917,9.216034,19.903122,0.169464,0.161294,0.723958,0.721294,0.636635,0.634810,0.858493,0.855079,0.458668,0.514272,0.511980,18.339911,0.005464,0.032645,2.231719,0.004505,0.004516,0.000756,0.002093,6326087.639636,0.000000
-15930897.664655,1426430.828490,78076654.251931,61.505801,-1.944521,0.659031,0.990433,0.407567,0.374925,0.799538,0.748350,0.445460,0.195217,0.653699,0.177944,0.588021,0.661016,0.779414,0.175138,0.390083,0.789048,0.443084,0.087777,0.552353,0.912617,0.235049,0.921587,0.399607,0.294160,0.223552,0.739412,0.947550,0.960216,0.251461,0.467333,0.260502,0.200490,9.877725,13.316093,0.242051,0.231020,0.754392,0.817413,0.632908,0.639285,0.918697,0.929778,0.856944,0.322363,0.041324,18.494199,0.000776,0.001998,7.057125,0.004621,0.004598,0.000480,0.002369,15930897.664655,0.000000
-10984258.535847,1486463.566426,67377272.265329,42.521432,-1.573012,0.960547,0.973653,0.866237,0.058881,0.240564,0.950467,0.669379,0.236322,0.400827,0.394372,0.742116,0.416637,0.891893,0.147344,0.241819,0.782613,0.580232,0.402185,0.132697,0.027516,0.190001,0.234861,0.390974,0.125175,0.045115,0.694386,0.929293,0.967242,0.642965,0.415692,0.156321,0.101324,13.174010,19.238799,0.843563,0.229363,0.727410,0.744369,0.580761,0.592777,0.657228,0.699273,0.792580,0.473321,0.147838,37.478568,0.002503,0.004760,14.786883,0.004905,0.004909,0.000909,0.001940,10984258.535847,0.000000
-17515562.945579,1444020.310235,85217336.579533,57.856004,-1.362897,0.795262,0.818170,0.810199,0.371575,0.806044,0.940523,0.339828,0.338744,0.311432,0.314640,0.496630,0.460568,0.313126,0.176546,0.435166,0.765690,0.356230,0.987140,0.034968,0.837344,0.109752,0.620088,0.394537,0.277582,0.155851,0.075371,0.864841,0.897935,0.288316,0.415224,0.299033,0.217466,10.596874,15.635806,0.296332,0.170984,0.694533,0.812188,0.615068,0.638932,0.862179,0.930587,0.744082,0.355225,0.119622,22.143996,0.000796,0.000769,9.648796,0.003913,0.003931,0.000476,0.002373,17515562.945579,0.000000
-19614829.926755,1517152.196683,102036483.932109,66.569261,-0.536414,0.658623,0.959425,0.726443,0.071530,0.159747,0.948394,0.245856,0.160957,0.313281,0.375568,0.754797,0.471027,0.280569,0.970854,0.398872,0.776959,0.320337,0.886543,0.845593,0.472585,0.460597,0.476718,0.285085,0.299617,0.367761,0.610286,0.852403,0.960231,0.519549,0.307402,0.260773,0.098916,11.093646,9.369018,0.153198,0.154022,0.533490,0.715427,0.468332,0.541369,0.608267,0.691737,0.415158,0.427375,0.447562,13.430739,0.001995,0.009337,9.620820,0.004445,0.004420,0.000331,0.002518,19614829.926755,0.000000
-17908507.443388,2018443.113850,76062057.654982,47.468125,-1.341158,0.909987,0.981693,0.861197,0.677239,0.772550,0.785163,0.658562,0.352811,0.666813,0.775708,0.760222,0.313153,0.911013,0.110964,0.389697,0.777559,0.602461,0.982726,0.453688,0.505090,0.232082,0.002906,0.383878,0.025657,0.662529,0.011775,0.864571,0.882644,0.596022,0.411982,0.299825,0.216696,14.754535,0.834376,0.139156,0.147755,0.716933,0.739856,0.584798,0.590262,0.854609,0.861437,0.738457,0.484204,0.127311,32.531875,0.000160,0.009513,12.825262,0.003602,0.003587,0.000355,0.002494,17908507.443388,0.000000
-18805371.842667,1823801.565139,79506177.018859,51.829119,-1.688981,0.901802,0.973103,0.805490,0.165527,0.760092,0.952670,0.409266,0.480663,0.212429,0.809447,0.909457,0.377508,0.254272,0.369289,0.361156,0.783246,0.598868,0.983330,0.125184,0.665760,0.211416,0.227133,0.390199,0.076974,0.616524,0.645636,0.952129,0.854866,0.634873,0.422588,0.331023,0.097493,13.732215,2.033761,0.327547,0.196995,0.643520,0.656495,0.479036,0.487666,0.522221,0.571087,0.815292,0.510114,0.141424,28.170881,0.000888,0.008825,14.655760,0.004451,0.004468,0.000607,0.002242,18805371.842667,0.000000
-1901800.867893,1219513.712427,48817785.180783,54.633897,-1.977086,0.743302,0.768468,0.282255,0.063727,0.780463,0.728430,0.939217,0.738019,0.598393,0.373558,0.566084,0.414593,0.333527,0.361347,0.241784,0.780545,0.771184,0.996847,0.338938,0.496007,0.108332,0.148452,0.310597,0.298372,0.009631,0.612816,0.962353,0.975287,0.453094,0.464925,0.161103,0.252328,11.854020,20.408897,0.239976,0.226413,0.828545,0.800932,0.720159,0.713743,0.892864,0.897317,0.861528,0.396644,0.052265,25.366103,0.012118,0.006980,2.834468,0.004580,0.004601,0.000792,0.002057,1901800.867893,0.000000
-4315816.872366,1401963.699293,37660748.556184,33.530812,-1.652513,0.743185,0.847848,0.284042,0.070957,0.805069,0.724135,0.667867,0.342731,0.350993,0.796143,0.756156,0.473393,0.884609,0.732964,0.536581,0.591385,0.594282,0.405303,0.267953,0.502318,0.111518,0.493130,0.965410,0.016657,0.010007,0.612395,0.986016,0.960184,0.462018,0.400574,0.164382,0.252470,11.460445,19.979796,0.414496,0.273997,0.834808,0.808116,0.724815,0.716432,0.907078,0.922108,0.808432,0.404853,0.212808,46.469188,0.014229,0.018695,2.997076,0.004696,0.004709,0.000882,0.001967,4315816.872366,0.000000
-8168455.106887,1427595.662800,55628530.025224,37.958570,-1.349275,0.684952,0.961189,0.344380,0.674344,0.846369,0.960525,0.691494,0.562054,0.338141,0.830567,0.592943,0.390980,0.290469,0.731686,0.455229,0.811679,0.315067,0.986203,0.308082,0.296849,0.132691,0.152042,0.308311,0.076822,0.008520,0.617612,0.861084,0.958866,0.456293,0.415008,0.157121,0.200308,12.663721,20.374746,0.204335,0.231731,0.773762,0.781002,0.673115,0.686360,0.862008,0.907509,0.740572,0.403025,0.118426,42.041430,0.004596,0.010345,4.564666,0.003692,0.003732,0.000291,0.002558,8168455.106887,0.000000
-16101418.403389,1880419.471135,69841194.143502,46.669564,-1.916566,0.741622,0.981706,0.879530,0.001031,0.577931,0.785555,0.664347,0.525400,0.321263,0.772292,0.759890,0.307318,0.907427,0.248716,0.467235,0.769668,0.571261,0.983041,0.117564,0.407018,0.231319,0.592659,0.389930,0.025760,0.617702,0.192406,0.937513,0.966109,0.596536,0.467978,0.332229,0.215224,12.421054,1.668357,0.282451,0.194797,0.768680,0.778438,0.623965,0.631187,0.887287,0.894015,0.852889,0.455562,0.035925,33.330436,0.001588,0.017542,12.337603,0.004296,0.004308,0.000313,0.002536,16101418.403389,0.000000
-17439708.491520,1753747.619926,78179036.086827,51.912291,-1.827213,0.797042,0.996694,0.489516,0.698070,0.779052,0.723354,0.439191,0.491359,0.323235,0.809453,0.690207,0.416749,0.782166,0.175245,0.222534,0.576621,0.428538,0.980475,0.452093,0.160571,0.233623,0.468991,0.399915,0.077282,0.616626,0.644696,0.996147,0.944710,0.635168,0.422752,0.157935,0.103233,11.062338,1.821066,0.057112,0.170081,0.648978,0.662841,0.483654,0.492856,0.507840,0.565657,0.839139,0.478003,0.160769,28.087709,0.000331,0.004211,10.060579,0.003663,0.003671,0.000381,0.002468,17439708.491520,0.000000
-9302015.840290,1305415.910100,60580952.566055,41.406484,-0.253317,0.793619,0.774012,0.699157,0.057747,0.654282,0.940663,0.426368,0.345716,0.226317,0.365545,0.756372,0.291833,0.282193,0.159889,0.391195,0.787836,0.329997,0.423046,0.326746,0.030297,0.463264,0.478718,0.307765,0.121284,0.009979,0.650271,0.852407,0.741345,0.233330,0.274979,0.162272,0.104017,11.312811,20.051978,0.806593,0.193242,0.662117,0.753362,0.496351,0.524164,0.731972,0.797165,0.223778,0.382336,0.590823,38.593516,0.001798,0.010177,9.338826,0.004725,0.004739,0.000845,0.002004,9302015.840290,0.000000
-15370339.118127,1540323.749069,76652468.681904,56.319191,-1.947189,0.901981,0.986762,0.724807,0.073581,0.191108,0.808909,0.338405,0.346336,0.335003,0.393200,0.827730,0.469114,0.920292,0.379908,0.386192,0.792282,0.599950,0.986498,0.871245,0.459414,0.250990,0.482714,0.636634,0.299236,0.056074,0.643948,0.965164,0.952952,0.283432,0.458293,0.432992,0.249975,11.540084,18.769051,0.489767,0.242963,0.754421,0.823694,0.660807,0.664403,0.917490,0.945265,0.857325,0.336984,0.067097,23.680809,0.007260,0.010146,12.368623,0.005050,0.005050,0.000965,0.001884,15370339.118127,0.000000
-19754587.768451,1828062.851141,128354521.102797,51.794857,-1.697790,0.847891,0.973949,0.853776,0.059798,0.762811,0.950766,0.191921,0.243202,0.185426,0.239238,0.909442,0.362786,0.263574,0.369289,0.469065,0.780121,0.771877,0.985230,0.301774,0.528599,0.211307,0.063906,0.086748,0.076595,0.618187,0.974470,0.954933,0.737539,0.994066,0.422588,0.298619,0.221785,14.573891,2.095779,0.323921,0.207027,0.574304,0.801762,0.513103,0.701508,0.762420,0.937610,0.816912,0.514665,0.142682,28.205143,0.000859,0.013831,13.262668,0.004403,0.004406,0.000314,0.002535,19754587.768451,0.000000
-6197609.981781,1256815.836415,41065293.560112,41.346722,-0.280704,0.631531,0.767310,0.268538,0.010208,0.766767,0.756739,0.739752,0.345618,0.311084,0.366037,0.593802,0.298478,0.868830,0.154708,0.214712,0.787570,0.331475,0.410136,0.807318,0.664622,0.103771,0.021430,0.308105,0.121282,0.011661,0.650912,0.860444,0.884381,0.233330,0.275103,0.261656,0.103103,13.357530,20.333802,0.315944,0.242044,0.743391,0.712614,0.551928,0.587121,0.816000,0.851341,0.244748,0.337159,0.595450,38.653278,0.003920,0.008745,1.681237,0.004636,0.004634,0.000853,0.001996,6197609.981781,0.000000
-16385038.113264,1348744.255096,91060523.819826,61.469249,-1.997494,0.659031,0.765104,0.407017,0.127859,0.336381,0.742459,0.443742,0.162795,0.322334,0.765843,0.587250,0.658859,0.779414,0.184282,0.229522,0.468809,0.446391,0.076001,0.439907,0.471602,0.230106,0.202254,0.277691,0.296188,0.223580,0.566178,0.962639,0.969288,0.292703,0.468303,0.298899,0.248686,11.355901,13.874012,0.175439,0.257903,0.714140,0.841526,0.640309,0.725578,0.892030,0.963757,0.864325,0.335903,0.045560,18.530751,0.002410,0.002425,5.392135,0.004462,0.004478,0.000687,0.002162,16385038.113264,0.000000
-6916475.584670,1313705.064615,54540526.801888,69.097898,-2.094021,0.738970,0.962912,0.365674,0.064697,0.371057,0.966886,0.736810,0.582928,0.405517,0.320408,0.651209,0.391367,0.783390,0.147958,0.189682,0.801566,0.621403,0.438432,0.312139,0.336654,0.487925,0.842067,0.311165,0.416486,0.150223,0.694163,0.996045,0.735226,0.632429,0.467023,0.332960,0.220652,8.182448,15.636028,0.178704,0.205270,0.819982,0.807291,0.727757,0.717526,0.953764,0.947427,0.876809,0.499245,0.061838,10.902102,0.002423,0.005459,6.566786,0.004662,0.004659,0.000820,0.002029,6916475.584670,0.000000
-6297110.073241,1319935.532761,56348882.011116,41.615714,-1.908211,0.686243,0.990433,0.405609,0.078456,0.797931,0.730669,0.445279,0.571117,0.659641,0.359410,0.581539,0.665542,0.334506,0.175457,0.390083,0.787551,0.333654,0.116826,0.542904,0.051881,0.235038,0.034135,0.277691,0.126464,0.006722,0.566555,0.959044,0.739870,0.235928,0.468303,0.164691,0.250739,13.815856,20.524480,0.909598,0.236488,0.770320,0.851856,0.649272,0.694574,0.852263,0.940119,0.851655,0.383944,0.044089,38.384286,0.002970,0.002938,7.245353,0.005021,0.005032,0.000879,0.001970,6297110.073241,0.000000
-19251480.545266,1580475.013202,84675602.412339,74.361458,-1.495996,0.742359,0.974696,0.726791,0.080224,0.147814,0.935293,0.404928,0.441733,0.312921,0.387490,0.757301,0.653919,0.291608,0.258950,0.431448,0.466703,0.682557,0.010625,0.868310,0.337937,0.222309,0.476718,0.087222,0.290150,0.635217,0.640524,0.934171,0.969223,0.983854,0.401476,0.158026,0.225015,11.891514,1.343592,0.236834,0.143505,0.698322,0.779671,0.617045,0.684719,0.785251,0.912089,0.775975,0.605711,0.186061,5.638542,0.003521,0.000170,11.383124,0.004346,0.004320,0.000238,0.002611,19251480.545266,0.000000
-7357318.365792,1316404.895272,45798245.284547,42.464898,-1.573012,0.948615,0.856100,0.297023,0.077967,0.708066,0.953543,0.669296,0.338251,0.350270,0.100914,0.589749,0.414812,0.893552,0.145683,0.234495,0.574885,0.580232,0.405832,0.432807,0.027516,0.215846,0.235784,0.309135,0.124437,0.045115,0.614896,0.929293,0.967236,0.650716,0.415692,0.157975,0.101368,12.235023,19.169022,0.398655,0.259381,0.794337,0.796394,0.650861,0.671152,0.788246,0.813288,0.792580,0.476351,0.147838,37.535102,0.002162,0.003702,3.163113,0.004684,0.004698,0.000887,0.001962,7357318.365792,0.000000
-5231363.184059,1471785.149437,50823114.669147,32.957611,-1.833286,0.697670,0.848033,0.693477,0.059092,0.766462,0.067714,0.667867,0.235797,0.400684,0.793868,0.750760,0.416601,0.326896,0.359092,0.869772,0.790566,0.659816,0.195768,0.135402,0.507409,0.248705,0.028476,0.552501,0.010235,0.009633,0.691880,0.925605,0.965091,0.647265,0.467777,0.261068,0.238284,14.213330,20.384376,1.043581,0.306042,0.810614,0.835270,0.716566,0.737161,0.950092,0.961383,0.847053,0.475737,0.031447,47.042389,0.003318,0.003129,1.833286,0.004855,0.004866,0.000931,0.001918,5231363.184059,0.000000
-11924635.619140,1879797.473057,76348281.660541,37.114897,-1.639898,0.954657,0.975401,0.897716,0.674239,0.321598,0.720734,0.980346,0.499246,0.233086,0.363002,0.741919,0.222912,0.906575,0.839942,0.896611,0.772759,0.582512,0.984893,0.440167,0.016117,0.213513,0.017175,0.552024,0.010296,0.219827,0.695563,0.964552,0.981159,0.625477,0.408844,0.331982,0.210363,14.224438,14.149782,0.291642,0.227426,0.720900,0.748413,0.633054,0.641251,0.883749,0.891242,0.806000,0.461804,0.181157,42.885103,0.000243,0.015064,11.508957,0.004060,0.004035,0.000578,0.002271,11924635.619140,0.000000
-12754306.346552,1195577.147205,64439133.046319,68.150649,-0.530621,0.686636,0.768219,0.303223,0.058450,0.789793,0.625192,0.666118,0.347287,0.267187,0.386734,0.741791,0.298430,0.352014,0.745381,0.895460,0.789139,0.329825,0.382463,0.293840,0.034214,0.231768,0.907682,0.390189,0.473590,0.011408,0.775608,0.933485,0.741142,0.676814,0.276766,0.163027,0.111871,8.887951,19.751965,0.057378,0.134824,0.680192,0.761196,0.602368,0.670242,0.817642,0.859488,0.411760,0.523857,0.634659,11.849351,0.005534,0.020670,0.653604,0.004345,0.004358,0.000701,0.002149,12754306.346552,0.000000
-5106370.978239,1438014.711948,54444122.955557,32.728273,-1.962889,0.550867,0.974541,0.367714,0.677393,0.774832,0.742691,0.342267,0.796120,0.314926,0.310855,0.625652,0.467876,0.275854,0.172169,0.545109,0.585666,0.596986,0.997181,0.026383,0.751113,0.246080,0.478986,0.399356,0.008632,0.000072,0.694074,0.955393,0.742261,0.277016,0.466243,0.295317,0.103964,11.124763,20.315938,0.527197,0.287619,0.710320,0.756095,0.494505,0.531604,0.741001,0.806036,0.859548,0.400739,0.046734,47.271727,0.000336,0.000250,5.627204,0.004119,0.004150,0.000521,0.002328,5106370.978239,0.000000
-6033859.778300,1285580.545623,37867584.407999,41.698198,-0.523408,0.730324,0.761426,0.286109,0.011036,0.186174,0.940557,0.739815,0.345618,0.406383,0.366229,0.695676,0.456952,0.911666,0.177155,0.432762,0.788901,0.767791,0.374847,0.332277,0.069122,0.464740,0.828379,0.311921,0.124159,0.009873,0.773308,0.855959,0.842742,0.278676,0.304458,0.303909,0.098758,8.744186,19.728611,0.330408,0.251085,0.765273,0.736875,0.565142,0.596052,0.816892,0.852610,0.407502,0.368383,0.455964,38.301802,0.004923,0.016333,0.535732,0.004554,0.004570,0.000810,0.002039,6033859.778300,0.000000
-5959371.282760,1379154.854987,41884277.953260,38.941806,-1.567530,0.739290,0.964999,0.351964,0.012161,0.181188,0.957072,0.732427,0.561790,0.402061,0.770157,0.593435,0.391367,0.277540,0.714945,0.215800,0.811886,0.620626,0.988207,0.130657,0.058775,0.472844,0.057896,0.308118,0.079734,0.042756,0.694163,0.928474,0.962645,0.631889,0.415242,0.259811,0.220652,12.721282,19.374741,0.361289,0.282695,0.818741,0.785304,0.721762,0.694373,0.950510,0.932229,0.791440,0.470558,0.148570,41.058194,0.006982,0.006667,2.291361,0.004576,0.004603,0.000798,0.002051,5959371.282760,0.000000
-17302482.315883,1943422.786630,76619434.969446,47.467091,-1.592286,0.909987,0.981207,0.805546,0.677239,0.226277,0.785163,0.658579,0.543480,0.209502,0.849178,0.760222,0.313153,0.910989,0.110964,0.391482,0.777559,0.602145,0.418084,0.453688,0.504284,0.232082,0.002906,0.383749,0.025647,0.662529,0.011775,0.943119,0.857810,0.596022,0.411888,0.331924,0.215990,14.116200,0.833153,0.169440,0.158850,0.727828,0.757660,0.601915,0.608078,0.870045,0.877228,0.796540,0.493165,0.163583,32.532909,0.000160,0.009642,12.976388,0.003384,0.003376,0.000247,0.002602,17302482.315883,0.000000
-9436476.642781,1820654.654262,64228655.875619,35.199078,-1.937141,0.914147,0.781400,0.879746,0.677176,0.223085,0.818794,0.995759,0.269899,0.350410,0.848951,0.694474,0.678642,0.770827,0.868859,0.887923,0.777209,0.574733,0.925599,0.434949,0.807614,0.229133,0.016425,0.381856,0.000415,0.163928,0.695478,0.952867,0.739881,0.576336,0.463171,0.331871,0.313872,14.160371,15.807727,0.235711,0.231864,0.779394,0.781909,0.685781,0.688101,0.932933,0.934215,0.855885,0.516327,0.051923,44.800922,0.006867,0.014141,8.776154,0.003949,0.003965,0.000679,0.002170,9436476.642781,0.000000
-7248993.181995,1513326.763390,52547598.068583,34.672093,-1.903894,0.742973,0.981706,0.357525,0.695928,0.778224,0.785580,0.664347,0.525400,0.322789,0.772167,0.760222,0.383950,0.333486,0.248716,0.467235,0.771433,0.571046,0.700026,0.453926,0.505421,0.233550,0.593912,0.389930,0.025760,0.031379,0.668296,0.933509,0.749870,0.577504,0.467978,0.333910,0.215152,10.705971,19.289953,0.360194,0.278206,0.807955,0.815771,0.711639,0.720279,0.945461,0.952405,0.851013,0.526417,0.034285,45.327907,0.000620,0.014481,5.557312,0.003839,0.003857,0.000374,0.002475,7248993.181995,0.000000
-15873910.062029,1883811.502059,69986200.488867,45.094656,-1.913393,0.655387,0.969975,0.887786,0.001249,0.146450,0.745003,0.696932,0.518841,0.247443,0.795583,0.697038,0.703838,0.901670,0.040043,0.893619,0.585938,0.536346,0.977464,0.298710,0.064909,0.230646,0.479481,0.396939,0.011041,0.615536,0.206331,0.937574,0.965086,0.471405,0.467394,0.289613,0.099506,13.302105,1.817959,0.334745,0.177206,0.560395,0.579406,0.349398,0.363879,0.385908,0.441813,0.852421,0.406981,0.037112,34.905344,0.000561,0.012323,11.976657,0.004356,0.004361,0.000314,0.002535,15873910.062029,0.000000
-10333139.820352,1474695.417215,64943854.651312,39.056053,-1.821162,0.845125,0.846510,0.869005,0.071685,0.803033,0.937145,0.711983,0.354710,0.606544,0.247545,0.841304,0.311568,0.272343,0.155147,0.251360,0.968684,0.764384,0.424853,0.051909,0.021000,0.111619,0.061951,0.284805,0.077067,0.056709,0.959248,0.954242,0.916975,0.690565,0.442896,0.165832,0.170386,14.109076,19.005095,0.929393,0.261859,0.770892,0.800734,0.684213,0.707874,0.902426,0.913953,0.838162,0.509781,0.095554,40.943947,0.001220,0.003694,12.098365,0.004728,0.004741,0.000737,0.002112,10333139.820352,0.000000
-14588556.888414,1640987.280428,89434271.224051,42.906946,-1.866592,0.697177,0.974013,0.867840,0.064773,0.210107,0.625157,0.664127,0.336655,0.202410,0.795667,0.694902,0.469556,0.330312,0.142874,0.279150,0.586564,0.655667,0.089890,0.293097,0.301648,0.110881,0.485742,0.396282,0.027054,0.428825,0.444103,0.939082,0.743694,0.642904,0.458532,0.273320,0.249467,12.713964,7.403556,0.748034,0.221243,0.705664,0.805054,0.619176,0.709466,0.869135,0.946434,0.845350,0.522823,0.055722,37.093054,0.002282,0.001029,9.854149,0.004444,0.004418,0.000333,0.002516,14588556.888414,0.000000
-10455688.564941,1458535.498134,73276649.291821,37.911107,-1.503099,0.684510,0.762705,0.820673,0.674325,0.845169,0.728585,0.691494,0.593951,0.334889,0.810129,0.592943,0.429527,0.291140,0.730204,0.545076,0.581300,0.315053,0.431814,0.308082,0.298903,0.123819,0.152042,0.280466,0.075859,0.009615,0.694696,0.860612,0.958866,0.648651,0.439864,0.157121,0.201168,13.117249,20.365300,0.345557,0.232783,0.730856,0.799075,0.646852,0.703473,0.839915,0.934414,0.777560,0.478416,0.061775,42.088893,0.001357,0.006236,5.312040,0.004030,0.004050,0.000617,0.002232,10455688.564941,0.000000
-10316676.241418,1438874.077093,74262754.447643,37.983355,-1.525007,0.736462,0.761227,0.820673,0.674344,0.846369,0.728585,0.691494,0.593495,0.420299,0.830567,0.592943,0.429527,0.290747,0.199135,0.455229,0.780668,0.315067,0.421934,0.308406,0.296849,0.123819,0.151339,0.294913,0.076822,0.009615,0.613188,0.861663,0.958866,0.456081,0.442908,0.157121,0.200824,13.157617,20.366861,0.501619,0.230138,0.730644,0.802013,0.647463,0.682050,0.796733,0.914547,0.782380,0.402942,0.055706,42.016645,0.000436,0.006187,6.029238,0.004067,0.004091,0.000686,0.002163,10316676.241418,0.000000
-4518991.633264,1348850.559416,35412870.064875,34.369527,-1.401875,0.687019,0.677481,0.284308,0.011631,0.768928,0.692424,0.741712,0.488066,0.335829,0.844968,0.447560,0.461200,0.325768,0.728851,0.213082,0.772583,0.621326,0.120676,0.430049,0.663086,0.113564,0.868743,0.280473,0.027017,0.009500,0.452519,0.945695,0.749545,0.927258,0.439861,0.298327,0.250857,9.428523,19.658194,0.418731,0.292364,0.844262,0.808111,0.745842,0.716248,0.963646,0.946597,0.830658,0.522724,0.098607,45.630473,0.011214,0.007033,1.401875,0.004594,0.004612,0.000809,0.002040,4518991.633264,0.000000
-18724413.633281,1922544.997414,79172644.033413,47.468125,-1.618435,0.909987,0.981766,0.805546,0.163669,0.318335,0.785163,0.664362,0.347050,0.209611,0.775708,0.748265,0.313153,0.928688,0.110964,0.389697,0.777579,0.771167,0.990839,0.453688,0.513814,0.120177,0.002906,0.383874,0.025657,0.662529,0.011775,0.951229,0.854808,0.596022,0.411982,0.329902,0.215990,15.098598,0.798682,0.240251,0.171823,0.721365,0.770874,0.615891,0.622486,0.880502,0.888281,0.801791,0.494261,0.167068,32.531875,0.000844,0.009343,12.875431,0.004060,0.004047,0.000580,0.002269,18724413.633281,0.000000
-11208823.325784,1664664.473808,72878535.411566,38.221006,-1.805492,0.953379,0.972936,0.859204,0.677425,0.775275,0.683735,0.668954,0.497400,0.226420,0.121039,0.760690,0.381778,0.910534,0.749784,0.454855,0.779975,0.599312,0.983142,0.267602,0.668906,0.227911,0.601223,0.292050,0.078098,0.011802,0.021598,0.941572,0.988355,0.641668,0.468037,0.260006,0.251659,11.031170,19.963359,0.468664,0.213163,0.727427,0.817993,0.636798,0.705428,0.857644,0.930422,0.835606,0.465675,0.037469,41.778994,0.003567,0.007900,10.706010,0.004734,0.004717,0.000801,0.002048,11208823.325784,0.000000
-10971403.433486,1368905.781611,61646546.217128,54.961566,-1.829068,0.796054,0.761803,0.799647,0.015896,0.788610,0.948964,0.739807,0.514626,0.398200,0.366229,0.573567,0.298852,0.329313,0.755460,0.213088,0.789510,0.583518,0.990010,0.431693,0.512002,0.127783,0.003564,0.546976,0.303293,0.009648,0.447963,0.947057,0.956658,0.222660,0.447962,0.302157,0.250520,13.370225,20.564429,0.343386,0.218449,0.791750,0.806954,0.660249,0.666091,0.938648,0.946539,0.839437,0.312073,0.081409,25.038434,0.001526,0.005510,10.030104,0.004399,0.004414,0.000727,0.002122,10971403.433486,0.000000
-9799195.473575,1602042.371880,62981013.552427,38.140494,-1.929514,0.953379,0.972349,0.859204,0.164671,0.321059,0.683735,0.668954,0.497400,0.228511,0.120267,0.748733,0.381778,0.928209,0.749784,0.221786,0.573291,0.768018,0.983201,0.043602,0.372757,0.117720,0.601223,0.394033,0.077031,0.011802,0.021846,0.941504,0.953036,0.641668,0.468037,0.433890,0.251659,11.049041,19.936049,0.642947,0.268221,0.783080,0.822473,0.691555,0.724314,0.935559,0.955468,0.854781,0.477685,0.037441,41.859506,0.003796,0.002321,10.019017,0.004897,0.004896,0.000797,0.002052,9799195.473575,0.000000
-11881891.336922,1529129.716983,80218093.666189,39.116728,-1.893617,0.656310,0.977357,0.841892,0.666057,0.370236,0.754968,0.657263,0.513506,0.320746,0.775030,0.833794,0.389102,0.291015,0.266934,0.391496,0.783871,0.571369,0.436190,0.299035,0.296428,0.462761,0.595103,0.274591,0.077577,0.052872,0.670233,0.933675,0.958209,0.712695,0.466106,0.158165,0.238054,10.818249,18.708708,0.722998,0.237529,0.738244,0.818005,0.655648,0.723032,0.824636,0.935437,0.849474,0.503750,0.038085,40.883272,0.000753,0.005798,10.557446,0.004703,0.004683,0.000558,0.002291,11881891.336922,0.000000
-5288455.637277,1290141.540135,38926341.489184,38.136583,-0.280644,0.685719,0.768033,0.289179,0.045604,0.660605,0.724073,0.668939,0.335278,0.165419,0.790321,0.583392,0.298444,0.882549,0.359236,0.390069,0.787773,0.594498,0.923821,0.326746,0.030297,0.228424,0.022711,0.332023,0.078588,0.011661,0.650276,0.860773,0.739113,0.240537,0.274979,0.162599,0.106608,13.035352,20.325158,0.309446,0.207807,0.733961,0.745866,0.514902,0.550710,0.777355,0.827161,0.244703,0.386176,0.596267,41.863417,0.006050,0.015937,3.296562,0.004506,0.004502,0.000831,0.002018,5288455.637277,0.000000
-9410714.989733,1443879.360760,58150464.442229,41.439009,-2.011605,0.743185,0.847848,0.693983,0.070957,0.805069,0.859724,0.885465,0.337726,0.351998,0.360589,0.745322,0.414777,0.884607,0.165609,0.246912,0.591385,0.611647,0.394288,0.207626,0.496231,0.109418,0.493130,0.938921,0.121787,0.009633,0.612390,0.968120,0.962416,0.454042,0.467777,0.332582,0.249738,11.452507,20.069676,0.656229,0.289397,0.799050,0.796825,0.708568,0.706971,0.943726,0.942450,0.866226,0.401029,0.048861,38.560991,0.002820,0.005758,9.465626,0.004821,0.004828,0.000698,0.002151,9410714.989733,0.000000
-10914465.637181,1224794.131533,59171530.804017,61.431508,-0.181202,0.659674,0.761803,0.284427,0.006852,0.769204,0.956944,0.680275,0.345387,0.394329,0.366229,0.593802,0.298852,0.355832,0.747575,0.208873,0.789510,0.583518,0.374207,0.301503,0.507439,0.220128,0.636418,0.533628,0.386679,0.009648,0.448384,0.960187,0.952166,0.385822,0.447824,0.302112,0.250520,9.834625,19.986225,0.126308,0.247483,0.795862,0.815462,0.708384,0.724837,0.940685,0.950660,0.845800,0.377447,0.087299,18.568492,0.006350,0.007396,0.181202,0.004428,0.004440,0.000725,0.002124,10914465.637181,0.000000
-5795094.814582,1298060.542938,55939750.369184,54.668364,-1.778205,0.787063,0.973994,0.308006,0.066142,0.793102,0.693030,0.736834,0.587611,0.655886,0.386410,0.571679,0.312468,0.756648,0.188566,0.317811,0.765704,0.572289,0.996466,0.429952,0.754670,0.109902,0.130420,0.911961,0.299035,0.009324,0.499431,0.941803,0.938191,0.668116,0.442271,0.259334,0.198319,12.609873,20.441237,0.314946,0.228865,0.798848,0.803307,0.708309,0.712262,0.942092,0.944303,0.831059,0.493284,0.091581,25.331636,0.003653,0.009499,5.761789,0.004852,0.004855,0.000963,0.001886,5795094.814582,0.000000
-14589439.599446,1352441.970534,72269847.306590,56.113305,-1.580174,0.960547,0.854453,0.700624,0.058992,0.176992,0.952904,0.669296,0.236322,0.400827,0.100914,0.756756,0.459985,0.893552,0.147344,0.234495,0.482579,0.579110,0.404329,0.140667,0.007917,0.192383,0.241159,0.308979,0.302155,0.045115,0.694996,0.931551,0.967242,0.286241,0.415692,0.157662,0.201803,12.689208,19.264674,0.479032,0.205049,0.747163,0.806369,0.648932,0.655752,0.858857,0.931657,0.794061,0.333967,0.148866,23.886695,0.002501,0.003073,12.130313,0.004774,0.004781,0.000838,0.002011,14589439.599446,0.000000
-5546919.371493,1320660.547300,44508520.256566,41.863451,-1.895905,0.959502,0.745192,0.307794,0.071438,0.761358,0.735694,0.676881,0.079988,0.304157,0.126333,0.581477,0.385481,0.772495,0.180828,0.391061,0.528114,0.574469,0.980051,0.436616,0.300006,0.108263,0.023080,0.298751,0.119805,0.037066,0.024019,0.930400,0.970794,0.617364,0.468301,0.332573,0.099691,13.230980,19.571075,0.332169,0.283655,0.797864,0.825700,0.650839,0.672911,0.805753,0.833331,0.849818,0.462124,0.032371,38.136549,0.003277,0.007603,3.886051,0.004628,0.004625,0.000904,0.001945,5546919.371493,0.000000
-17369491.456834,1329700.299387,82353686.206319,73.854720,-1.251706,0.685779,0.852667,0.493304,0.072440,0.644268,0.947775,0.437162,0.256277,0.343526,0.369720,0.758152,0.331981,0.781847,0.113070,0.392330,0.777703,0.769149,0.423069,0.287706,0.030295,0.233525,0.191240,0.305183,0.478526,0.148309,0.649853,0.860420,0.746144,0.246752,0.400371,0.262040,0.112448,11.912451,16.239663,0.275676,0.149870,0.694364,0.740136,0.520446,0.525857,0.758369,0.801504,0.713984,0.386469,0.154252,6.145280,0.001469,0.015121,8.753114,0.004662,0.004658,0.000715,0.002134,17369491.456834,0.000000
-8117809.045506,1664192.158747,52527444.791021,36.497540,-1.813320,0.916425,0.973196,0.371209,0.677414,0.802099,0.950863,0.980354,0.345412,0.350410,0.827417,0.594729,0.678642,0.770242,0.750576,0.868106,0.777216,0.577712,0.983006,0.437111,0.084637,0.235158,0.904876,0.690755,0.013949,0.165409,0.099462,0.953940,0.748720,0.450763,0.444092,0.331871,0.224840,10.009527,15.012650,0.212544,0.211429,0.790922,0.775500,0.637145,0.648758,0.914900,0.922419,0.836888,0.472739,0.092788,43.502460,0.005169,0.016927,8.811525,0.004110,0.004130,0.000540,0.002309,8117809.045506,0.000000
-7975806.103700,1640270.778647,53083954.327806,33.631123,-1.772229,0.655642,0.961348,0.818353,0.058500,0.834660,0.857666,0.901860,0.533425,0.403873,0.324980,0.570612,0.660791,0.882830,0.167112,0.894563,0.683936,0.774800,0.925005,0.438478,0.344321,0.229083,0.171646,0.387364,0.009905,0.043712,0.680048,0.930183,0.735121,0.264891,0.447376,0.436262,0.216078,13.532323,19.294978,0.673202,0.263708,0.774938,0.772342,0.595416,0.610588,0.909596,0.920604,0.830046,0.397987,0.014885,46.368877,0.003115,0.022057,10.048703,0.004631,0.004628,0.000629,0.002220,7975806.103700,0.000000
-11273734.927100,1757044.244072,71262014.510439,41.668686,-2.001920,0.914147,0.975651,0.879746,0.068105,0.809368,0.818794,0.980354,0.337752,0.350402,0.849592,0.694474,0.678642,0.884425,0.871897,0.887923,0.777207,0.581778,0.925599,0.433115,0.791132,0.228942,0.255295,0.944058,0.079089,0.162414,0.695478,0.968180,0.747942,0.996560,0.466067,0.331871,0.314488,13.314618,15.701457,0.492901,0.224510,0.764584,0.768322,0.674953,0.678282,0.924351,0.926429,0.864924,0.513996,0.052342,38.331314,0.011409,0.019916,12.865974,0.004708,0.004711,0.000967,0.001882,11273734.927100,0.000000
-4823615.697270,1426036.607227,42562669.742286,32.388324,-1.099738,0.743185,0.847848,0.284005,0.670835,0.243383,0.724135,0.667867,0.269873,0.351000,0.794549,0.568718,0.414777,0.771011,0.364957,0.246912,0.591385,0.593783,0.405303,0.342755,0.512712,0.111624,0.581895,0.403072,0.000982,0.011179,0.612390,0.952807,0.960184,0.432341,0.467777,0.164286,0.251713,10.482396,19.865928,0.181519,0.285382,0.826360,0.833891,0.714422,0.737106,0.895125,0.927684,0.859651,0.393228,0.042589,47.611676,0.001328,0.005974,1.099738,0.003244,0.003264,0.000191,0.002658,4823615.697270,0.000000
-16552113.937065,1688664.468985,96085143.665993,51.895890,-1.954379,0.796505,0.996694,0.489516,0.001354,0.578140,0.727756,0.439191,0.269808,0.350429,0.809453,0.689875,0.414237,0.782166,0.175245,0.226782,0.777110,0.572179,0.980510,0.438232,0.160571,0.231365,0.159728,0.399709,0.077282,0.618673,0.700722,0.952485,0.747896,0.981544,0.466351,0.156324,0.307250,13.229160,1.964946,0.229927,0.190762,0.675235,0.821404,0.558205,0.714302,0.734798,0.933340,0.858348,0.519614,0.045321,28.104110,0.005239,0.005728,9.548079,0.004443,0.004439,0.000669,0.002180,16552113.937065,0.000000
-10726059.655821,1825396.185794,68245170.349236,35.235681,-1.826585,0.914147,0.975651,0.879746,0.667972,0.248300,0.814142,0.980354,0.491450,0.323215,0.848951,0.694474,0.681155,0.770827,0.871897,0.883675,0.574953,0.336512,0.925599,0.115635,0.807614,0.228970,0.456998,0.382062,0.000415,0.161882,0.695478,0.996524,0.944757,0.638629,0.422468,0.333482,0.109926,12.204842,15.524069,0.394746,0.242784,0.665885,0.682712,0.514033,0.526955,0.624830,0.651941,0.839038,0.479351,0.161631,44.764319,0.007056,0.001880,12.760676,0.004504,0.004506,0.000880,0.001969,10726059.655821,0.000000
-19746875.324750,1978162.895320,86716765.441739,47.706904,-0.598204,0.910050,0.981706,0.805546,0.677239,0.772550,0.785163,0.664362,0.347050,0.209502,0.366959,0.759823,0.381876,0.907624,0.095705,0.265689,0.777559,0.602742,0.983007,0.455584,0.505090,0.232082,0.015123,0.383874,0.026641,0.669052,0.011775,0.951229,0.855940,0.596022,0.278041,0.332229,0.112122,14.134352,0.620907,0.139166,0.141946,0.586913,0.604894,0.416547,0.425174,0.465954,0.516200,0.450202,0.493848,0.356137,32.293096,0.000126,0.005169,12.512252,0.003779,0.003769,0.000172,0.002677,19746875.324750,0.000000
-10404923.078495,1255360.860326,58375128.081521,61.223201,-0.235792,0.659587,0.977336,0.283875,0.011069,0.770140,0.956944,0.739807,0.345387,0.401592,0.364962,0.593802,0.298852,0.295404,0.247063,0.208873,0.789719,0.766660,0.371266,0.437501,0.412971,0.220128,0.003564,0.546976,0.386679,0.009636,0.446956,0.960409,0.938161,0.631172,0.447824,0.301454,0.254622,12.051305,20.521825,0.343118,0.237565,0.798543,0.798581,0.709775,0.710072,0.942113,0.941994,0.845906,0.478697,0.087393,18.776799,0.005411,0.006973,0.235792,0.004513,0.004541,0.000768,0.002081,10404923.078495,0.000000
-3712638.071315,1453946.251953,37126647.499186,32.501249,-1.292814,0.659676,0.760216,0.324976,0.010843,0.796142,0.151420,0.660601,0.345745,0.555532,0.682666,0.739033,0.674138,0.778586,0.745003,0.899658,0.781849,0.584450,0.374131,0.431956,0.507102,0.256395,0.003500,0.548992,0.004617,0.008092,0.695598,0.929575,0.955812,0.389557,0.466775,0.334248,0.250435,13.843925,20.426151,0.518190,0.324647,0.845269,0.840004,0.716975,0.736613,0.963421,0.963339,0.848093,0.377800,0.035066,47.498751,0.028465,0.036396,1.292814,0.004971,0.004980,0.001044,0.001805,3712638.071315,0.000000
-14875153.821602,1384886.780162,84931326.606490,54.337384,-1.989277,0.659031,0.975323,0.868628,0.078456,0.796525,0.742447,0.446042,0.193294,0.658700,0.765902,0.588381,0.661016,0.273486,0.175144,0.463581,0.782206,0.446391,0.087402,0.552353,0.335433,0.234608,0.198530,0.399607,0.296287,0.004901,0.569518,0.960016,0.986017,0.632791,0.468303,0.298414,0.102948,13.096712,20.518673,0.941476,0.259080,0.739043,0.794383,0.642111,0.649236,0.756383,0.805959,0.863206,0.463017,0.044487,25.662616,0.001715,0.000720,9.569256,0.004721,0.004729,0.000693,0.002156,14875153.821602,0.000000
-3742903.526331,1444179.121646,40241863.965742,32.501012,-1.882971,0.656860,0.982593,0.324647,0.010817,0.768975,0.131118,0.660601,0.343256,0.401591,0.681399,0.445719,0.671759,0.292505,0.243932,0.904670,0.782058,0.767591,0.371190,0.437763,0.674022,0.256395,0.003500,0.548992,0.004617,0.008080,0.721225,0.929097,0.748390,0.634907,0.466775,0.334188,0.250522,14.071503,20.426590,0.839892,0.307478,0.837365,0.834398,0.738705,0.736492,0.962307,0.960930,0.847863,0.528339,0.034870,47.498988,0.008436,0.026364,3.762680,0.004869,0.004887,0.000975,0.001874,3742903.526331,0.000000
-4548317.175593,1373413.825453,35376119.530095,34.369398,-1.743261,0.741700,0.676207,0.284084,0.011657,0.796937,0.712727,0.741712,0.490098,0.420898,0.844968,0.740874,0.463579,0.325957,0.198342,0.208066,0.810832,0.668829,0.120676,0.430373,0.401698,0.113564,0.868040,0.294920,0.027017,0.009500,0.424794,0.929547,0.956905,0.940111,0.442905,0.297729,0.254529,9.111183,19.667338,0.675238,0.309993,0.842471,0.804548,0.742971,0.711894,0.963312,0.945192,0.825051,0.593413,0.084913,45.630602,0.005975,0.006312,1.821771,0.004674,0.004693,0.000860,0.001989,4548317.175593,0.000000
-6020951.438844,1414675.191765,41435080.194447,37.085484,-1.892549,0.927640,0.975728,0.278252,0.166993,0.778229,0.954177,0.745980,0.500962,0.229266,0.211201,0.676379,0.450504,0.914391,0.379366,0.408470,0.579357,0.691506,0.919243,0.266512,0.428949,0.231329,0.015692,0.720399,0.066079,0.006767,0.679943,0.928983,0.987967,0.449320,0.468498,0.159450,0.246423,13.450495,20.508447,0.387581,0.272511,0.841203,0.799748,0.714919,0.709901,0.920290,0.922155,0.849313,0.391267,0.031401,42.914516,0.007299,0.008774,4.013921,0.004626,0.004642,0.000843,0.002006,6020951.438844,0.000000
-3832692.577970,1495995.291318,40359467.498011,32.259808,-1.628659,0.954679,0.976185,0.324068,0.062483,0.798688,0.145123,0.660601,0.345745,0.401591,0.679641,0.809422,0.674138,0.292505,0.244109,0.278912,0.782037,0.317134,0.977387,0.437903,0.415397,0.218139,0.003500,0.305091,0.001444,0.007919,0.694600,0.850721,0.965853,0.633382,0.466477,0.333590,0.106806,14.191537,20.445430,0.716094,0.311713,0.775300,0.805968,0.630575,0.655358,0.803931,0.833947,0.803807,0.470050,0.003280,47.740192,0.005938,0.006403,4.214665,0.004805,0.004822,0.000933,0.001916,3832692.577970,0.000000
-15759571.898088,1363624.602535,78476207.988272,54.908977,-1.790831,0.695988,0.755951,0.874899,0.149360,0.195440,0.948175,0.357661,0.354600,0.286080,0.237641,0.599373,0.474283,0.272595,0.754107,0.844289,0.789805,0.767657,0.283151,0.430595,0.506161,0.255669,0.001773,0.397403,0.303289,0.008077,0.695607,0.944146,0.960243,0.276896,0.443136,0.163234,0.200767,13.597575,20.595860,0.466725,0.213045,0.746019,0.819767,0.642800,0.649131,0.854067,0.928963,0.833179,0.332318,0.090685,25.091023,0.001456,0.006472,9.167064,0.004378,0.004391,0.000631,0.002218,15759571.898088,0.000000
-8435444.248220,1514072.453610,58254224.905079,34.790721,-1.944193,0.690618,0.775494,0.901156,0.068229,0.148918,0.756370,0.677888,0.474521,0.402893,0.675896,0.453422,0.392459,0.291534,0.192493,0.232496,0.781425,0.322379,0.974972,0.854263,0.010147,0.229838,0.199611,0.393438,0.028380,0.030956,0.855282,0.949358,0.897935,0.289831,0.466291,0.324701,0.238326,13.027354,19.636988,0.618985,0.293966,0.793139,0.822882,0.667760,0.683912,0.940773,0.955489,0.856897,0.355833,0.044158,45.209279,0.002033,0.007912,6.413787,0.004182,0.004194,0.000593,0.002256,8435444.248220,0.000000
-6400831.776106,1322285.371869,48287656.427965,40.933966,-0.878904,0.685180,0.989517,0.365448,0.057898,0.318181,0.742438,0.442294,0.568201,0.161388,0.386683,0.593489,0.657351,0.800832,0.716791,0.450718,0.788047,0.317093,0.417594,0.552986,0.912112,0.235920,0.978003,0.282671,0.112649,0.012803,0.743411,0.960169,0.958706,0.391257,0.307093,0.154961,0.106454,9.171139,19.537993,0.384230,0.237336,0.753635,0.772838,0.572707,0.596181,0.773925,0.813097,0.584762,0.377584,0.512660,39.066034,0.013609,0.019119,5.205137,0.004873,0.004881,0.000962,0.001887,6400831.776106,0.000000
-15586487.005774,1404766.734154,77759823.174789,61.297118,-1.989277,0.659031,0.990376,0.407017,0.078147,0.807116,0.742447,0.443742,0.193294,0.656631,0.767097,0.561849,0.659732,0.779414,0.175144,0.390083,0.595766,0.447877,0.080062,0.279989,0.167985,0.236031,0.204895,0.399607,0.294160,0.223552,0.566603,0.960016,0.977454,0.668430,0.468303,0.296555,0.200490,12.758024,13.888737,0.479217,0.245597,0.754640,0.833702,0.672464,0.737989,0.918720,0.953294,0.863206,0.479760,0.044487,18.702882,0.002966,0.002860,6.979628,0.004916,0.004898,0.000747,0.002102,15586487.005774,0.000000
-16325913.949532,1320783.946123,79370077.485394,64.111395,-1.627364,0.793619,0.774012,0.699157,0.057747,0.654282,0.940663,0.426368,0.348147,0.225335,0.321563,0.756372,0.291833,0.281749,0.147681,0.336765,0.801602,0.333400,0.423067,0.326746,0.050929,0.489289,0.849503,0.307765,0.421107,0.009979,0.694283,0.848286,0.849506,0.635924,0.467635,0.334087,0.104017,8.738586,19.864126,0.581513,0.216291,0.734152,0.816425,0.651390,0.673751,0.810455,0.844229,0.803553,0.512542,0.000050,15.888605,0.001805,0.010365,9.366618,0.004724,0.004738,0.000820,0.002029,16325913.949532,0.000000
-19582040.940424,1801666.902897,130932024.021928,51.784741,-1.697838,0.847891,0.982102,0.853776,0.059082,0.762811,0.774994,0.191921,0.243202,0.209879,0.367862,0.756007,0.363065,0.263574,0.366997,0.263081,0.780121,0.771877,0.985230,0.301774,0.505119,0.211660,0.014201,0.086748,0.076595,0.618187,0.979859,0.954948,0.737539,0.993463,0.422588,0.298619,0.110376,14.688571,2.133879,0.323873,0.211176,0.567178,0.774800,0.507844,0.653782,0.695392,0.770436,0.816921,0.514659,0.142689,28.215259,0.000975,0.005624,11.838487,0.004244,0.004261,0.000260,0.002589,19582040.940424,0.000000
-7088422.467681,1348198.509933,46744311.265986,40.986916,-0.869198,0.687754,0.929913,0.367173,0.058469,0.762670,0.737240,0.655006,0.344268,0.179818,0.385022,0.910418,0.364755,0.384880,0.730059,0.450718,0.788047,0.780076,0.976270,0.339589,0.673188,0.118790,0.997651,0.279920,0.116323,0.003464,0.748425,0.954655,0.959524,0.994090,0.308005,0.156433,0.106454,9.102730,19.806701,0.456435,0.234126,0.760445,0.748937,0.670072,0.660872,0.807034,0.816886,0.580712,0.601912,0.505576,39.013084,0.006689,0.018876,5.137340,0.004738,0.004743,0.000897,0.001952,7088422.467681,0.000000
-21864843.215081,1746211.222455,116127420.844562,71.173835,-1.410826,0.950268,0.976011,0.868833,0.070767,0.870474,0.935812,0.352437,0.247936,0.209695,0.140504,0.840090,0.391750,0.246944,0.163687,0.387792,0.777044,0.598868,0.886790,0.823394,0.328597,0.211252,0.476728,0.275119,0.264232,0.618996,0.609694,0.865106,0.960267,0.996197,0.422622,0.190555,0.216232,11.824372,1.856433,0.181398,0.136052,0.602317,0.784346,0.532025,0.682836,0.762964,0.919094,0.756058,0.614074,0.102312,8.826165,0.001030,0.008752,14.269092,0.004288,0.004305,0.000374,0.002475,21864843.215081,0.000000
-16386834.954166,1832094.170472,72052955.050173,51.940670,-1.827213,0.796505,0.996023,0.871781,0.001354,0.581840,0.745253,0.695592,0.491359,0.323235,0.809484,0.689875,0.703937,0.782166,0.175245,0.222534,0.574855,0.333957,0.980510,0.296778,0.162138,0.231393,0.457872,0.399915,0.077581,0.616626,0.631536,0.996147,0.944644,0.635168,0.422752,0.297000,0.103305,13.141213,1.849420,0.253328,0.192249,0.641140,0.653457,0.477389,0.486035,0.541476,0.574327,0.839139,0.478026,0.160769,28.059330,0.005239,0.004290,11.165189,0.004214,0.004223,0.000298,0.002551,16386834.954166,0.000000
-17368190.187455,1318020.317917,87117123.348671,73.856206,-1.604267,0.658998,0.855181,0.491526,0.064579,0.226173,0.948285,0.435810,0.141970,0.340281,0.138901,0.596241,0.459798,0.781847,0.177760,0.537474,0.801261,0.648950,0.432030,0.287706,0.031288,0.243796,0.195307,0.399289,0.478526,0.148309,0.855361,0.845543,0.958799,0.245726,0.465194,0.161800,0.225448,11.469457,16.224827,0.205619,0.179217,0.713406,0.827484,0.635475,0.681636,0.869247,0.951213,0.798963,0.320516,0.003634,6.143794,0.003329,0.026173,7.557123,0.004699,0.004709,0.000668,0.002181,17368190.187455,0.000000
-13763337.517870,1358969.993794,69092564.405826,54.326759,-0.562289,0.686264,0.763876,0.840646,0.009604,0.766767,0.953301,0.743030,0.356466,0.313179,0.366358,0.593802,0.296846,0.878133,0.146039,0.144669,0.787798,0.689249,0.442041,0.766980,0.505816,0.106905,0.027621,0.308089,0.293464,0.012611,0.650726,0.860373,0.737381,0.233223,0.307382,0.261656,0.216114,13.481058,20.445320,0.316510,0.160375,0.670205,0.730651,0.586539,0.637174,0.824621,0.877633,0.430097,0.383621,0.448160,25.673241,0.002432,0.004105,7.655047,0.004327,0.004342,0.000467,0.002382,13763337.517870,0.000000
-15356021.338224,1617148.404078,74543404.418165,51.814656,-1.825502,0.795854,0.996694,0.489516,0.001354,0.777343,0.723105,0.439191,0.491359,0.323235,0.222730,0.689963,0.450461,0.781786,0.172900,0.215943,0.574855,0.333957,0.980510,0.118917,0.432546,0.231329,0.042090,0.718005,0.077178,0.616626,0.644696,0.995594,0.956396,0.447721,0.422752,0.157911,0.103305,13.990925,2.128105,0.295140,0.195304,0.664375,0.685939,0.462795,0.478551,0.586342,0.651505,0.838863,0.400440,0.160521,28.185344,0.005117,0.004152,10.263043,0.004499,0.004468,0.000371,0.002478,15356021.338224,0.000000
-13457192.345805,1808370.452722,65696767.531638,51.526646,-1.894247,0.928566,0.973064,0.832778,0.059209,0.569173,0.956077,0.897285,0.500962,0.213211,0.797924,0.676292,0.416792,0.919663,0.381712,0.415444,0.574738,0.597901,0.906138,0.266512,0.156974,0.231392,0.458567,0.401842,0.076576,0.602953,0.683119,0.929518,0.944758,0.636767,0.468498,0.159474,0.100651,12.837806,2.275769,0.223068,0.164321,0.606650,0.619851,0.438758,0.448909,0.421326,0.436779,0.849568,0.478617,0.031619,28.473354,0.004213,0.008744,15.720407,0.004174,0.004184,0.000599,0.002250,13457192.345805,0.000000
-3674279.441560,1411104.357993,36798583.429170,32.550332,-1.313886,0.676374,0.760216,0.324976,0.010843,0.709128,0.151420,0.660827,0.345881,0.555532,0.682666,0.748049,0.673794,0.778586,0.745003,0.895549,0.781316,0.587416,0.374131,0.140821,0.507102,0.256395,0.234860,0.549277,0.004617,0.008538,0.695598,0.929575,0.967255,0.389557,0.463889,0.159959,0.250435,12.617373,20.219715,0.544774,0.294652,0.849989,0.843762,0.711872,0.732415,0.918101,0.950208,0.845533,0.374323,0.040848,47.449668,0.029923,0.022227,1.313886,0.004920,0.004930,0.001011,0.001838,3674279.441560,0.000000
-5998943.238661,1499780.766320,42361428.102351,34.001776,-0.540915,0.834661,0.975048,0.371209,0.371117,0.802099,0.950727,0.980765,0.345412,0.353225,0.216286,0.593352,0.677103,0.780268,0.154032,0.868106,0.578499,0.577712,0.983006,0.451848,0.084637,0.235158,0.908255,0.690755,0.013949,0.040156,0.043999,0.951875,0.754296,0.450763,0.271567,0.331871,0.224839,9.253660,18.759969,0.516333,0.216905,0.747706,0.666536,0.649920,0.582685,0.877993,0.798503,0.417785,0.470666,0.301053,45.998224,0.000629,0.014746,8.825297,0.004699,0.004712,0.000872,0.001977,5998943.238661,0.000000
-13689086.041560,1653226.384632,75909813.921788,41.866208,-1.544709,0.790724,0.973190,0.806657,0.677150,0.227687,0.759782,0.676348,0.517781,0.193698,0.814218,0.760482,0.312986,0.260575,0.749779,0.890885,0.773624,0.320730,0.995510,0.822385,0.308330,0.124972,0.624642,0.909731,0.079383,0.166690,0.099183,0.852829,0.956801,0.234260,0.450993,0.259315,0.215039,11.471542,15.255287,0.271464,0.186698,0.726316,0.747448,0.540727,0.550119,0.851929,0.885194,0.786626,0.316583,0.035019,38.133792,0.000287,0.008202,12.551962,0.004357,0.004344,0.000696,0.002153,13689086.041560,0.000000
-10692874.696826,1239146.046489,69309124.834826,55.188379,-0.284958,0.690618,0.855828,0.494943,0.064949,0.139944,0.756370,0.452502,0.076102,0.214996,0.768006,0.454429,0.391298,0.291606,0.177375,0.276918,0.777535,0.572156,0.978416,0.293946,0.306918,0.247272,0.203969,0.296773,0.296271,0.030956,0.646329,0.828269,0.954614,0.684373,0.287329,0.150578,0.215333,12.168869,19.670824,0.411065,0.179886,0.626750,0.746284,0.551827,0.651674,0.773173,0.885863,0.247954,0.493907,0.517898,24.811621,0.003308,0.009720,6.097917,0.004634,0.004645,0.000913,0.001936,10692874.696826,0.000000
-4108272.764427,1275247.681531,43585713.750674,39.954929,-1.223402,0.742934,0.766200,0.282312,0.064678,0.810496,0.722794,0.930281,0.811885,0.259588,0.901571,0.568714,0.414868,0.300300,0.365225,0.246337,0.597461,0.593836,0.407780,0.340949,0.496231,0.110717,0.155484,0.965083,0.102911,0.010029,0.612390,0.861386,0.975877,0.292769,0.395646,0.162511,0.224365,12.755509,20.296771,0.463346,0.248341,0.802005,0.752357,0.691977,0.665598,0.896268,0.890759,0.705772,0.334041,0.166877,40.045071,0.010287,0.006138,1.433372,0.004490,0.004514,0.000755,0.002094,4108272.764427,0.000000
-15479433.951157,1453117.340593,86058094.447282,58.009025,-2.055288,0.712344,0.969931,0.699644,0.064639,0.782057,0.951080,0.653043,0.154465,0.144437,0.367522,0.749367,0.390596,0.884189,0.175820,0.450774,0.788332,0.350385,0.847258,0.327439,0.711204,0.109752,0.484391,0.309414,0.277582,0.161876,0.649913,0.985987,0.878293,0.524649,0.465710,0.156000,0.102051,11.839652,15.549755,0.439326,0.195737,0.714105,0.726839,0.550547,0.557624,0.634889,0.694630,0.871944,0.456876,0.060391,21.990975,0.003264,0.010160,10.991891,0.004800,0.004779,0.000644,0.002205,15479433.951157,0.000000
-10038870.295901,1299157.470728,66399146.507216,42.837347,-0.288812,0.685719,0.768795,0.723599,0.057747,0.650945,0.580335,0.449619,0.345716,0.322103,0.315579,0.740822,0.298444,0.321528,0.159889,0.389885,0.766721,0.329997,0.423046,0.304147,0.030297,0.103771,0.018287,0.549084,0.140958,0.012123,0.693456,0.862337,0.741345,0.232735,0.275315,0.162328,0.220844,14.086928,20.371176,0.730646,0.191282,0.637663,0.776928,0.560464,0.676797,0.776352,0.905240,0.250847,0.382081,0.422735,37.162653,0.002064,0.009708,4.345741,0.004659,0.004675,0.000665,0.002184,10038870.295901,0.000000
-15768143.287414,1298393.675434,76480489.816966,55.081645,-1.834935,0.695875,0.756384,0.874544,0.006841,0.588803,0.939035,0.438580,0.354600,0.286080,0.237641,0.598458,0.473174,0.272595,0.772597,0.222498,0.580796,0.317199,0.242339,0.430595,0.162033,0.231331,0.001773,0.397403,0.303289,0.013315,0.643999,0.998280,0.944632,0.274082,0.422932,0.163234,0.103159,13.574105,20.423745,0.439714,0.219815,0.730777,0.749838,0.526123,0.538678,0.718579,0.781644,0.840376,0.335715,0.161286,24.918355,0.001405,0.002974,7.158665,0.004304,0.004322,0.000395,0.002454,15768143.287414,0.000000
-14611590.997373,1411609.407156,71880370.782440,54.227485,-1.552778,0.743302,0.775934,0.855085,0.059068,0.780463,0.726169,0.666734,0.347485,0.307420,0.374512,0.750366,0.448988,0.329602,0.729354,0.461999,0.780545,0.771184,0.983297,0.775656,0.912551,0.109976,0.026963,0.310597,0.293280,0.009989,0.612717,0.962353,0.975285,0.613474,0.396665,0.161199,0.252469,13.531505,20.535560,0.315594,0.186803,0.744661,0.809792,0.661471,0.715734,0.836240,0.933857,0.788341,0.459101,0.212132,25.772515,0.002029,0.017182,6.646393,0.004586,0.004599,0.000723,0.002126,14611590.997373,0.000000
-6831823.494545,1646756.731106,49358692.899148,33.449371,-1.897069,0.966277,0.977531,0.420843,0.670297,0.243151,0.735746,0.680128,0.570832,0.414232,0.329328,0.597246,0.677158,0.907399,0.839942,0.894825,0.772759,0.580672,0.983006,0.435778,0.024754,0.213468,0.089084,0.554025,0.010296,0.033739,0.692298,0.931373,0.958782,0.507181,0.467968,0.333576,0.251622,12.989888,19.652041,0.240080,0.277876,0.815756,0.827086,0.692676,0.703061,0.944753,0.950459,0.849992,0.422997,0.033430,46.550629,0.006529,0.016693,10.093392,0.004507,0.004509,0.000846,0.002003,6831823.494545,0.000000
-3306638.561565,1195131.317292,50989227.198130,63.044704,-2.087468,0.743278,0.773920,0.293381,0.063759,0.811026,0.944009,0.679195,0.809557,0.251630,0.319541,0.596458,0.390674,0.333540,0.364172,0.244572,0.801162,0.768314,0.795392,0.338299,0.712033,0.110399,0.101616,0.309661,0.410727,0.009170,0.694921,0.995493,0.975245,0.295246,0.466184,0.161232,0.252407,11.678139,20.484787,0.192166,0.218310,0.830140,0.815672,0.717476,0.723363,0.915165,0.931897,0.875999,0.335186,0.063328,16.955296,0.010716,0.007244,3.213970,0.004582,0.004605,0.000797,0.002052,3306638.561565,0.000000
-13380123.232678,1317209.176952,66385662.344695,68.715513,-1.332561,0.738806,0.977325,0.307465,0.059029,0.794938,0.895227,0.666184,0.348030,0.103616,0.375019,0.694311,0.416709,0.733034,0.747723,0.165663,0.801331,0.764664,0.795392,0.332498,0.712033,0.130299,0.945499,0.306753,0.410184,0.152815,0.642743,0.931279,0.954266,0.651284,0.400678,0.092525,0.224462,10.846444,15.451279,0.037186,0.148408,0.711827,0.782564,0.604816,0.685361,0.563291,0.729803,0.736199,0.481037,0.186790,11.284487,0.009655,0.004457,4.587252,0.004642,0.004658,0.000826,0.002023,13380123.232678,0.000000
-10644925.727807,1654877.268485,66991030.745083,37.657401,-1.457927,0.745518,0.769362,0.875510,0.063813,0.766392,0.785805,0.662808,0.525400,0.321263,0.772886,0.760222,0.657614,0.781565,0.233075,0.457532,0.748538,0.571046,0.983246,0.450740,0.763291,0.233550,0.593864,0.389930,0.025786,0.177164,0.192406,0.937507,0.966109,0.596536,0.394175,0.332229,0.238501,11.257715,14.921880,0.341776,0.237654,0.735607,0.785849,0.646840,0.688739,0.897464,0.930113,0.767282,0.455562,0.207034,42.342599,0.005413,0.016983,7.792794,0.004295,0.004308,0.000662,0.002187,10644925.727807,0.000000
-13356530.220147,1227144.750079,68135803.399174,65.024619,-0.777934,0.793366,0.986831,0.284930,0.000269,0.806038,0.723619,0.439579,0.336502,0.355062,0.102044,0.564891,0.418307,0.782166,0.175125,0.320140,0.772428,0.334073,0.399293,0.292577,0.140782,0.236026,0.981550,0.944645,0.425406,0.024107,0.567017,0.991392,0.943976,0.268748,0.284093,0.157922,0.226548,8.401468,19.286884,0.348632,0.160165,0.681509,0.779927,0.606750,0.689088,0.812005,0.905589,0.540646,0.333803,0.421164,14.975381,0.004500,0.009989,2.001995,0.004853,0.004864,0.000967,0.001882,13356530.220147,0.000000
-8163864.499051,1476791.324204,63795004.749454,42.589439,-2.103171,0.659031,0.990433,0.407017,0.078456,0.837115,0.723099,0.443742,0.178256,0.658700,0.809500,0.587916,0.403788,0.779414,0.175243,0.389296,0.793454,0.446391,0.087777,0.564355,0.337780,0.235049,0.198530,0.399823,0.073600,0.223552,0.641902,0.996801,0.944975,0.684480,0.468204,0.298414,0.200637,13.188371,13.813770,0.525870,0.292836,0.786438,0.832912,0.699166,0.737775,0.936625,0.952655,0.877931,0.497345,0.059739,37.410561,0.002963,0.002333,6.565880,0.004818,0.004816,0.000775,0.002074,8163864.499051,0.000000
-15712803.392476,1582536.347410,73956471.968396,74.778602,-1.713333,0.902917,0.972372,0.489516,0.001354,0.574799,0.742452,0.439191,0.508382,0.323235,0.767049,0.784395,0.673977,0.920027,0.175145,0.226798,0.571973,0.595899,0.980510,0.108126,0.161520,0.231393,0.457872,0.399606,0.300181,0.616473,0.568620,0.959359,0.977189,0.286719,0.422850,0.158371,0.105264,11.687217,1.908180,0.115165,0.136349,0.601853,0.610301,0.357291,0.362426,0.519447,0.567563,0.819736,0.331312,0.144036,5.221398,0.005234,0.003559,11.422838,0.004738,0.004744,0.000768,0.002081,15712803.392476,0.000000
-5100068.083427,1443372.592108,51616689.059070,32.726846,-1.962889,0.550598,0.974541,0.367710,0.677393,0.153808,0.742691,0.342267,0.796120,0.249418,0.792434,0.625652,0.467876,0.275854,0.172169,0.545109,0.585936,0.596986,0.997181,0.026835,0.022414,0.246080,0.478986,0.399356,0.008618,0.000051,0.694074,0.955393,0.733627,0.277016,0.466243,0.295317,0.103964,10.711320,20.314305,0.406549,0.287248,0.708328,0.753284,0.492062,0.528588,0.740673,0.804035,0.859548,0.403711,0.046734,47.273154,0.000336,0.000254,2.420504,0.003781,0.003799,0.000437,0.002412,5100068.083427,0.000000
-4973003.842090,1433644.473206,41445015.719365,33.498178,-1.900721,0.656471,0.969975,0.365785,0.001455,0.767474,0.744778,0.666035,0.518841,0.314477,0.313879,0.697038,0.703838,0.327730,0.040043,0.923081,0.585668,0.653878,0.694555,0.301454,0.763797,0.230646,0.479528,0.396939,0.011054,0.029792,0.682221,0.933569,0.742139,0.467974,0.467394,0.272463,0.099506,11.509406,19.394531,1.029858,0.289716,0.745076,0.785736,0.569437,0.602719,0.760098,0.805726,0.850539,0.482571,0.035471,46.501822,0.000560,0.015367,7.114871,0.004989,0.005002,0.000951,0.001898,4973003.842090,0.000000
-10281352.569247,1282545.037610,59886249.018163,54.248346,-0.883515,0.965890,0.763387,0.282292,0.063727,0.773239,0.728430,0.667094,0.294916,0.409235,0.374512,0.741872,0.473210,0.264807,0.729354,0.461999,0.780545,0.582232,0.982802,0.265970,0.021304,0.108226,0.148452,0.308660,0.293280,0.009544,0.613371,0.962353,0.958776,0.461910,0.397755,0.161199,0.252469,11.917820,20.380828,0.172139,0.220351,0.770793,0.817170,0.685858,0.724550,0.859058,0.933023,0.789874,0.405255,0.209198,25.751654,0.007570,0.011937,0.883515,0.004390,0.004418,0.000686,0.002163,10281352.569247,0.000000
-14522338.062559,1781447.283372,77543252.830404,45.411024,-1.953938,0.914147,0.975651,0.879746,0.667343,0.247681,0.859781,0.889837,0.269899,0.342533,0.848951,0.758819,0.290772,0.770827,0.871897,0.887923,0.777207,0.574701,0.925599,0.434949,0.042920,0.228934,0.158855,0.381666,0.124485,0.163928,0.695478,0.952867,0.741416,0.985234,0.466067,0.330895,0.313872,13.320949,15.760016,0.279741,0.206785,0.754523,0.789894,0.665624,0.695092,0.918535,0.938819,0.858285,0.516930,0.046050,34.588976,0.001462,0.014570,14.120193,0.004347,0.004328,0.000732,0.002117,14522338.062559,0.000000
-5637006.162581,1508759.293208,44235793.985425,32.247427,-0.280644,0.685719,0.768033,0.735752,0.046306,0.660605,0.818674,0.977053,0.335278,0.174302,0.355721,0.695651,0.686315,0.882546,0.159889,0.390069,0.787773,0.611896,0.912809,0.326746,0.795598,0.226226,0.022711,0.305949,0.000271,0.011661,0.650276,0.860773,0.747871,0.241369,0.274979,0.331871,0.104017,14.190505,20.350490,0.552589,0.223958,0.661462,0.664724,0.427822,0.460161,0.688707,0.736237,0.244703,0.383589,0.297491,47.752573,0.003144,0.015582,7.560761,0.004612,0.004623,0.000658,0.002191,5637006.162581,0.000000
-3528630.568735,1231203.972443,53772743.078021,56.103512,-1.546690,0.738603,0.768468,0.293369,0.065815,0.780463,0.730484,0.681735,0.743024,0.598221,0.319039,0.753522,0.474045,0.276997,0.155885,0.461999,0.781064,0.786011,0.795716,0.301136,0.022382,0.108230,0.921946,0.310307,0.293778,0.058498,0.611878,0.962353,0.974012,0.293222,0.395754,0.164773,0.170488,8.617980,18.297300,0.352830,0.208697,0.790239,0.802954,0.636140,0.646153,0.885451,0.919730,0.787048,0.334751,0.214594,23.896488,0.002629,0.017513,3.508655,0.004573,0.004591,0.000773,0.002076,3528630.568735,0.000000
-17312406.284186,1382981.900267,80346394.795018,63.873168,-0.543662,0.738850,0.974689,0.726791,0.080224,0.146816,0.935293,0.404928,0.346350,0.313221,0.787685,0.694503,0.417050,0.740838,0.262482,0.265410,0.474733,0.682665,0.010625,0.867974,0.337937,0.133877,0.479099,0.308046,0.353093,0.152296,0.684380,0.854619,0.969283,0.289371,0.307402,0.157337,0.248382,11.808199,15.872162,0.485628,0.139526,0.625972,0.756263,0.549847,0.658567,0.780296,0.897895,0.419382,0.334604,0.332681,16.126832,0.005526,0.000349,11.940288,0.004880,0.004885,0.000757,0.002092,17312406.284186,0.000000
-11237374.862548,1517017.616394,75998301.713266,38.371700,-1.970524,0.682827,0.977382,0.832349,0.666057,0.370236,0.773208,0.657263,0.513126,0.322161,0.775030,0.833794,0.389102,0.290031,0.264397,0.391496,0.783871,0.571009,0.436190,0.299035,0.296428,0.462761,0.404847,0.274591,0.077577,0.021892,0.671170,0.958153,0.958209,0.691942,0.466065,0.164440,0.238054,11.827766,19.801793,0.767692,0.245506,0.753913,0.821695,0.671192,0.727399,0.850443,0.941426,0.860616,0.495614,0.048226,41.628300,0.000740,0.005811,11.302274,0.004816,0.004796,0.000657,0.002192,11237374.862548,0.000000
-20309525.119220,1609818.482322,95727822.766459,69.253855,-1.848845,0.906871,0.974775,0.870088,0.032613,0.191108,0.808586,0.346608,0.344125,0.309361,0.364799,0.827670,0.472913,0.920292,0.377515,0.225947,0.572708,0.324514,0.392728,0.041446,0.302945,0.250990,0.477792,0.308816,0.299236,0.450712,0.661332,0.933655,0.742515,0.232507,0.458433,0.150223,0.239143,12.231302,6.904643,0.241612,0.129441,0.683305,0.764145,0.563265,0.572696,0.731657,0.903615,0.842581,0.381591,0.053663,10.746145,0.005596,0.003646,12.962598,0.004604,0.004612,0.000538,0.002311,20309525.119220,0.000000
-9913109.279338,1519714.259968,69366994.456005,34.902412,-0.981755,0.742866,0.975799,0.841912,0.677745,0.370236,0.755032,0.657263,0.525140,0.320748,0.772433,0.740244,0.286206,0.291606,0.277515,0.458445,0.784783,0.571039,0.436190,0.023405,0.296428,0.460840,0.595957,0.274591,0.025865,0.042222,0.176785,0.937468,0.963502,0.601823,0.466042,0.158165,0.215125,10.758873,18.996402,0.809306,0.214148,0.651385,0.771124,0.557511,0.658058,0.653058,0.815813,0.625347,0.458503,0.039772,45.097588,0.000788,0.000222,12.238393,0.004588,0.004584,0.000742,0.002107,9913109.279338,0.000000
-14116324.696730,1750096.390700,72215397.586496,41.521050,-1.916940,0.912016,0.989996,0.879509,0.702710,0.806739,0.785805,0.662808,0.513766,0.321261,0.208113,0.760222,0.391211,0.909306,0.248716,0.390584,0.691066,0.570921,0.983007,0.450740,0.423609,0.235471,0.593864,0.389930,0.075674,0.165229,0.191314,0.937514,0.966109,0.707408,0.468042,0.332229,0.215152,11.407531,15.346345,0.376306,0.219083,0.767219,0.808724,0.675526,0.680885,0.908304,0.913370,0.852944,0.498894,0.035797,38.478950,0.000611,0.009074,12.291294,0.004558,0.004560,0.000596,0.002253,14116324.696730,0.000000
-6077172.909574,1440247.333803,42699480.734636,37.595506,-1.881108,0.739976,0.961802,0.352113,0.012148,0.790709,0.957072,0.750369,0.561790,0.402061,0.684695,0.593435,0.394587,0.761728,0.714945,0.204011,0.811886,0.584689,0.988207,0.430263,0.058775,0.475402,0.055483,0.308118,0.072599,0.007350,0.695618,0.928474,0.955927,0.631889,0.466794,0.332845,0.220652,13.296678,20.459846,0.479723,0.300022,0.832177,0.798011,0.733819,0.705866,0.958431,0.943532,0.847579,0.472853,0.034576,42.404494,0.007645,0.006267,7.795821,0.005068,0.005070,0.001007,0.001842,6077172.909574,0.000000
-12101964.208802,1474652.366231,64325059.213878,56.703261,-1.913550,0.656201,0.977368,0.875469,0.001455,0.157964,0.744919,0.755807,0.518841,0.247882,0.784039,0.831197,0.703838,0.886699,0.040090,0.238271,0.585938,0.652217,0.693171,0.301896,0.057829,0.223498,0.479407,0.396955,0.305555,0.052931,0.683171,0.937623,0.733505,0.471436,0.467394,0.271740,0.102553,11.748223,18.893743,0.680339,0.188688,0.687444,0.696745,0.513696,0.519780,0.661214,0.685611,0.852444,0.487335,0.037133,23.296739,0.000560,0.006446,9.431956,0.004766,0.004737,0.000611,0.002238,12101964.208802,0.000000
-16224154.832301,1811564.360598,71183718.069470,45.302866,-1.900564,0.655387,0.969975,0.887786,0.001249,0.753750,0.745003,0.697108,0.518841,0.276324,0.795583,0.697038,0.703838,0.333475,0.038459,0.893619,0.585938,0.538729,0.977464,0.298710,0.064909,0.230646,0.479481,0.396939,0.013070,0.615536,0.205381,0.933520,0.965086,0.460656,0.467394,0.289437,0.099506,13.099720,1.812559,0.338044,0.181103,0.587866,0.609271,0.375799,0.392157,0.444687,0.504249,0.850516,0.402778,0.035451,34.697134,0.000534,0.013059,9.917267,0.004042,0.004057,0.000172,0.002677,16224154.832301,0.000000
-10089492.686306,1650786.412211,60165956.768288,43.195353,-1.585970,0.738498,0.978426,0.869937,0.677417,0.798159,0.943771,0.928168,0.567925,0.640252,0.380574,0.695595,0.425658,0.723993,0.566448,0.546835,0.714314,0.265189,0.219344,0.330050,0.685192,0.132755,0.116143,0.546229,0.082181,0.218991,0.689401,0.965689,0.948334,0.972826,0.400086,0.269464,0.224739,14.085925,14.130522,0.360243,0.208425,0.772941,0.714846,0.678461,0.630670,0.922598,0.882151,0.795251,0.593216,0.204543,36.804647,0.003007,0.002240,11.616028,0.004421,0.004432,0.000407,0.002442,10089492.686306,0.000000
-10596376.445298,1611020.921254,69859024.623450,37.293525,-0.891225,0.742311,0.978426,0.867705,0.076349,0.798999,0.931275,0.910143,0.567925,0.322134,0.095052,0.936436,0.425405,0.914911,0.530446,0.426620,0.473012,0.274088,0.011419,0.330050,0.685192,0.248289,0.476816,0.081111,0.011640,0.218991,0.007241,0.965689,0.948334,0.973431,0.306499,0.274647,0.183887,12.289153,13.754927,0.586806,0.210886,0.667834,0.642402,0.585444,0.564655,0.816411,0.789565,0.589847,0.593216,0.518437,42.706475,0.004136,0.000059,9.931305,0.004497,0.004470,0.000371,0.002478,10596376.445298,0.000000
-12387805.130443,1486744.119086,78575895.594231,40.393695,-0.976186,0.741108,0.994421,0.841892,0.703217,0.714853,0.755032,0.657263,0.513506,0.400476,0.208254,0.741766,0.389102,0.291606,0.266934,0.391496,0.783871,0.766515,0.436190,0.023405,0.291605,0.468294,0.595957,0.274591,0.097362,0.042222,0.178293,0.937469,0.956113,0.713931,0.466106,0.158328,0.215125,10.748132,19.034328,0.802957,0.199836,0.620657,0.772075,0.532250,0.659294,0.600493,0.816958,0.623255,0.504978,0.039644,39.606305,0.000694,0.000210,10.108127,0.004628,0.004605,0.000482,0.002367,12387805.130443,0.000000
-9892918.203238,1222282.490290,63864094.769884,56.119874,-0.292545,0.690618,0.780222,0.305180,0.063731,0.321299,0.756370,0.674696,0.474521,0.228611,0.386299,0.595482,0.392459,0.904891,0.181595,0.232496,0.781425,0.694668,0.964404,0.850566,0.670214,0.229838,0.202027,0.393438,0.308513,0.030956,0.032312,0.949358,0.954602,0.289831,0.287353,0.150651,0.238135,10.967361,19.691196,0.058764,0.147082,0.625258,0.741212,0.543930,0.643012,0.609869,0.790035,0.253638,0.339019,0.379987,23.880126,0.003475,0.007573,3.549766,0.004485,0.004482,0.000831,0.002018,9892918.203238,0.000000
-16819856.163372,1780556.271453,76285537.255109,47.313533,-1.633566,0.897161,0.973090,0.861114,0.165855,0.760092,0.953001,0.403466,0.486425,0.311046,0.814779,0.906977,0.377508,0.270386,0.369289,0.361156,0.783246,0.599702,0.983330,0.127558,0.287657,0.210467,0.227133,0.396468,0.070336,0.445855,0.643950,0.865472,0.881350,0.294805,0.459048,0.433016,0.098198,13.915015,7.154610,0.435237,0.224113,0.590415,0.608449,0.350275,0.363642,0.536241,0.593131,0.804768,0.362911,0.023993,32.686467,0.001073,0.008984,15.072326,0.004579,0.004592,0.000694,0.002155,16819856.163372,0.000000
-14320188.860128,1414434.108747,79598308.671987,67.439925,-2.133920,0.697456,0.850739,0.871689,0.064697,0.835049,0.953186,0.734342,0.336952,0.204738,0.320408,0.827312,0.667297,0.346853,0.127846,0.186879,0.682468,0.621303,0.438432,0.306316,0.050755,0.235518,0.144275,0.391479,0.424991,0.095247,0.697218,0.996547,0.735230,0.449906,0.473708,0.332960,0.220652,13.010791,17.923510,0.411373,0.188441,0.763463,0.821305,0.680463,0.691386,0.923915,0.942599,0.881628,0.477429,0.048555,12.560075,0.001894,0.004604,8.354643,0.004486,0.004458,0.000360,0.002489,14320188.860128,0.000000
-5523551.796173,1525276.703419,40854430.964579,34.239493,-1.543838,0.927028,0.973062,0.356529,0.058638,0.802962,0.857666,0.886421,0.540698,0.403873,0.325841,0.570279,0.479502,0.882830,0.174372,0.897363,0.802875,0.580368,0.924843,0.437173,0.769997,0.484677,0.868300,0.307050,0.016300,0.043364,0.084029,0.931153,0.735116,0.632748,0.410249,0.437211,0.216078,9.324302,18.693607,0.608303,0.261375,0.819146,0.756363,0.716792,0.666997,0.946263,0.913812,0.786440,0.522323,0.012916,45.760507,0.003351,0.027771,8.551591,0.004979,0.004987,0.001026,0.001823,5523551.796173,0.000000
-14596342.918945,1579871.989729,72838862.786767,43.626314,-0.941407,0.741108,0.990136,0.841892,0.690572,0.370236,0.742124,0.657263,0.517231,0.320746,0.208254,0.740244,0.669882,0.297696,0.265648,0.391496,0.783871,0.445041,0.439159,0.025975,0.295933,0.463294,0.198326,0.274591,0.086441,0.221304,0.175694,0.937664,0.963502,0.712695,0.466106,0.155152,0.215125,13.426370,13.960287,0.595977,0.180075,0.645304,0.761318,0.548412,0.645933,0.635887,0.797685,0.609922,0.501879,0.039724,36.373686,0.000707,0.000239,10.415252,0.004441,0.004417,0.000319,0.002530,14596342.918945,0.000000
-5564215.681730,1402417.110527,52521757.257160,41.099603,-2.087296,0.740558,0.973088,0.293381,0.064748,0.810792,0.944365,0.679195,0.815582,0.251630,0.319541,0.595509,0.390550,0.254905,0.364172,0.536518,0.801331,0.652419,0.799561,0.299532,0.713620,0.110399,0.939900,0.399282,0.073112,0.152815,0.692980,0.995437,0.976084,0.275137,0.466184,0.159459,0.224220,9.319705,15.346035,0.383550,0.263287,0.818618,0.796207,0.652296,0.669111,0.892693,0.909864,0.875978,0.327118,0.063305,38.900397,0.007194,0.022414,2.167887,0.004354,0.004377,0.000645,0.002204,5564215.681730,0.000000
-13403272.620392,1454962.313747,66867203.725908,58.611355,-1.491382,0.783164,0.844364,0.718555,0.070964,0.799223,0.942440,0.666647,0.499975,0.177125,0.386051,0.689951,0.658433,0.792508,0.752615,0.387846,0.779827,0.702354,0.404408,0.272175,0.706042,0.089508,0.139647,0.549485,0.289411,0.153536,0.642970,0.934599,0.975941,0.677840,0.400574,0.164196,0.225232,13.366292,16.116443,0.311355,0.173325,0.756234,0.781441,0.668451,0.689645,0.871270,0.926007,0.774939,0.483941,0.188624,21.388645,0.014105,0.012249,11.312224,0.004590,0.004601,0.000696,0.002153,13403272.620392,0.000000
-4419498.122872,1405091.599854,39427534.795131,33.531944,-1.135466,0.742723,0.980808,0.284042,0.071491,0.804972,0.724135,0.667866,0.342731,0.353008,0.796143,0.756823,0.472326,0.884609,0.732964,0.536581,0.591385,0.594282,0.106739,0.758760,0.508309,0.110733,0.499440,0.965410,0.016657,0.010007,0.612395,0.986016,0.960184,0.462018,0.400335,0.092998,0.252470,11.588416,19.983227,0.393330,0.247631,0.761811,0.806006,0.641492,0.679446,0.646353,0.695352,0.678728,0.404853,0.213448,46.468056,0.012011,0.005864,2.315934,0.004699,0.004710,0.000896,0.001953,4419498.122872,0.000000
-6113251.068338,1396719.201547,48580787.818721,34.010866,-0.273816,0.685719,0.768033,0.699157,0.057769,0.255759,0.786369,0.659420,0.345716,0.169296,0.366037,0.742657,0.298444,0.883104,0.159889,0.389964,0.775885,0.451222,0.423046,0.326746,0.031769,0.110978,0.046734,0.306210,0.023581,0.011968,0.650271,0.858680,0.734042,0.233330,0.274979,0.163925,0.176547,14.075612,20.314453,0.654148,0.199572,0.713074,0.737703,0.582239,0.607910,0.852640,0.873614,0.239528,0.384791,0.594905,45.989134,0.002901,0.014366,7.966432,0.004733,0.004726,0.000709,0.002140,6113251.068338,0.000000
-11409168.013042,1344253.676631,70851768.666325,43.231097,-1.611062,0.796443,0.781248,0.806180,0.058715,0.650945,0.948406,0.449194,0.344912,0.199476,0.135517,0.430542,0.313461,0.308172,0.143201,0.397218,0.787129,0.333651,0.421101,0.314757,0.393708,0.217026,0.614156,0.387894,0.125244,0.069963,0.076003,0.945087,0.967268,0.231671,0.413839,0.260120,0.104658,10.508732,18.135328,0.654657,0.230925,0.717505,0.752313,0.491409,0.518010,0.725145,0.797853,0.800325,0.312642,0.159616,36.768903,0.002116,0.008751,7.843493,0.003930,0.003951,0.000438,0.002411,11409168.013042,0.000000
-16031615.928602,1458581.291528,91731367.156147,57.903116,-2.070036,0.712344,0.970707,0.854388,0.059849,0.778686,0.580577,0.711486,0.155630,0.190736,0.317064,0.749214,0.390649,0.327584,0.176223,0.468926,0.780763,0.358499,0.990437,0.304840,0.711204,0.211708,0.062097,0.552288,0.277582,0.162323,0.698492,0.990118,0.734696,0.524054,0.466045,0.156056,0.218872,13.835838,15.896100,0.522771,0.183176,0.711377,0.828998,0.601209,0.694357,0.774594,0.936572,0.873819,0.501103,0.061404,22.096884,0.002328,0.008743,8.191429,0.004680,0.004660,0.000537,0.002312,16031615.928602,0.000000
-10600749.345246,1326127.567682,64852018.025349,54.682934,-1.736736,0.787063,0.972018,0.308006,0.066211,0.793102,0.694756,0.736834,0.239942,0.409408,0.386123,0.571679,0.313525,0.756648,0.381391,0.411270,0.765704,0.597782,0.996466,0.429952,0.027037,0.109902,0.130420,0.896640,0.299035,0.009769,0.702448,0.928700,0.938191,0.668116,0.442271,0.259334,0.198280,12.539747,20.402591,0.262090,0.246044,0.768245,0.813503,0.682573,0.720230,0.924996,0.949684,0.823906,0.493284,0.085938,25.317066,0.005137,0.013627,4.420092,0.004799,0.004804,0.000943,0.001906,10600749.345246,0.000000
-10850291.572718,1609566.491910,79061669.296988,37.254409,-1.534330,0.697823,0.847076,0.868051,0.699106,0.223311,0.802197,0.658777,0.236808,0.284884,0.794164,0.750617,0.344633,0.321161,0.186915,0.229921,0.790162,0.610694,0.410009,0.294155,0.393263,0.224899,0.005258,0.389267,0.011513,0.221778,0.650994,0.968242,0.939493,0.640475,0.391178,0.261950,0.216808,14.387081,14.034783,0.488259,0.250677,0.701472,0.784381,0.621422,0.690391,0.870359,0.928320,0.784400,0.481908,0.229947,42.745591,0.000370,0.005045,10.555480,0.004241,0.004263,0.000361,0.002488,10850291.572718,0.000000
-7038344.348088,1379051.565748,49745567.352866,38.728728,-1.673403,0.742371,0.996694,0.491787,0.001354,0.774705,0.723091,0.951755,0.491359,0.320955,0.807094,0.689875,0.416749,0.325963,0.174414,0.222534,0.574855,0.331992,0.980510,0.118917,0.497683,0.118792,0.457872,0.399915,0.077282,0.038070,0.645249,0.996147,0.975184,0.635168,0.398993,0.157935,0.103305,11.716615,19.207495,0.939694,0.258567,0.770657,0.764087,0.623400,0.644419,0.756359,0.780724,0.812392,0.467583,0.221834,41.271272,0.005196,0.005494,10.789570,0.005063,0.005066,0.000943,0.001906,7038344.348088,0.000000
-10335295.190648,1282518.917147,62084209.093394,43.230351,-0.280144,0.684493,0.761193,0.697260,0.007727,0.852003,0.721094,0.739857,0.345716,0.318203,0.837792,0.595323,0.339132,0.260692,0.154751,0.215496,0.787746,0.284622,0.421964,0.308048,0.296805,0.103771,0.022711,0.308052,0.147017,0.009662,0.650271,0.860593,0.741345,0.453490,0.274989,0.162272,0.104017,14.004756,20.441109,0.756063,0.190310,0.656408,0.717647,0.576791,0.621685,0.772292,0.820755,0.244325,0.476666,0.596103,36.769649,0.002111,0.007521,5.746892,0.004499,0.004518,0.000769,0.002080,10335295.190648,0.000000
-5260385.097630,1286564.833607,40540115.559826,38.381587,-0.280616,0.686054,0.763601,0.283538,0.055031,0.766767,0.950840,0.449514,0.345618,0.167737,0.362934,0.593851,0.298478,0.880826,0.159845,0.389285,0.787796,0.336864,0.422944,0.770617,0.508556,0.103771,0.022711,0.280351,0.081868,0.011591,0.650912,0.860444,0.737381,0.233832,0.275093,0.261656,0.104017,13.379535,20.320238,0.338837,0.234625,0.746298,0.735432,0.534645,0.573068,0.803582,0.853576,0.244682,0.383882,0.580250,41.618413,0.002955,0.016583,1.463646,0.004558,0.004555,0.000857,0.001992,5260385.097630,0.000000
-6541170.434181,1311716.399727,55524556.175535,41.795036,-1.837168,0.680158,0.960925,0.493970,0.070183,0.134980,0.154142,0.477362,0.330872,0.693087,0.089727,0.568894,0.410377,0.782320,0.362532,0.318718,0.574723,0.333957,0.406621,0.342357,0.161336,0.236026,0.980093,0.399633,0.120441,0.023774,0.778262,0.959887,0.739248,0.194224,0.442615,0.164586,0.118765,8.589674,19.203222,0.558947,0.261032,0.745968,0.781545,0.525309,0.553653,0.806873,0.855307,0.840732,0.366269,0.098607,38.204964,0.004955,0.010153,3.276157,0.004830,0.004824,0.000743,0.002106,6541170.434181,0.000000
-5494512.918554,1226864.926179,56987495.008977,68.468228,-2.071611,0.798823,0.987184,0.402162,0.044163,0.600732,0.726340,0.643482,0.571158,0.658145,0.307809,0.585955,0.416910,0.781356,0.175457,0.466965,0.579338,0.591601,0.116826,0.548727,0.343686,0.251996,0.406644,0.715800,0.474494,0.022020,0.565438,0.990586,0.940917,0.458789,0.466067,0.158285,0.250758,11.312543,19.873532,0.402780,0.181342,0.803032,0.832479,0.698578,0.741127,0.871439,0.922946,0.874017,0.409699,0.061552,11.531772,0.003751,0.005368,8.313376,0.004985,0.004982,0.000982,0.001867,5494512.918554,0.000000
-6313684.658096,1241704.015304,48849906.445668,41.409389,-0.270722,0.742621,0.774012,0.352462,0.093301,0.651610,0.173885,0.426368,0.345716,0.229475,0.365545,0.756372,0.284122,0.282193,0.155535,0.389669,0.787836,0.329997,0.423046,0.326746,0.030297,0.463264,0.491834,0.307765,0.121284,0.009979,0.644694,0.853321,0.963072,0.233330,0.276557,0.162272,0.102213,10.604727,19.993828,0.548512,0.233108,0.712587,0.782795,0.543895,0.580091,0.787623,0.849525,0.237171,0.314461,0.583790,38.590611,0.002196,0.014759,0.998249,0.004307,0.004325,0.000704,0.002145,6313684.658096,0.000000
-10517699.847259,1504215.857676,60941740.115762,42.410898,-1.568477,0.794180,0.769003,0.700921,0.071099,0.781488,0.973781,0.667867,0.337759,0.402101,0.831223,0.568621,0.673323,0.775436,0.372149,0.227160,0.579136,0.594286,0.923726,0.300557,0.766638,0.238694,0.142368,0.965083,0.124668,0.043070,0.612390,0.972809,0.738456,0.995774,0.394131,0.435220,0.240156,13.165252,19.352094,0.409212,0.256225,0.756949,0.780495,0.667768,0.687546,0.911350,0.926230,0.791638,0.508649,0.018509,37.589102,0.012190,0.004653,11.054863,0.004445,0.004455,0.000844,0.002005,10517699.847259,0.000000
-4349165.260826,1348861.301176,35660036.411135,34.369527,-1.643059,0.656221,0.682018,0.284308,0.011631,0.768928,0.692424,0.666677,0.399966,0.335829,0.844968,0.447560,0.460769,0.325674,0.728851,0.213082,0.770929,0.621326,0.698708,0.430049,0.663086,0.113564,0.868743,0.381153,0.027017,0.009500,0.452519,0.945832,0.749545,0.460991,0.467332,0.298092,0.250857,9.548166,19.660035,0.361269,0.296766,0.853779,0.832160,0.745710,0.737860,0.966183,0.959815,0.856167,0.476799,0.040621,45.630473,0.011206,0.007503,1.643059,0.004581,0.004599,0.000787,0.002062,4349165.260826,0.000000
-12603840.226604,1403122.846734,66637808.165991,56.839867,-1.759130,0.686999,0.972801,0.875469,0.001455,0.765264,0.744919,0.741440,0.518995,0.276762,0.784039,0.831197,0.704269,0.318599,0.038506,0.238271,0.587592,0.654599,0.115139,0.301896,0.057829,0.223498,0.479407,0.280714,0.307323,0.052931,0.682221,0.940281,0.733505,0.926953,0.439923,0.271799,0.102553,11.640124,18.882423,0.939475,0.197305,0.774469,0.800397,0.675492,0.680531,0.757622,0.770505,0.827805,0.518363,0.096127,23.160133,0.000534,0.001491,9.993612,0.004811,0.004787,0.000650,0.002199,12603840.226604,0.000000
-19779373.490419,1530262.696897,105872179.970832,66.569580,-0.475139,0.658623,0.959215,0.870702,0.071261,0.159747,0.948394,0.235656,0.233142,0.313281,0.375568,0.754797,0.470989,0.280569,0.376018,0.398872,0.776959,0.320337,0.886543,0.049588,0.472585,0.462325,0.477807,0.285085,0.299617,0.367761,0.610207,0.834123,0.868364,0.519549,0.307253,0.258688,0.099186,11.770927,9.392503,0.403951,0.139761,0.512157,0.701159,0.448482,0.524655,0.580854,0.670594,0.378201,0.458260,0.437332,13.430420,0.002063,0.004684,9.620828,0.004298,0.004273,0.000202,0.002647,19779373.490419,0.000000
-8162025.882580,1524463.178333,54602509.719186,37.668387,-1.096161,0.913774,0.767839,0.266396,0.677239,0.766804,0.785805,0.668178,0.525400,0.321263,0.772292,0.760222,0.286763,0.909306,0.248716,0.457532,0.748019,0.571046,0.983007,0.450740,0.423609,0.233550,0.148693,0.389930,0.026904,0.177164,0.192406,0.937513,0.975455,0.596536,0.467978,0.162443,0.215152,11.227934,15.252795,0.063404,0.216550,0.715488,0.777702,0.613039,0.665503,0.757368,0.827275,0.665849,0.452448,0.035925,42.331613,0.000646,0.012498,3.429957,0.003197,0.003196,0.000078,0.002771,8162025.882580,0.000000
-9276073.986293,1648544.047317,62385902.955430,36.075232,-1.876569,0.679984,0.975659,0.908050,0.102370,0.238641,0.878280,0.972086,0.337997,0.348958,0.331180,0.590755,0.380423,0.886611,0.351914,0.891849,0.779632,0.580390,0.174110,0.434990,0.510823,0.248705,0.029397,0.555352,0.010296,0.167119,0.695474,0.925053,0.745319,0.647233,0.467891,0.331554,0.209857,14.730099,15.685889,0.740094,0.249113,0.780264,0.755150,0.687681,0.667194,0.925239,0.919479,0.846885,0.528611,0.030995,43.924768,0.003321,0.002903,11.768185,0.004663,0.004667,0.000607,0.002242,9276073.986293,0.000000
-6944961.052896,1773695.514683,56921049.126362,32.184667,-1.891414,0.914147,0.976932,0.879537,0.665952,0.247681,0.014971,0.984984,0.269899,0.350421,0.848951,0.694474,0.678642,0.770827,0.871897,0.887889,0.581714,0.574733,0.925599,0.433531,0.807614,0.228942,0.158855,0.379761,0.000415,0.006637,0.694439,0.952867,0.967707,0.991910,0.455369,0.331874,0.313872,13.445516,20.439968,0.518274,0.266081,0.793192,0.800493,0.696956,0.703250,0.939912,0.943650,0.849142,0.605830,0.068080,47.815333,0.007088,0.014545,4.299428,0.004721,0.004721,0.000990,0.001859,6944961.052896,0.000000
-7848202.186821,1476141.856825,55419924.877040,34.340459,-0.686481,0.901257,0.855283,0.869420,0.064949,0.144595,0.756370,0.666756,0.474521,0.215889,0.394144,0.479824,0.414758,0.284407,0.371204,0.423503,0.779159,0.572103,0.979873,0.293756,0.022936,0.251061,0.201717,0.296960,0.022461,0.030956,0.854147,0.934154,0.954614,0.458062,0.294087,0.150578,0.238347,13.103821,19.635211,0.752444,0.220818,0.711647,0.742160,0.623496,0.649265,0.854802,0.880439,0.496656,0.405060,0.502215,45.659541,0.002020,0.011536,7.404847,0.004343,0.004352,0.000753,0.002096,7848202.186821,0.000000
-8048996.704489,1370409.674977,68894243.360363,41.623194,-1.908211,0.686725,0.993213,0.699303,0.058886,0.802535,0.730669,0.445279,0.571117,0.659641,0.359410,0.581539,0.652693,0.334506,0.175258,0.390083,0.787551,0.333654,0.115601,0.543960,0.051881,0.235038,0.065124,0.277690,0.126471,0.006722,0.566555,0.959044,0.739870,0.235928,0.468303,0.164691,0.250739,13.989816,20.531201,1.158508,0.221807,0.734709,0.845847,0.617975,0.672955,0.811804,0.943230,0.851655,0.383944,0.044089,38.376806,0.003375,0.001325,9.360343,0.004886,0.004868,0.000713,0.002136,8048996.704489,0.000000
-7967400.548644,1462925.653389,55879924.447289,34.159742,-1.791512,0.909919,0.761227,0.820673,0.162911,0.846369,0.728585,0.691494,0.593951,0.335230,0.828190,0.750067,0.429527,0.294370,0.099091,0.455229,0.780513,0.315067,0.420105,0.309559,0.296849,0.123819,0.004438,0.280466,0.026304,0.009615,0.615286,0.950668,0.959270,0.456081,0.439864,0.152811,0.215780,14.279580,20.443302,0.807957,0.255149,0.792688,0.808713,0.680995,0.696703,0.845380,0.903729,0.833292,0.402815,0.100752,45.840258,0.000707,0.008013,8.024851,0.004599,0.004617,0.000963,0.001886,7967400.548644,0.000000
-11837180.523327,1328792.870287,70794566.178950,54.093919,-1.989277,0.658494,0.990735,0.407345,0.078678,0.837115,0.742447,0.443742,0.193294,0.305452,0.767097,0.625109,0.663720,0.779414,0.175144,0.389540,0.790572,0.446391,0.044143,0.552353,0.337780,0.235049,0.198530,0.623104,0.294160,0.002319,0.566543,0.960016,0.978815,0.465833,0.468303,0.298444,0.104241,12.706641,20.567333,0.708898,0.275627,0.769576,0.798809,0.622197,0.632946,0.793960,0.833610,0.863206,0.400505,0.044487,25.906081,0.002956,0.001032,6.884256,0.005097,0.005092,0.000915,0.001934,11837180.523327,0.000000
-18817721.524729,1683767.086270,78855491.295872,58.871051,-0.415586,0.742359,0.974689,0.726791,0.080044,0.147814,0.950882,0.405689,0.443363,0.313221,0.768819,0.908075,0.388621,0.291608,0.273055,0.431448,0.784330,0.773499,0.938232,0.295964,0.338027,0.222309,0.476927,0.092435,0.149580,0.598865,0.024251,0.852403,0.969223,0.994090,0.307402,0.158026,0.248382,12.229180,2.381685,0.300662,0.127447,0.569522,0.701749,0.480679,0.591787,0.549627,0.747475,0.340047,0.609707,0.447562,21.128949,0.002320,0.015222,13.080046,0.004518,0.004529,0.000498,0.002351,18817721.524729,0.000000
-21875367.264769,1651778.009646,130780445.607512,74.277557,-1.696334,0.847891,0.973949,0.853776,0.059977,0.762811,0.935177,0.191160,0.241572,0.185426,0.256037,0.758667,0.362786,0.263574,0.371231,0.469065,0.462493,0.680935,0.058689,0.894360,0.528509,0.211307,0.063698,0.086929,0.317004,0.618187,0.974470,0.954469,0.737539,0.992544,0.422588,0.298619,0.221785,13.007297,2.216881,0.213056,0.162251,0.580752,0.802449,0.519951,0.703624,0.769069,0.942081,0.816646,0.514831,0.142474,5.722443,0.000928,0.000468,12.409415,0.004207,0.004226,0.000212,0.002637,21875367.264769,0.000000
-11946785.134474,1503705.080103,78956179.799962,39.044840,-1.886894,0.656310,0.854373,0.863107,0.664397,0.366217,0.949148,0.657397,0.523780,0.320782,0.782877,0.833794,0.389102,0.251324,0.264811,0.389255,0.783871,0.579092,0.435363,0.141721,0.296428,0.462575,0.233570,0.274591,0.077577,0.052953,0.694760,0.931553,0.958144,0.712695,0.466106,0.158165,0.238511,12.794724,18.994523,0.642644,0.241463,0.740785,0.808858,0.659269,0.715707,0.830472,0.931610,0.848458,0.503773,0.037213,40.955160,0.000745,0.002004,10.805280,0.004622,0.004637,0.000552,0.002297,11946785.134474,0.000000
-17918742.876682,1493377.499479,82089484.312337,61.040005,-1.493055,0.739116,0.970595,0.733222,0.072961,0.787013,0.740531,0.442851,0.347095,0.321122,0.374687,0.753527,0.672191,0.277238,0.156001,0.932051,0.468439,0.682882,0.994158,0.073185,0.501962,0.234124,0.079150,0.399524,0.294233,0.216589,0.858426,0.852392,0.960186,0.465970,0.442631,0.166585,0.209391,14.006801,14.258766,0.517038,0.183688,0.717394,0.817717,0.634086,0.669761,0.893660,0.923251,0.775315,0.406401,0.052306,18.959995,0.002209,0.007994,10.349325,0.004791,0.004794,0.000700,0.002149,17918742.876682,0.000000
-5895950.757292,1418874.632026,52669660.921010,32.959074,-0.516199,0.742359,0.976431,0.726791,0.079160,0.147581,0.935293,0.404928,0.438409,0.351447,0.785603,0.762824,0.388571,0.291608,0.265561,0.431448,0.466703,0.682557,0.030297,0.846073,0.345807,0.222309,0.476718,0.404742,0.008890,0.010824,0.025168,0.853129,0.969223,0.432564,0.307402,0.164305,0.248382,11.727574,19.993000,1.093627,0.206043,0.683922,0.751003,0.590650,0.647158,0.737533,0.819730,0.403215,0.390516,0.434080,47.040926,0.002993,0.000570,12.337695,0.005066,0.005070,0.000921,0.001928,5895950.757292,0.000000
-16560989.072324,1389698.809723,79121044.202800,63.757434,-0.557823,0.794486,0.763873,0.729658,0.126763,0.176366,0.745774,0.680712,0.329600,0.313178,0.384827,0.754924,0.475655,0.280594,0.140726,0.229511,0.469629,0.682557,0.079434,0.866920,0.470286,0.230074,0.491391,0.390078,0.299617,0.281895,0.682099,0.856103,0.969783,0.292934,0.308521,0.261735,0.219113,11.100522,11.943483,0.274788,0.167245,0.624976,0.726871,0.546278,0.631377,0.779734,0.875038,0.427546,0.335851,0.445259,16.242566,0.001523,0.001143,6.147964,0.004241,0.004263,0.000458,0.002391,16560989.072324,0.000000
-9624005.115251,1434927.598919,57624359.365459,41.299490,-0.280644,0.685719,0.768033,0.722156,0.091730,0.661794,0.859662,0.886537,0.335342,0.350987,0.786956,0.759874,0.299547,0.882546,0.375351,0.390069,0.583156,0.593465,0.914865,0.326746,0.027817,0.111607,0.022711,0.311077,0.121284,0.009738,0.648668,0.860773,0.741345,0.987738,0.274979,0.331139,0.104017,14.032131,20.463339,0.405816,0.205124,0.668169,0.676741,0.578257,0.585798,0.796437,0.807870,0.244703,0.551321,0.296342,38.700510,0.002822,0.013244,9.070896,0.004668,0.004673,0.000762,0.002087,9624005.115251,0.000000
-7635123.422153,1728753.099815,60001414.460373,32.622651,-1.973964,0.914147,0.962268,0.873304,0.657053,0.247681,0.149726,0.979909,0.262657,0.656638,0.848951,0.691012,0.678642,0.770827,0.894795,0.890596,0.778443,0.574733,0.116881,0.434294,0.831929,0.228942,0.405708,0.381856,0.001855,0.021447,0.674517,0.959247,0.747942,0.985234,0.466067,0.331871,0.313872,12.151746,19.792711,0.586662,0.250680,0.790943,0.805184,0.696940,0.708942,0.939429,0.946742,0.861095,0.517195,0.048671,47.377349,0.007604,0.001399,5.354610,0.004677,0.004680,0.000956,0.001893,7635123.422153,0.000000
-20546711.592445,1609550.884163,105372134.289497,68.880128,-1.848845,0.785074,0.972348,0.870180,0.000170,0.191108,0.808586,0.344068,0.239244,0.308633,0.393200,0.828282,0.460583,0.349034,0.167011,0.225947,0.572708,0.599711,0.996910,0.292737,0.302945,0.250990,0.477792,0.396473,0.299234,0.439315,0.643948,0.933655,0.953018,0.288111,0.458433,0.252585,0.239705,12.024043,7.242435,0.330274,0.178026,0.676502,0.793248,0.602789,0.618644,0.863503,0.922989,0.842581,0.338803,0.053663,11.119872,0.003278,0.004106,11.239198,0.004488,0.004457,0.000362,0.002487,20546711.592445,0.000000
-18921393.089959,1537817.270077,91728401.910925,64.607167,-1.365088,0.659584,0.816971,0.810498,0.072249,0.776628,0.948429,0.246737,0.345253,0.382136,0.314640,0.494441,0.311152,0.786782,0.176546,0.468193,0.771583,0.309856,0.987199,0.472544,0.837344,0.446871,0.619844,0.285422,0.277582,0.368124,0.192398,0.865514,0.897935,0.524969,0.415224,0.299033,0.217466,9.951079,9.253295,0.051600,0.161425,0.672186,0.812068,0.593669,0.681205,0.854761,0.932266,0.744642,0.450246,0.119929,15.392833,0.002115,0.007841,8.444550,0.003548,0.003568,0.000074,0.002775,18921393.089959,0.000000
-14188447.113205,1239784.470322,67381088.661163,69.025641,-1.935307,0.793367,0.986922,0.284890,0.000269,0.806972,0.751811,0.432775,0.329340,0.354387,0.102044,0.567719,0.311965,0.781014,0.365619,0.318968,0.575201,0.334209,0.950965,0.288286,0.167268,0.236021,0.982379,0.373133,0.478070,0.023880,0.563184,0.991392,0.943761,0.668032,0.442615,0.157922,0.121376,9.055717,19.306361,0.152919,0.192854,0.770742,0.841348,0.673389,0.704643,0.822395,0.875867,0.855620,0.491289,0.112167,10.974359,0.004744,0.008222,2.822586,0.004830,0.004841,0.000940,0.001909,14188447.113205,0.000000
-12560885.104976,1589683.252029,76490045.703598,43.118260,-1.867309,0.707628,0.974013,0.730257,0.128710,0.210962,0.619773,0.664127,0.336655,0.204856,0.809802,0.828405,0.464639,0.918155,0.143469,0.324508,0.459197,0.600058,0.077312,0.266025,0.301648,0.110881,0.485742,0.396282,0.063102,0.285068,0.681152,0.939412,0.956407,0.642904,0.458476,0.261730,0.222992,12.359510,11.749883,0.583593,0.256661,0.740959,0.812500,0.656953,0.716276,0.909464,0.947186,0.845461,0.477009,0.055975,36.881740,0.001556,0.001001,9.718243,0.004757,0.004733,0.000606,0.002243,12560885.104976,0.000000
-13155155.980669,1669990.028456,89961675.071498,41.487944,-1.976105,0.697342,0.974013,0.836127,0.063933,0.210962,0.625403,0.441866,0.474813,0.204856,0.390728,0.828405,0.464639,0.338503,0.143469,0.324508,0.762685,0.598641,0.075174,0.293263,0.301648,0.110899,0.485742,0.396282,0.011062,0.433219,0.693647,0.974082,0.952831,0.642904,0.458476,0.273345,0.223262,12.715087,7.263573,0.785363,0.258657,0.708878,0.830311,0.630561,0.710428,0.886748,0.943155,0.861392,0.478241,0.070434,38.512056,0.002311,0.000948,9.908474,0.004359,0.004334,0.000254,0.002595,13155155.980669,0.000000
-12078555.839437,1252317.640374,65981250.622475,68.996297,-1.937847,0.790577,0.986922,0.284890,0.000269,0.806972,0.751811,0.432633,0.329340,0.659314,0.099120,0.567434,0.311965,0.779444,0.367362,0.318968,0.789687,0.334209,0.950965,0.288286,0.167863,0.236021,0.982379,0.375565,0.478070,0.023161,0.563135,0.991392,0.943761,0.670755,0.443034,0.157922,0.248031,9.294645,19.331866,0.154013,0.185488,0.772004,0.840442,0.674268,0.747310,0.838494,0.934776,0.855986,0.492363,0.111226,11.003703,0.004656,0.010146,2.640348,0.004845,0.004855,0.000943,0.001906,12078555.839437,0.000000
-11689726.590703,1365976.296406,65267602.098373,61.492809,-1.986860,0.661821,0.990433,0.407017,0.078456,0.336381,0.742509,0.443884,0.571158,0.353773,0.770023,0.587535,0.665542,0.780984,0.173400,0.390083,0.576085,0.446391,0.116826,0.548727,0.337186,0.235038,0.202254,0.275259,0.296188,0.224302,0.566604,0.960016,0.934407,0.373945,0.467883,0.275743,0.122031,11.940888,13.891412,0.289673,0.228594,0.761028,0.774143,0.579732,0.588689,0.814957,0.838800,0.862875,0.378211,0.045328,18.507191,0.002909,0.004229,7.206377,0.004797,0.004808,0.000809,0.002040,11689726.590703,0.000000
-4000852.109871,1232973.296900,54501922.895501,54.633897,-1.984980,0.738810,0.768468,0.282255,0.064794,0.780463,0.728430,0.667023,0.738019,0.597045,0.373558,0.566084,0.414593,0.333527,0.752652,0.233839,0.780545,0.686716,0.999125,0.332518,0.497915,0.108332,0.148452,0.310597,0.298372,0.009631,0.612816,0.962353,0.975274,0.453094,0.466289,0.161103,0.252328,11.787109,20.406388,0.137892,0.228409,0.813579,0.823297,0.707915,0.732343,0.876288,0.918627,0.862617,0.396648,0.049499,25.366103,0.010239,0.006911,2.855351,0.004522,0.004542,0.000755,0.002094,4000852.109871,0.000000
-10498116.927911,1454472.977972,65729230.418692,38.913774,-0.279715,0.793370,0.774692,0.802763,0.370853,0.227687,0.759602,0.676838,0.474864,0.196513,0.385116,0.759105,0.311652,0.291954,0.153235,0.890885,0.574907,0.320730,0.980167,0.837122,0.308330,0.229209,0.199803,0.396397,0.079383,0.041437,0.043720,0.850764,0.962376,0.234260,0.278468,0.259315,0.215113,12.971446,19.346721,0.429853,0.199997,0.638622,0.728807,0.554676,0.626302,0.779875,0.867442,0.244001,0.315019,0.454401,41.086226,0.000624,0.007586,7.416321,0.004473,0.004487,0.000802,0.002047,10498116.927911,0.000000
-4730813.191651,1331983.576574,37954946.547068,34.861544,-0.675632,0.690618,0.975841,0.309074,0.063731,0.151254,0.756414,0.677877,0.517437,0.213966,0.204269,0.454429,0.392254,0.270252,0.181595,0.232496,0.781425,0.570325,0.995172,0.853456,0.034540,0.125601,0.630246,0.906772,0.028269,0.030956,0.855282,0.949358,0.954602,0.289831,0.287353,0.150578,0.238253,10.306629,19.221563,0.330131,0.248568,0.776481,0.744044,0.681408,0.654790,0.905981,0.879427,0.491165,0.339019,0.379427,45.138456,0.003475,0.007762,1.022807,0.004302,0.004329,0.000632,0.002217,4730813.191651,0.000000
-4459904.945020,1315663.506348,45837878.342634,41.663149,-1.977086,0.958262,0.768472,0.282858,0.063883,0.781266,0.728430,0.667905,0.738019,0.600959,0.386335,0.576855,0.687955,0.333527,0.312425,0.358040,0.783246,0.771184,0.379923,0.338938,0.496007,0.106227,0.601821,0.310597,0.124389,0.009794,0.612393,0.962353,0.732434,0.453180,0.464925,0.169403,0.251820,10.396309,19.958435,0.542397,0.240555,0.807410,0.821872,0.681283,0.714541,0.891996,0.917451,0.861528,0.479892,0.052265,38.336851,0.009238,0.008061,4.108132,0.004704,0.004720,0.000866,0.001983,4459904.945020,0.000000
-13912186.195738,1449819.592691,67726428.941139,54.717788,-1.568477,0.793612,0.768999,0.700318,0.070943,0.760456,0.973781,0.672114,0.337759,0.402101,0.818447,0.569046,0.363428,0.775436,0.372149,0.227160,0.579136,0.594286,0.920039,0.300557,0.766638,0.240799,0.139479,0.965083,0.285287,0.042907,0.612813,0.972809,0.981262,0.992465,0.394131,0.426920,0.240156,12.595600,19.426549,0.284589,0.240976,0.746395,0.777043,0.659028,0.684728,0.904187,0.924078,0.791638,0.603295,0.144064,25.282212,0.004665,0.004658,11.318459,0.004458,0.004469,0.000846,0.002003,13912186.195738,0.000000
-13133405.699599,1556633.443988,67570123.944879,61.268616,-1.899918,0.736202,0.981250,0.879530,0.061845,0.766804,0.785805,0.662808,0.525400,0.321263,0.369996,0.793983,0.288314,0.909306,0.248716,0.457532,0.748538,0.570966,0.983007,0.450740,0.423609,0.108185,0.619272,0.388513,0.310577,0.177164,0.192406,0.937513,0.975228,0.593726,0.465096,0.330879,0.215152,11.339827,15.051748,0.322843,0.179837,0.782911,0.812214,0.674470,0.677079,0.917779,0.919969,0.850419,0.451429,0.041690,18.731384,0.001582,0.017159,11.006111,0.004706,0.004679,0.000554,0.002295,13133405.699599,0.000000
-4974557.851404,1451810.022363,45245342.366626,33.248039,-1.993740,0.920875,0.762856,0.282255,0.679141,0.780463,0.728430,0.939217,0.738019,0.598393,0.775853,0.566084,0.414593,0.333527,0.361347,0.241784,0.709594,0.771264,0.996847,0.433017,0.496007,0.233697,0.123045,0.312014,0.013878,0.009631,0.612816,0.962353,0.966167,0.455904,0.467806,0.162453,0.252328,12.046303,20.333013,0.203623,0.262524,0.823776,0.793846,0.707561,0.705632,0.890173,0.889477,0.863815,0.400582,0.046439,46.751961,0.001280,0.004597,2.945954,0.003547,0.003592,0.000216,0.002633,4974557.851404,0.000000
-4577993.816977,1343066.674753,35122687.089546,34.969610,-0.901992,0.657861,0.682018,0.284313,0.011631,0.768928,0.692424,0.806270,0.396647,0.335829,0.795004,0.446967,0.291055,0.325674,0.728517,0.213082,0.770150,0.764278,0.698708,0.437456,0.663086,0.113564,0.868743,0.308077,0.035196,0.008689,0.453081,0.945832,0.969283,0.460991,0.467332,0.298092,0.215230,9.570351,19.688983,0.307823,0.323299,0.854287,0.818515,0.730130,0.726456,0.961964,0.953546,0.856167,0.401594,0.040621,45.030390,0.006503,0.007153,0.901992,0.004392,0.004402,0.000700,0.002149,4577993.816977,0.000000
-5861340.780042,1456933.088022,42194836.547522,34.859042,-0.277377,0.931936,0.923954,0.260033,0.369113,0.798364,0.950955,0.657664,0.517807,0.210175,0.198884,0.755189,0.468064,0.282660,0.827904,0.395011,0.802038,0.625062,0.962198,0.740418,0.503663,0.113193,0.021399,0.381182,0.026668,0.042239,0.641425,0.851583,0.742495,0.282684,0.277914,0.258534,0.250899,13.253594,19.418246,0.161350,0.211359,0.737608,0.695871,0.636402,0.602053,0.875674,0.837181,0.242231,0.403086,0.316935,45.140958,0.007602,0.010052,0.718749,0.003586,0.003630,0.000236,0.002613,5861340.780042,0.000000
-8167031.832635,1645292.421728,56913703.282561,35.770509,-1.889799,0.913774,0.975662,0.330921,0.677239,0.766804,0.785805,0.660620,0.525400,0.321263,0.681294,0.759693,0.673283,0.778226,0.736942,0.457532,0.783298,0.571666,0.365082,0.431878,0.424665,0.233550,0.019123,0.391421,0.003761,0.179151,0.192406,0.929062,0.966109,0.596536,0.467978,0.332229,0.214919,13.449070,15.307144,0.206942,0.256528,0.796649,0.811201,0.681030,0.692618,0.925100,0.933129,0.848898,0.455562,0.032465,44.229491,0.004991,0.011081,6.357621,0.003924,0.003947,0.000494,0.002355,8167031.832635,0.000000
-7115306.963691,1368846.901370,47391821.144985,42.305001,-1.895383,0.959502,0.745192,0.307794,0.071438,0.793760,0.735741,0.676881,0.518082,0.304320,0.126333,0.760123,0.385481,0.772495,0.182041,0.391061,0.528557,0.574459,0.980051,0.451069,0.300006,0.108263,0.148900,0.298751,0.125221,0.037066,0.192278,0.930235,0.970794,0.617364,0.468301,0.333700,0.218181,12.832869,19.487044,0.352219,0.284496,0.823280,0.822556,0.728775,0.728420,0.956089,0.955655,0.849739,0.462124,0.032304,37.694999,0.003315,0.007615,5.569902,0.004719,0.004715,0.000920,0.001929,7115306.963691,0.000000
-19176532.542030,1679416.260879,81262959.112173,58.871051,-0.656633,0.742359,0.974689,0.726791,0.080044,0.800068,0.950863,0.397857,0.442888,0.313221,0.768819,0.908075,0.386853,0.291608,0.273055,0.431448,0.784336,0.576302,0.938232,0.294224,0.332808,0.222279,0.476927,0.092435,0.149580,0.598865,0.101743,0.853370,0.960657,0.451756,0.443499,0.163932,0.248382,12.469559,2.386998,0.295969,0.133723,0.584834,0.742932,0.493858,0.626563,0.547253,0.785282,0.481405,0.400685,0.050885,21.128949,0.001887,0.015732,13.106366,0.004549,0.004526,0.000425,0.002424,19176532.542030,0.000000
-7868111.798192,1643088.666633,50101115.469106,36.497540,-0.863824,0.916425,0.973196,0.371209,0.677414,0.149845,0.950882,0.986207,0.345886,0.350410,0.827417,0.594729,0.680410,0.736075,0.750576,0.868106,0.777210,0.774909,0.983006,0.438852,0.084637,0.235189,0.904876,0.690755,0.013949,0.165409,0.021970,0.952973,0.757286,0.990521,0.307994,0.325965,0.209615,9.676767,15.001239,0.125914,0.209165,0.740616,0.698141,0.644488,0.609527,0.883117,0.845799,0.578453,0.523126,0.323032,43.502460,0.005169,0.016293,7.469835,0.003773,0.003783,0.000447,0.002402,7868111.798192,0.000000
-11860822.761262,1509146.790283,77763871.853401,38.733966,-1.019727,0.741108,0.990712,0.841930,0.703217,0.370236,0.948224,0.706599,0.512767,0.320192,0.239379,0.740244,0.369697,0.291606,0.266934,0.393437,0.780061,0.772370,0.436190,0.317005,0.298698,0.456863,0.595957,0.274591,0.075752,0.042222,0.211943,0.937469,0.962736,0.682425,0.466106,0.160077,0.215166,10.746313,19.029240,0.723077,0.205917,0.624221,0.748108,0.535940,0.639950,0.604264,0.784214,0.639307,0.490303,0.039644,41.266034,0.000694,0.005639,10.947838,0.004675,0.004652,0.000523,0.002326,11860822.761262,0.000000
-7622504.532393,1568678.377635,57042783.195310,32.944337,-1.921787,0.747922,0.975719,0.902624,0.392624,0.281423,0.722298,0.980346,0.289759,0.416830,0.809697,0.627533,0.315581,0.299441,0.154328,0.899790,0.942568,0.323228,0.229584,0.880433,0.010194,0.123370,0.799193,0.289639,0.010296,0.001836,0.699522,0.943050,0.897830,0.618956,0.465853,0.331982,0.111447,9.730668,20.039092,0.921706,0.287775,0.748082,0.772326,0.600007,0.619222,0.768010,0.795066,0.853655,0.488021,0.042445,47.055663,0.000589,0.001880,11.695459,0.004780,0.004787,0.000898,0.001951,7622504.532393,0.000000
-14682980.523500,1665885.569818,71561197.278722,43.624383,-0.938946,0.741108,0.990136,0.842039,0.690551,0.810315,0.742124,0.657263,0.517231,0.321033,0.773847,0.738011,0.414283,0.883798,0.265648,0.981509,0.786379,0.444100,0.407887,0.025975,0.295762,0.463287,0.199001,0.289031,0.086417,0.221304,0.186329,0.937652,0.963502,0.714977,0.466106,0.155152,0.215607,13.285819,13.974794,0.419831,0.170650,0.656345,0.770617,0.554957,0.651064,0.652228,0.808025,0.608960,0.502771,0.039719,36.375617,0.000707,0.000239,11.621834,0.004531,0.004541,0.000682,0.002167,14682980.523500,0.000000
-7849220.620691,1622673.499276,51403899.249398,36.514385,-1.814084,0.912691,0.973580,0.323956,0.677414,0.802099,0.950863,0.980354,0.345411,0.349553,0.827417,0.594729,0.678642,0.770242,0.237166,0.868106,0.777151,0.577712,0.977586,0.437088,0.084637,0.235158,0.967003,0.307737,0.014019,0.165409,0.099462,0.953940,0.746321,0.447795,0.444092,0.333550,0.224840,9.450708,14.948417,0.254989,0.218400,0.801655,0.774649,0.648463,0.661143,0.922536,0.925573,0.837013,0.472366,0.092788,43.485615,0.000592,0.017089,6.542223,0.003840,0.003867,0.000396,0.002453,7849220.620691,0.000000
-4065898.550065,1514523.165041,41504969.819744,32.254009,-1.628659,0.958413,0.976185,0.371322,0.062483,0.798688,0.145123,0.660601,0.345745,0.402448,0.679641,0.809422,0.674138,0.292505,0.757520,0.278912,0.782103,0.317134,0.982807,0.437926,0.415397,0.218139,0.000176,0.688109,0.001374,0.007919,0.694600,0.850721,0.968251,0.636350,0.466477,0.331911,0.106806,14.233397,20.457169,0.614037,0.307014,0.768919,0.798024,0.624102,0.647545,0.794091,0.823753,0.803807,0.470394,0.003280,47.745991,0.007981,0.006352,5.898328,0.004891,0.004905,0.000979,0.001870,4065898.550065,0.000000
-18799600.940995,1970012.640473,90715188.264419,44.234560,-0.796130,0.740716,0.969925,0.854208,0.677239,0.180971,0.935211,0.330311,0.347189,0.341285,0.773527,0.816069,0.314101,0.779560,0.371224,0.467235,0.771561,0.309774,0.983007,0.453365,0.505421,0.455437,0.007986,0.389931,0.004067,0.612323,0.639362,0.937513,0.960098,0.596536,0.305722,0.261101,0.215095,13.928390,2.295347,0.148998,0.170842,0.592641,0.744062,0.512751,0.616246,0.736766,0.881221,0.548929,0.457577,0.504971,35.765440,0.001352,0.007145,11.580045,0.003709,0.003697,0.000228,0.002621,18799600.940995,0.000000
-12523096.216616,1634495.604613,78067260.167864,41.415172,-0.543784,0.686050,0.966330,0.880136,0.059002,0.765665,0.785781,0.669734,0.490818,0.308743,0.380522,0.759310,0.449270,0.923882,0.249164,0.265287,0.783153,0.609373,0.983263,0.764499,0.905910,0.468700,0.616410,0.396283,0.075652,0.160443,0.194623,0.852602,0.978284,0.611907,0.308209,0.331618,0.222394,11.190528,15.449999,0.466747,0.207791,0.612198,0.711683,0.529291,0.612357,0.765932,0.862235,0.419453,0.457489,0.426163,38.584828,0.004735,0.008748,9.047602,0.004526,0.004493,0.000400,0.002449,12523096.216616,0.000000
-16127493.762239,1847698.035772,71633741.975815,43.938549,-1.788666,0.655387,0.996874,0.887786,0.001249,0.753750,0.728699,0.697108,0.513851,0.276324,0.798739,0.562561,0.703838,0.333475,0.038459,0.893619,0.585938,0.771210,0.996811,0.338721,0.064909,0.111380,0.132860,0.399566,0.000354,0.615536,0.207440,0.962964,0.976240,0.460656,0.433109,0.289437,0.253051,15.059093,2.094390,0.359274,0.192935,0.753530,0.780227,0.624142,0.632904,0.906000,0.920732,0.832817,0.399292,0.121456,36.061451,0.000534,0.014798,9.363413,0.003847,0.003861,0.000154,0.002695,16127493.762239,0.000000
-1803219.662669,1208027.538785,48696700.309132,54.735412,-1.884356,0.743302,0.761462,0.282255,0.063727,0.780463,0.744734,0.939217,0.743010,0.598393,0.370402,0.700561,0.414593,0.333528,0.361347,0.241784,0.780545,0.538703,0.977501,0.298927,0.496007,0.227598,0.495074,0.307970,0.298372,0.009631,0.610757,0.932909,0.975242,0.453094,0.464925,0.161103,0.098782,10.349886,20.123799,0.251547,0.225043,0.764093,0.781150,0.592496,0.605643,0.761026,0.776228,0.848073,0.396658,0.040138,25.264588,0.011693,0.007432,2.549355,0.004546,0.004566,0.000767,0.002082,1803219.662669,0.000000
-8666159.735843,1348261.264896,55723019.170526,42.189663,-0.348378,0.793365,0.961526,0.486914,0.074454,0.798847,0.748362,0.655507,0.330079,0.174331,0.088907,0.669629,0.410546,0.291897,0.172213,0.392887,0.770602,0.312235,0.406480,0.812912,0.918841,0.236086,0.979400,0.931874,0.119969,0.041207,0.777462,0.852709,0.740969,0.253669,0.285415,0.261674,0.221313,8.954158,18.683030,0.727128,0.213923,0.686713,0.712359,0.598251,0.619968,0.832362,0.855377,0.294168,0.391177,0.436587,37.810337,0.002950,0.011160,8.290023,0.004968,0.004974,0.000868,0.001981,8666159.735843,0.000000
-12346816.767607,1742166.171487,80810350.797941,37.694734,-1.661633,0.913774,0.975662,0.868261,0.668713,0.218298,0.760380,0.662808,0.525400,0.314644,0.772292,0.760731,0.313989,0.872171,0.248716,0.450632,0.582738,0.571046,0.951625,0.450740,0.423609,0.233550,0.797813,0.389930,0.025786,0.177164,0.192406,0.937513,0.742397,0.679077,0.467978,0.265123,0.215152,10.344711,14.791740,0.396583,0.190879,0.695552,0.806285,0.585899,0.673694,0.835498,0.912066,0.810171,0.522882,0.035925,42.305266,0.000658,0.010575,12.080743,0.004342,0.004322,0.000705,0.002144,12346816.767607,0.000000
-16202576.216200,1427571.491352,91274522.283159,55.096293,-1.738566,0.818341,0.748747,0.867616,0.664410,0.221631,0.941055,0.410366,0.350765,0.026144,0.810066,0.768380,0.402162,0.769631,0.157800,0.635427,0.767280,0.442011,0.071959,0.051370,0.000190,0.244065,0.781029,0.266645,0.302170,0.009351,0.090245,0.928761,0.898188,0.502877,0.442541,0.270097,0.249582,9.396617,19.941685,0.339447,0.181083,0.677714,0.846636,0.594293,0.720239,0.812370,0.954214,0.824228,0.441290,0.085371,24.903707,0.000297,0.000096,10.805593,0.004275,0.004294,0.000794,0.002055,16202576.216200,0.000000
-15235799.989243,1293580.689109,76788486.243054,54.287683,-0.253317,0.742116,0.829777,0.725494,0.057747,0.654240,0.940663,0.426368,0.345716,0.226317,0.365129,0.756356,0.291833,0.282193,0.159889,0.432029,0.787836,0.666978,0.435848,0.887072,0.030297,0.463264,0.478742,0.307765,0.292339,0.009979,0.650271,0.852407,0.742371,0.233330,0.274979,0.158082,0.104017,11.081543,20.124207,0.651507,0.147507,0.604224,0.729413,0.491000,0.503778,0.698223,0.763806,0.223778,0.381992,0.590823,25.712317,0.001674,0.014173,10.846043,0.004802,0.004812,0.000775,0.002074,15235799.989243,0.000000
-4275876.427011,1372267.341085,36612687.561874,33.408300,-0.675632,0.690618,0.972579,0.309933,0.064537,0.146587,0.756370,0.676456,0.474521,0.213966,0.374651,0.464950,0.392459,0.290948,0.039529,0.882038,0.786199,0.570325,0.979828,0.853456,0.034540,0.230645,0.203336,0.393438,0.010214,0.030956,0.198690,0.949358,0.954604,0.289831,0.287353,0.295862,0.094745,12.196939,19.572417,0.383132,0.261143,0.708994,0.752914,0.489024,0.534803,0.717836,0.787709,0.491165,0.339018,0.558008,46.591700,0.000342,0.033947,1.180662,0.004357,0.004371,0.000682,0.002167,4275876.427011,0.000000
-7684906.088411,1324347.134739,55256447.494596,42.974498,-1.580531,0.686243,0.990433,0.418775,0.078456,0.368170,0.754697,0.455975,0.513467,0.283682,0.200354,0.601549,0.479934,0.374689,0.175445,0.390075,0.787710,0.594301,0.068007,0.586647,0.338064,0.235038,0.000050,0.265261,0.144694,0.006714,0.564177,0.959044,0.739870,0.278243,0.402411,0.336872,0.216028,13.812874,20.538585,0.727349,0.270019,0.781358,0.825486,0.687203,0.702718,0.928185,0.952364,0.794134,0.402086,0.195276,37.025502,0.002969,0.002583,5.732213,0.004888,0.004899,0.000859,0.001990,7684906.088411,0.000000
-13359360.525636,1748831.864739,90568330.940772,41.080916,-1.861214,0.702953,0.974013,0.879601,0.064773,0.210962,0.631874,0.441866,0.474813,0.205380,0.816782,0.828405,0.466492,0.909735,0.250912,0.324508,0.753202,0.598621,0.098085,0.451178,0.301648,0.233069,0.485742,0.396370,0.006749,0.433219,0.197633,0.937484,0.956397,0.596443,0.458476,0.273345,0.223262,12.851610,7.282084,0.526423,0.218818,0.703754,0.815140,0.617198,0.672636,0.841094,0.924273,0.844516,0.458786,0.055171,38.919084,0.005159,0.001489,10.875802,0.004532,0.004505,0.000410,0.002439,13359360.525636,0.000000
-5831781.385086,1325178.322545,43040241.898212,38.138153,-2.011605,0.686746,0.847848,0.284633,0.078490,0.805069,0.724135,0.667867,0.557922,0.273356,0.798083,0.568718,0.414777,0.884591,0.180681,0.239897,0.591385,0.594282,0.069970,0.340921,0.488631,0.111624,0.493130,0.965410,0.077948,0.009633,0.612390,0.968120,0.960184,0.453211,0.467777,0.164286,0.249999,11.243446,20.005456,0.531890,0.287682,0.829462,0.826935,0.720107,0.735485,0.898086,0.919385,0.866226,0.401403,0.048861,41.861847,0.003125,0.003834,3.718291,0.004728,0.004740,0.000914,0.001935,5831781.385086,0.000000
-7255301.261718,1652247.963799,55479061.352326,32.444831,-1.953654,0.954693,0.975651,0.901986,0.392624,0.282508,0.729293,0.976357,0.270012,0.416830,0.674140,0.741931,0.673889,0.292556,0.833134,0.899655,0.942568,0.323228,0.231417,0.880433,0.010194,0.213750,0.163808,0.305091,0.004542,0.004055,0.694327,0.953149,0.897830,0.634445,0.465865,0.331982,0.106807,13.477233,20.505827,0.794982,0.278053,0.714455,0.735688,0.565666,0.582430,0.705957,0.732396,0.858245,0.494241,0.046574,47.555169,0.001822,0.001887,11.999341,0.004833,0.004839,0.001002,0.001847,7255301.261718,0.000000
-6262489.388080,1481085.779884,50685637.327842,33.503938,-1.833919,0.700008,0.859591,0.700624,0.058992,0.211693,0.623571,0.669296,0.335143,0.400827,0.383230,0.829422,0.416637,0.893552,0.143435,0.234495,0.781312,0.600885,0.407956,0.132697,0.027190,0.192383,0.229715,0.311325,0.007765,0.045074,0.694386,0.929293,0.967242,0.650748,0.458245,0.158646,0.101368,13.162110,19.162646,0.801309,0.271607,0.746515,0.777284,0.598278,0.622651,0.708956,0.755833,0.840214,0.476362,0.052229,46.496062,0.002389,0.007458,7.842412,0.004873,0.004850,0.000703,0.002146,6262489.388080,0.000000
-19726083.309395,1770824.358612,126166846.971867,51.794075,-1.706636,0.744501,0.847900,0.853776,0.070972,0.779154,0.950766,0.191921,0.241849,0.185426,0.796127,0.919734,0.364290,0.263574,0.369289,0.471752,0.576603,0.771877,0.983840,0.301165,0.529133,0.111693,0.063906,0.086748,0.076587,0.618187,0.619386,0.955697,0.738126,0.994066,0.423610,0.302701,0.237639,14.115595,2.082165,0.184234,0.203775,0.581508,0.807527,0.520409,0.707614,0.770033,0.944862,0.818525,0.514621,0.140571,28.205925,0.000812,0.014282,10.885528,0.004051,0.004073,0.000267,0.002582,19726083.309395,0.000000
-16462454.870802,1300727.603553,83558142.341838,68.159075,-1.604267,0.659788,0.768863,0.491526,0.064579,0.820073,0.731380,0.435810,0.139968,0.340281,0.138901,0.546216,0.473823,0.781847,0.734789,0.536831,0.801094,0.648950,0.986463,0.265989,0.052313,0.077256,0.195307,0.274502,0.478526,0.008860,0.855361,0.845543,0.958799,0.246899,0.465194,0.161188,0.225742,12.300075,20.425805,0.156483,0.187610,0.724113,0.846215,0.645116,0.687750,0.879298,0.952444,0.798963,0.320976,0.003634,11.840925,0.007683,0.026891,5.482351,0.004632,0.004639,0.000688,0.002161,16462454.870802,0.000000
-87243.792076,1228122.813183,46749995.323982,58.798348,-0.494262,0.742513,0.854785,0.282292,0.063727,0.186564,0.945335,0.939217,0.745026,0.598393,0.374512,0.754456,0.459185,0.333527,0.172324,0.462642,0.780713,0.771184,0.436912,0.287688,0.481142,0.244887,0.148452,0.397188,0.293280,0.149495,0.621908,0.919671,0.975287,0.460728,0.397722,0.161811,0.252175,10.435237,16.181176,0.193158,0.197501,0.805679,0.749814,0.711398,0.665443,0.899418,0.885110,0.759504,0.399617,0.189085,21.201652,0.003171,0.017440,0.494262,0.004132,0.004166,0.000561,0.002288,87243.792076,0.000000
-13384420.442825,1734787.276396,69042193.101870,45.890017,-1.996586,0.911719,0.978426,0.869937,0.677422,0.798144,0.694193,0.928168,0.356241,0.628460,0.794014,0.496084,0.424839,0.903613,0.265063,0.388467,0.714314,0.329420,0.972270,0.330050,0.698579,0.235309,0.089501,0.546229,0.114113,0.218991,0.689864,0.965689,0.896203,0.972826,0.466491,0.291440,0.186528,13.737175,14.160779,0.294635,0.214398,0.779753,0.779050,0.687843,0.687539,0.894523,0.896179,0.864202,0.572839,0.050460,34.109983,0.000725,0.007536,9.713280,0.004100,0.004106,0.000676,0.002173,13384420.442825,0.000000
-4254304.960512,1431164.455022,56406499.050031,33.046710,-2.003130,0.550867,0.975719,0.367714,0.677355,0.774832,0.722530,0.059589,0.796120,0.312194,0.305772,0.626249,0.663501,0.331634,0.191827,0.545109,0.944191,0.310409,0.232505,0.019067,0.002929,0.245600,0.797332,0.399356,0.011640,0.001926,0.694326,0.968102,0.735398,0.623375,0.466318,0.298295,0.103967,9.322165,19.992852,0.736598,0.296875,0.777892,0.812551,0.629963,0.657250,0.789191,0.836667,0.865088,0.509125,0.051801,46.953290,0.000406,0.000184,4.026778,0.004332,0.004355,0.000572,0.002277,4254304.960512,0.000000
-7471550.282070,1582350.697277,56289396.688284,32.806162,-1.921787,0.730755,0.974542,0.902624,0.392662,0.282379,0.742733,0.980346,0.289759,0.419411,0.667577,0.741322,0.479507,0.299619,0.172722,0.899790,0.584042,0.323228,0.566614,0.890908,0.774603,0.214494,0.003250,0.305094,0.010296,0.001966,0.694075,0.943050,0.903661,0.674142,0.465853,0.331982,0.105979,14.428268,20.689907,0.855012,0.286497,0.745243,0.768468,0.602862,0.621316,0.744591,0.769397,0.853655,0.508055,0.042445,47.193838,0.000715,0.006795,11.785061,0.004883,0.004890,0.000847,0.002002,7471550.282070,0.000000
-7643044.411211,1687234.940240,52659388.213066,35.223694,-1.944012,0.914147,0.973293,0.490318,0.663372,0.247681,0.945868,0.980354,0.270078,0.350410,0.140228,0.694474,0.678642,0.781960,0.905754,0.887923,0.777207,0.574993,0.925599,0.434949,0.010747,0.244067,0.158855,0.381856,0.000415,0.163928,0.695478,0.949710,0.745134,0.985234,0.466067,0.169132,0.313872,12.938371,15.662092,0.230703,0.218093,0.810143,0.785370,0.674805,0.694215,0.901151,0.920058,0.856871,0.519531,0.044753,44.776306,0.005531,0.016052,10.596091,0.004480,0.004473,0.000836,0.002013,7643044.411211,0.000000
-15927233.218360,1331211.591203,76299551.977955,69.127605,-2.082424,0.740057,0.986801,0.488592,0.065106,0.852452,0.962138,0.439579,0.277150,0.354387,0.811138,0.567719,0.416340,0.782166,0.177495,0.189669,0.775325,0.335763,0.980553,0.438263,0.166698,0.236646,0.854743,0.398880,0.479472,0.024904,0.692572,0.992300,0.735654,0.670279,0.467020,0.155777,0.221428,9.466895,19.418471,0.399308,0.160622,0.753874,0.843267,0.642175,0.748217,0.832412,0.948767,0.875372,0.500713,0.060307,10.872395,0.003308,0.005849,10.237546,0.005003,0.004996,0.000920,0.001929,15927233.218360,0.000000
-7384228.406912,1302877.868894,57282568.649646,69.533025,-2.075185,0.792280,0.962876,0.365674,0.000465,0.803452,0.718315,0.747641,0.574815,0.406449,0.320408,0.651209,0.391685,0.338483,0.147958,0.318981,0.801407,0.619598,0.438432,0.306316,0.050895,0.487260,0.977257,0.311918,0.421614,0.149425,0.564774,0.991373,0.750213,0.632429,0.466263,0.335110,0.117718,7.867624,15.553453,0.448130,0.204244,0.803866,0.812324,0.662577,0.668007,0.847107,0.853823,0.874467,0.506671,0.061472,10.466975,0.003942,0.009559,6.091494,0.004760,0.004778,0.000901,0.001948,7384228.406912,0.000000
-7170459.458055,1622274.041832,50197433.935787,35.456200,-2.093722,0.914147,0.975719,0.290666,0.667972,0.778443,0.822170,0.980244,0.349320,0.350410,0.235216,0.694454,0.682738,0.770827,0.207601,0.886847,0.777207,0.686197,0.789646,0.438431,0.711252,0.109863,0.949443,0.381909,0.000415,0.168890,0.695105,0.996050,0.747942,0.290771,0.466968,0.331871,0.106831,9.964031,14.839615,0.247306,0.267502,0.651639,0.684210,0.426104,0.452815,0.669961,0.710997,0.876772,0.404672,0.061952,44.543800,0.000477,0.015448,4.553452,0.003594,0.003624,0.000257,0.002592,7170459.458055,0.000000
-7490580.859828,1361159.682919,56143655.086923,38.737541,-0.822625,0.741108,0.990133,0.298100,0.703217,0.370236,0.114373,0.657457,0.337592,0.320746,0.208254,0.567766,0.388656,0.302276,0.266934,0.391496,0.783871,0.593745,0.393585,0.023864,0.497528,0.109271,0.596003,0.311894,0.075799,0.042222,0.175694,0.937469,0.960142,0.910769,0.467773,0.164311,0.215125,10.168126,18.940640,0.291123,0.246970,0.706228,0.800284,0.611337,0.690378,0.749475,0.858066,0.673901,0.580659,0.036313,41.262459,0.000694,0.000214,0.822625,0.002943,0.002978,0.000012,0.002837,7490580.859828,0.000000
-9592950.747628,1496681.361545,62289617.566489,38.210788,-2.078557,0.743183,0.847848,0.827797,0.070963,0.779203,0.769587,0.667673,0.513640,0.350993,0.795190,0.741694,0.415223,0.875991,0.371780,0.887216,0.583882,0.570843,0.405303,0.300724,0.295131,0.465025,0.493084,0.972504,0.078913,0.009633,0.612390,0.992749,0.963545,0.714169,0.466110,0.158139,0.238014,11.311631,20.082099,0.602830,0.249326,0.788499,0.828473,0.678833,0.735067,0.843626,0.920521,0.874889,0.502440,0.062352,41.789212,0.004859,0.010958,8.867581,0.004720,0.004727,0.000890,0.001959,9592950.747628,0.000000
-3833661.257664,1453468.815964,40645439.380006,32.259808,-1.622854,0.954778,0.968227,0.324068,0.062732,0.789751,0.145123,0.666210,0.345745,0.404627,0.385869,0.809853,0.674138,0.292505,0.244109,0.278912,0.715386,0.317134,0.381036,0.292353,0.415797,0.218139,0.003500,0.305091,0.001444,0.007919,0.446871,0.848948,0.967250,0.633382,0.466477,0.333590,0.106806,14.231204,20.439024,0.866319,0.312819,0.780695,0.815088,0.635079,0.662946,0.804710,0.839157,0.802665,0.469575,0.002552,47.740192,0.005928,0.005963,3.254984,0.004782,0.004800,0.000935,0.001914,3833661.257664,0.000000
-6417991.881350,1242194.585215,52181082.966987,61.660089,-0.619276,0.736829,0.772512,0.303133,0.001107,0.798730,0.957019,0.660509,0.685728,0.271974,0.680413,0.696495,0.299442,0.325606,0.745381,0.894215,0.781253,0.585779,0.970049,0.439448,0.290091,0.229832,0.771609,0.391031,0.389084,0.009724,0.697332,0.961741,0.739744,0.676814,0.276730,0.276377,0.247917,9.587526,19.911547,0.102471,0.160710,0.725699,0.723265,0.637363,0.635735,0.859974,0.856772,0.461666,0.513090,0.511075,18.339911,0.005408,0.038140,2.651017,0.004497,0.004503,0.000752,0.002097,6417991.881350,0.000000
-12677389.979098,1329866.842245,65354065.984367,69.386387,-2.094021,0.738960,0.963060,0.365674,0.064904,0.803452,0.719075,0.732435,0.336382,0.410280,0.874280,0.564182,0.415060,0.338077,0.369930,0.189682,0.601097,0.621403,0.438432,0.340718,0.050755,0.487925,0.126400,0.311165,0.423017,0.150223,0.690517,0.996045,0.735226,0.634620,0.467023,0.330661,0.220432,11.044469,16.208232,0.261355,0.210367,0.793981,0.823812,0.706720,0.731603,0.940637,0.955464,0.876809,0.499245,0.061838,10.613613,0.008791,0.004186,4.916538,0.004670,0.004692,0.000863,0.001986,12677389.979098,0.000000
-5132999.581831,1268707.664058,43983522.058667,41.710760,-1.228706,0.742944,0.768855,0.282312,0.070918,0.779643,0.960553,0.930281,0.584263,0.595918,0.226531,0.655741,0.391176,0.300706,0.143253,0.244239,0.791839,0.594286,0.405303,0.306547,0.496231,0.098600,0.880992,0.965083,0.124603,0.008561,0.616035,0.861386,0.960432,0.455163,0.396439,0.164810,0.252534,9.015098,19.741956,0.559223,0.245879,0.800438,0.747137,0.705155,0.661329,0.898636,0.890091,0.707329,0.402090,0.164816,38.289240,0.002200,0.007487,2.481955,0.004556,0.004577,0.000776,0.002073,5132999.581831,0.000000
-15184589.291115,1623665.524565,71479755.611236,51.927077,-1.038430,0.913774,0.767839,0.494370,0.006811,0.766804,0.785805,0.438012,0.491267,0.321263,0.222620,0.760222,0.286763,0.909283,0.248716,0.457532,0.748019,0.333781,0.983007,0.450740,0.432848,0.233550,0.148693,0.386705,0.077948,0.617143,0.192406,0.937975,0.956594,0.594662,0.421511,0.162443,0.215152,12.075078,2.025336,0.108847,0.165928,0.647774,0.776349,0.548404,0.656332,0.656177,0.827519,0.645990,0.458021,0.137656,28.072923,0.003132,0.012726,5.986985,0.003736,0.003730,0.000435,0.002414,15184589.291115,0.000000
-9754104.152378,1485619.486441,67588466.078654,41.792634,-2.103834,0.795854,0.996694,0.261542,0.678165,0.777343,0.723105,0.669357,0.525492,0.323235,0.772402,0.689963,0.450461,0.781809,0.172900,0.215943,0.574855,0.571222,0.980510,0.118917,0.423307,0.231329,0.042090,0.721230,0.077178,0.176648,0.644696,0.995126,0.975258,0.449595,0.469219,0.157911,0.103305,12.217528,15.391416,0.163470,0.245502,0.701582,0.726621,0.518318,0.537218,0.656707,0.714704,0.878012,0.395291,0.056994,38.207366,0.000338,0.001925,3.372590,0.003280,0.003323,0.000105,0.002744,9754104.152378,0.000000
-8321776.155325,1412934.992188,64018754.830883,37.736859,-1.942575,0.797927,0.998057,0.874544,0.002246,0.196083,0.939035,0.357661,0.485486,0.286401,0.237641,0.598458,0.474283,0.272595,0.754107,0.215714,0.790831,0.333844,0.214092,0.117905,0.508925,0.219062,0.004934,0.397403,0.075891,0.003156,0.694609,0.993304,0.960243,0.284259,0.442838,0.163234,0.102525,14.379936,20.656226,1.219442,0.270615,0.693952,0.726946,0.480255,0.505972,0.676826,0.746185,0.856666,0.335203,0.112489,42.263141,0.001829,0.003573,11.236714,0.004939,0.004919,0.000759,0.002090,8321776.155325,0.000000
-19309843.192213,1559827.439161,86345378.138070,76.508406,-0.278828,0.753230,0.974689,0.726791,0.080224,0.147814,0.786605,0.404928,0.441733,0.312689,0.785619,0.757301,0.388621,0.291608,0.262482,0.430633,0.466703,0.583735,0.010625,0.451071,0.337937,0.222309,0.476718,0.096516,0.322790,0.598865,0.024251,0.852403,0.969228,0.992567,0.277778,0.330779,0.248859,11.567905,2.443714,0.298757,0.144624,0.550647,0.695082,0.471533,0.592226,0.674519,0.836258,0.243330,0.609110,0.424249,3.491594,0.002478,0.000285,12.314951,0.004495,0.004510,0.000498,0.002351,19309843.192213,0.000000
-12442795.381425,1790883.433927,68188580.741363,38.482112,-0.777559,0.894673,0.978258,0.879672,0.677239,0.223566,0.934655,0.935583,0.535693,0.285416,0.366338,0.760225,0.307936,0.907427,0.744337,0.257323,0.777552,0.678058,0.983006,0.870591,0.392388,0.233550,0.003241,0.397215,0.026643,0.219209,0.650994,0.929338,0.965597,0.475406,0.306598,0.159476,0.215621,14.417795,14.178168,0.284839,0.165963,0.683783,0.662846,0.588385,0.576973,0.833649,0.812472,0.540473,0.408384,0.496452,41.517888,0.001849,0.005354,13.707229,0.004359,0.004339,0.000601,0.002248,12442795.381425,0.000000
-11208001.968834,1604260.483955,72607305.030417,38.687295,-1.019032,0.684483,0.780391,0.879672,0.088411,0.148908,0.784386,0.658787,0.539559,0.284884,0.849061,0.760237,0.343569,0.911746,0.263947,0.430531,0.475279,0.509434,0.413186,0.297332,0.394316,0.225203,0.005258,0.118491,0.029471,0.217548,0.650994,0.805288,0.940621,0.640258,0.392761,0.331923,0.216098,14.827160,14.176734,0.405734,0.234500,0.685786,0.756850,0.596276,0.655392,0.863463,0.914600,0.639056,0.481430,0.147587,41.312705,0.002929,0.010554,8.495903,0.004459,0.004471,0.000545,0.002304,11208001.968834,0.000000
-14853069.613390,1471896.920123,74270926.477559,68.653915,-2.104984,0.738806,0.990027,0.725883,0.078544,0.366040,0.707134,0.666923,0.297569,0.556841,0.378960,0.740800,0.675817,0.307500,0.266352,0.165407,0.783853,0.687659,0.832735,0.331864,0.462970,0.237791,0.939900,0.307351,0.410184,0.151235,0.639586,0.996988,0.984014,0.956401,0.468418,0.331494,0.225083,9.267080,15.559338,0.554983,0.208673,0.772395,0.820364,0.686434,0.726313,0.928698,0.953894,0.878152,0.589283,0.059380,11.346085,0.004015,0.004223,9.882088,0.004751,0.004724,0.000595,0.002254,14853069.613390,0.000000
-15786807.990842,1856288.885385,69285351.783914,51.870367,-0.554918,0.686050,0.966330,0.852436,0.035157,0.766804,0.937095,0.664839,0.525964,0.321244,0.773747,0.815211,0.449089,0.923173,0.371012,0.265287,0.748313,0.609651,0.983265,0.758865,0.431780,0.479351,0.025122,0.396288,0.076756,0.621126,0.641580,0.856153,0.966128,0.596667,0.308152,0.333176,0.222337,14.696667,2.066273,0.160230,0.161136,0.658366,0.664834,0.559488,0.565289,0.813611,0.819112,0.425881,0.455607,0.413687,28.129633,0.004587,0.008097,10.946643,0.004161,0.004124,0.000092,0.002757,15786807.990842,0.000000
-12052445.247495,1769883.994631,77431766.533131,37.592216,-1.905330,0.913774,0.975662,0.879320,0.701550,0.765665,0.785805,0.662808,0.343448,0.308762,0.772292,0.760222,0.288495,0.909306,0.249376,0.457532,0.783505,0.570767,0.983004,0.450740,0.907637,0.222578,0.593864,0.389930,0.025786,0.173979,0.192406,0.933962,0.978266,0.611776,0.467978,0.259543,0.215152,11.439570,15.049455,0.401409,0.216687,0.743728,0.795187,0.648089,0.656914,0.868274,0.905829,0.851226,0.457445,0.034471,42.407784,0.000616,0.012609,12.762691,0.004285,0.004265,0.000688,0.002161,12052445.247495,0.000000
-7400130.017431,1487291.880933,49989745.305875,34.762448,-1.885420,0.690715,0.775427,0.705299,0.010389,0.771502,0.854612,0.681012,0.474777,0.389122,0.386405,0.535866,0.298460,0.780836,0.747575,0.208873,0.781446,0.611893,0.913815,0.434272,0.028631,0.220127,0.003516,0.292229,0.028431,0.031144,0.446956,0.956791,0.938223,0.236241,0.452276,0.302446,0.250520,14.007723,19.787985,0.473080,0.277108,0.814218,0.823823,0.652152,0.669130,0.945773,0.955017,0.848235,0.322626,0.076278,45.237552,0.002913,0.006538,7.433381,0.004409,0.004419,0.000592,0.002257,7400130.017431,0.000000
-11118644.029612,1172750.168970,63513981.907754,61.304123,-0.675632,0.659421,0.761869,0.305180,0.064412,0.149049,0.758654,0.736657,0.345130,0.213066,0.366123,0.458143,0.392459,0.291606,0.181595,0.232496,0.789488,0.570550,0.979828,0.853456,0.034345,0.229839,0.202027,0.397008,0.386974,0.009459,0.855282,0.949358,0.954602,0.234451,0.287353,0.150578,0.238326,9.777264,20.344678,0.022558,0.184937,0.687853,0.757948,0.610902,0.669637,0.829144,0.890788,0.491165,0.317277,0.338506,18.695877,0.003459,0.008467,0.756452,0.004303,0.004317,0.000667,0.002182,11118644.029612,0.000000
-14518599.889501,1450005.505664,91257950.423861,54.336355,-2.047128,0.712344,0.970614,0.854388,0.372974,0.768243,0.815402,0.712166,0.155630,0.190736,0.317064,0.749323,0.372007,0.327584,0.175796,0.462334,0.780763,0.358499,0.990437,0.304840,0.711204,0.211708,0.062097,0.917883,0.280039,0.044253,0.698492,0.990118,0.734356,0.524054,0.462099,0.262106,0.218872,13.587530,19.453883,0.547460,0.214602,0.727970,0.819101,0.651468,0.706884,0.900183,0.943947,0.870895,0.500972,0.069539,25.663645,0.000786,0.009014,10.405422,0.004730,0.004710,0.000580,0.002269,14518599.889501,0.000000
-11211601.941115,1478040.598238,73901524.160176,41.500873,-0.315253,0.793370,0.975135,0.806657,0.057727,0.238131,0.587193,0.676148,0.517781,0.196513,0.203086,0.758996,0.311446,0.270600,0.153663,0.890885,0.574907,0.320730,0.995510,0.837122,0.308330,0.124972,0.628022,0.544137,0.076926,0.159508,0.043720,0.850764,0.962716,0.234260,0.282413,0.153264,0.215039,11.333828,15.440286,0.682998,0.158412,0.581206,0.725006,0.498756,0.603501,0.528050,0.773363,0.270396,0.314924,0.454802,38.499127,0.001598,0.006122,9.373095,0.004887,0.004892,0.000800,0.002049,11211601.941115,0.000000
-10526007.274506,1806721.891847,61077978.143078,48.416733,-1.416725,0.742770,0.970058,0.861996,0.165527,0.780181,0.949896,0.933471,0.518039,0.667173,0.795891,0.690943,0.414618,0.248775,0.364764,0.895709,0.753959,0.598868,0.997368,0.267179,0.664319,0.211416,0.141123,0.397164,0.043852,0.616511,0.207127,0.866460,0.881903,0.634873,0.422858,0.349265,0.252340,14.609467,2.107930,0.296032,0.177241,0.762861,0.681764,0.661075,0.594337,0.920887,0.863554,0.757493,0.500169,0.102371,31.583267,0.001014,0.019683,14.141917,0.004046,0.004068,0.000399,0.002450,10526007.274506,0.000000
-11406638.117480,1242222.149313,59792006.025291,63.219702,-2.011605,0.743185,0.850131,0.274957,0.070957,0.799194,0.945494,0.666941,0.337936,0.350993,0.795190,0.575329,0.415463,0.884609,0.364957,0.138876,0.592385,0.594282,0.406477,0.340921,0.713238,0.111624,0.948349,0.283702,0.409589,0.008496,0.612390,0.968120,0.975615,0.453211,0.467777,0.164286,0.252329,9.648959,19.777190,0.156748,0.216314,0.807524,0.821150,0.705039,0.731527,0.872404,0.919837,0.866226,0.396588,0.048861,16.780298,0.009776,0.002873,2.472973,0.004717,0.004729,0.000889,0.001960,11406638.117480,0.000000
-10285288.202608,1714717.090885,67041994.679577,34.895907,-1.587918,0.925372,0.975662,0.879530,0.677239,0.766804,0.959332,0.662808,0.524555,0.321263,0.770206,0.760222,0.291384,0.909306,0.258381,0.457532,0.748538,0.571046,0.988433,0.453820,0.420483,0.233550,0.593864,0.389930,0.025786,0.042219,0.192406,0.937513,0.966109,0.596536,0.413958,0.332229,0.215152,11.062618,19.028937,0.524467,0.234680,0.749163,0.786861,0.659017,0.667445,0.907546,0.914900,0.795649,0.455562,0.155860,45.104093,0.000692,0.012124,15.715429,0.004519,0.004498,0.000802,0.002047,10285288.202608,0.000000
-18380494.376051,1909447.684112,80799723.392781,45.649695,-2.096955,0.796505,0.996694,0.911810,0.403369,0.578758,0.723105,0.444916,0.491359,0.324506,0.809453,0.689875,0.416749,0.787555,0.157600,0.235734,0.572752,0.333453,0.980510,0.118917,0.163043,0.214751,0.163038,0.302292,0.009662,0.653654,0.644696,0.996147,0.944710,0.640859,0.467476,0.159478,0.103305,14.358067,0.936280,0.213342,0.174438,0.605789,0.621418,0.437085,0.447884,0.413077,0.481407,0.877170,0.480247,0.060955,34.350305,0.000590,0.003948,11.003551,0.003922,0.003938,0.000132,0.002717,18380494.376051,0.000000
-16040643.995734,1685593.088589,82109883.952968,46.314434,-1.867305,0.660284,0.974013,0.836127,0.064773,0.211217,0.827785,0.441866,0.474813,0.204856,0.816782,0.696665,0.464639,0.305696,0.143469,0.273934,0.777567,0.579234,0.876041,0.266199,0.301605,0.035680,0.485742,0.396469,0.062212,0.433196,0.693647,0.939411,0.959922,0.642904,0.458476,0.273345,0.238378,12.682535,7.296377,0.546247,0.236423,0.730721,0.818196,0.646391,0.710113,0.902729,0.944421,0.845460,0.475802,0.055975,33.685566,0.002298,0.009633,10.179722,0.004389,0.004361,0.000286,0.002563,16040643.995734,0.000000
-19455131.285006,1528396.445530,95311575.345918,68.270798,-1.848845,0.706759,0.972348,0.496609,0.000170,0.190854,0.608137,0.446191,0.067388,0.311284,0.365052,0.828000,0.467915,0.925658,0.795976,0.326838,0.753172,0.598390,0.073124,0.553176,0.305018,0.250999,0.008938,0.396286,0.299236,0.424917,0.650654,0.933655,0.956450,0.675351,0.458433,0.332553,0.223745,12.088411,8.000248,0.083907,0.218679,0.698664,0.829693,0.621747,0.730213,0.880345,0.954748,0.842581,0.489724,0.053663,11.729202,0.011450,0.002565,7.244802,0.004637,0.004635,0.000596,0.002253,19455131.285006,0.000000
-16607157.247822,1610194.333886,98565852.201792,51.910025,-1.951557,0.793304,0.996694,0.491673,0.000242,0.578758,0.723636,0.439191,0.331399,0.353542,0.100098,0.689875,0.312107,0.782166,0.364047,0.314391,0.574855,0.333957,0.980510,0.117419,0.160571,0.236117,0.457872,0.399915,0.077282,0.616626,0.562114,0.996147,0.944675,0.635168,0.442869,0.157935,0.103305,11.676333,1.781545,0.205931,0.201024,0.662541,0.736062,0.554268,0.567815,0.600552,0.696113,0.857947,0.478016,0.113641,28.089975,0.003684,0.007486,8.482663,0.004223,0.004217,0.000364,0.002485,16607157.247822,0.000000
-12049703.749268,1252485.500983,64359130.333334,69.025641,-1.810898,0.796568,0.986922,0.310754,0.001380,0.806972,0.751280,0.432775,0.489300,0.324079,0.811402,0.567719,0.416607,0.765206,0.176816,0.227111,0.575201,0.334209,0.950965,0.289785,0.167268,0.231297,0.982379,0.373133,0.478070,0.023880,0.645766,0.991392,0.943796,0.668032,0.422497,0.157922,0.121376,8.791725,19.322057,0.287375,0.186064,0.782773,0.828525,0.686798,0.691524,0.847384,0.862287,0.836493,0.491277,0.159258,10.974359,0.005320,0.005149,4.940832,0.004938,0.004947,0.000999,0.001850,12049703.749268,0.000000
-7487530.022115,1622320.905807,56779869.420256,32.875846,-1.975139,0.658996,0.990368,0.902553,0.395544,0.335590,0.741853,0.975420,0.270012,0.416830,0.770478,0.741919,0.665616,0.299619,0.859570,0.907143,0.942568,0.448948,0.226653,0.880433,0.010194,0.235113,0.163808,0.304905,0.010296,0.004055,0.559480,0.960025,0.934589,0.982710,0.465848,0.298709,0.107589,13.465449,20.507563,0.792955,0.274270,0.770996,0.785464,0.657730,0.670859,0.733387,0.748327,0.861258,0.590035,0.049434,47.124154,0.001939,0.002592,12.553892,0.004886,0.004890,0.000794,0.002055,7487530.022115,0.000000
-7278388.073602,1325394.968166,50438775.664466,42.413859,-0.456946,0.743302,0.769003,0.353568,0.063856,0.778816,0.208873,0.657058,0.337759,0.405259,0.372667,0.568621,0.665612,0.306499,0.372149,0.225635,0.571787,0.775175,0.923726,0.339172,0.499225,0.238694,0.155656,0.998012,0.124668,0.043070,0.612394,0.942856,0.976104,0.995774,0.461432,0.159303,0.238352,12.788372,19.285175,0.486148,0.273975,0.808970,0.834086,0.702901,0.739962,0.870576,0.925287,0.849754,0.607658,0.051331,37.586141,0.010217,0.004809,0.456946,0.004813,0.004829,0.000857,0.001992,7278388.073602,0.000000
-4331669.553898,1378828.894094,35299470.384060,34.369648,-1.603985,0.915676,0.681588,0.284308,0.014843,0.768934,0.691882,0.666686,0.399966,0.335829,0.840825,0.447560,0.460769,0.325674,0.740331,0.213082,0.770929,0.621202,0.698708,0.430001,0.422300,0.113564,0.868743,0.390017,0.027018,0.009500,0.342192,0.945832,0.749545,0.692281,0.467332,0.298092,0.250712,9.508365,19.669393,0.355182,0.284942,0.853962,0.829013,0.738812,0.734754,0.960450,0.958403,0.856167,0.522674,0.040621,45.630352,0.011207,0.004522,1.603985,0.004562,0.004581,0.000777,0.002072,4331669.553898,0.000000
-13607484.531459,1383537.695085,68409481.632931,54.194525,-1.955588,0.845125,0.761230,0.869005,0.064640,0.870470,0.937145,0.675595,0.356191,0.606493,0.236989,0.840934,0.311713,0.272343,0.155147,0.538444,0.968684,0.761792,0.424505,0.051909,0.021000,0.111356,0.061951,0.284805,0.292507,0.010448,0.959248,0.954999,0.916975,0.699928,0.465195,0.159910,0.251944,13.619684,20.483423,0.691843,0.225051,0.782562,0.822478,0.695919,0.729146,0.931391,0.942810,0.858519,0.513512,0.048689,25.805475,0.001234,0.003749,12.121387,0.004628,0.004645,0.000835,0.002014,13607484.531459,0.000000
-14786863.337662,1269223.907955,74293359.900845,54.903688,-0.618871,0.691441,0.756384,0.875634,0.057391,0.196776,0.939035,0.659754,0.354600,0.201493,0.245158,0.598458,0.321265,0.270395,0.139991,0.223544,0.789920,0.317199,0.215384,0.430595,0.394104,0.219062,0.001773,0.387860,0.303289,0.007917,0.090448,0.852102,0.960243,0.233435,0.442838,0.163234,0.200767,13.817787,20.589215,0.696111,0.161015,0.617048,0.752614,0.538012,0.651833,0.604228,0.798171,0.461448,0.315294,0.051742,25.096312,0.001535,0.002491,7.850475,0.004418,0.004438,0.000460,0.002389,14786863.337662,0.000000
-15448975.839789,1518532.102356,78742148.821173,68.525658,-2.102730,0.738806,0.973168,0.874651,0.078544,0.798728,0.710985,0.666923,0.299396,0.554993,0.207953,0.913306,0.406018,0.730110,0.266352,0.177841,0.575470,0.687659,0.795392,0.394311,0.462970,0.237791,0.595409,0.297767,0.410184,0.150921,0.465757,0.996199,0.975595,0.692091,0.468450,0.332258,0.233479,11.108210,15.879657,0.304570,0.187957,0.763383,0.825369,0.678611,0.724303,0.923386,0.945226,0.877877,0.489609,0.058992,11.474342,0.003645,0.003048,8.733950,0.004489,0.004453,0.000361,0.002488,15448975.839789,0.000000
-20266734.326839,1684520.577148,86204663.807521,58.871051,-0.536414,0.794319,0.974689,0.726518,0.080044,0.657060,0.950882,0.405689,0.346270,0.313221,0.768819,0.908075,0.291937,0.291669,0.158295,0.432602,0.784330,0.773499,0.938232,0.295964,0.338027,0.220831,0.476927,0.303425,0.149580,0.598865,0.666897,0.852403,0.969223,0.994090,0.307402,0.158026,0.102981,12.181576,2.383633,0.316146,0.140951,0.596334,0.713932,0.516282,0.614469,0.576433,0.621082,0.415158,0.609707,0.447562,21.128949,0.000824,0.013757,12.843465,0.004354,0.004350,0.000530,0.002319,20266734.326839,0.000000
-11014017.381519,1406609.079134,71437168.373760,42.056633,-0.996508,0.741108,0.745121,0.841892,0.072234,0.370236,0.755032,0.657067,0.517726,0.320895,0.208254,0.739984,0.385536,0.769746,0.265627,0.391056,0.530120,0.570914,0.436190,0.023405,0.463529,0.462761,0.572946,0.274591,0.120732,0.037095,0.175694,0.937469,0.963670,0.712695,0.466106,0.158165,0.215125,10.760723,19.188681,0.485524,0.210255,0.645049,0.776943,0.556402,0.667096,0.641837,0.823004,0.630834,0.501820,0.039644,37.943367,0.004266,0.001978,5.998582,0.004475,0.004487,0.000546,0.002303,11014017.381519,0.000000
-16458705.645382,1359200.958974,84383016.934852,55.763104,-1.692594,0.854041,0.756384,0.893392,0.066950,0.588803,0.939035,0.438580,0.240878,0.286852,0.237641,0.908285,0.473174,0.272721,0.772597,0.222498,0.761888,0.318079,0.242339,0.430595,0.162033,0.112992,0.022276,0.082350,0.302868,0.034781,0.643999,0.952589,0.880727,0.284827,0.422932,0.163234,0.219313,13.807098,19.757282,0.450711,0.200574,0.720724,0.834222,0.641119,0.671503,0.804952,0.944319,0.815959,0.359069,0.140807,24.236896,0.001278,0.002754,11.557416,0.004602,0.004619,0.000724,0.002125,16458705.645382,0.000000
-13013159.977906,1287167.926098,73538371.180162,55.626453,-1.763629,0.793619,0.776536,0.699157,0.057747,0.654282,0.693333,0.434442,0.345833,0.663651,0.365545,0.578977,0.312882,0.282193,0.159889,0.317699,0.787044,0.577078,0.423046,0.429556,0.737746,0.462642,0.129908,0.307765,0.311503,0.009968,0.499809,0.934941,0.748604,0.233330,0.443446,0.258094,0.104017,12.690994,20.413381,0.635958,0.211091,0.731167,0.750281,0.515500,0.528522,0.745365,0.800002,0.828578,0.379910,0.086047,24.373547,0.002252,0.009412,5.773814,0.004549,0.004566,0.000813,0.002036,13013159.977906,0.000000
-12850762.070437,1382065.836488,67295268.932287,55.637418,-1.020944,0.743302,0.991390,0.841892,0.058731,0.761042,0.755034,0.657263,0.511673,0.320746,0.206995,0.740244,0.389102,0.291606,0.726177,0.391496,0.780411,0.562329,0.420750,0.020080,0.930512,0.112735,0.595957,0.311693,0.295839,0.042222,0.182009,0.937469,0.963502,0.712695,0.466106,0.158234,0.252369,10.936195,19.093023,0.801130,0.165627,0.679922,0.770481,0.584778,0.660994,0.701253,0.815426,0.639745,0.501879,0.039644,24.362582,0.001502,0.001882,10.171340,0.004838,0.004817,0.000672,0.002177,12850762.070437,0.000000
-10507691.359513,1528664.635417,69011465.494938,37.693989,-1.552778,0.741109,0.774449,0.855085,0.703584,0.389657,0.726167,0.666734,0.349318,0.307420,0.375771,0.750366,0.448988,0.329602,0.270112,0.461999,0.784005,0.779769,0.993340,0.780769,0.278443,0.460002,0.026963,0.273495,0.073194,0.009989,0.606401,0.962353,0.975285,0.613474,0.396665,0.161129,0.215226,13.486686,20.455275,0.373284,0.227740,0.741416,0.813060,0.657527,0.706222,0.828340,0.933717,0.788341,0.459101,0.212132,42.306011,0.000709,0.017157,6.881785,0.004367,0.004381,0.000580,0.002269,10507691.359513,0.000000
-12761547.659562,1854715.123327,91287211.183357,38.392274,-1.546069,0.787811,0.986811,0.944860,0.677239,0.225353,0.786039,0.435341,0.531283,0.353235,0.810788,0.760230,0.397320,0.910816,0.749808,0.318427,0.777552,0.625685,0.983006,0.439205,0.165713,0.233920,0.980414,0.399619,0.025659,0.210142,0.650559,0.930496,0.960001,0.475406,0.410915,0.332229,0.118699,9.581998,13.663126,0.341889,0.220549,0.627261,0.641850,0.448380,0.458213,0.596392,0.650816,0.786916,0.410156,0.160220,41.607726,0.003297,0.009052,13.206765,0.004534,0.004531,0.000568,0.002281,12761547.659562,0.000000
-16178427.672360,1749640.366413,78575909.758583,46.387059,-2.041194,0.739245,0.974013,0.844021,0.064698,0.210962,0.950731,0.441866,0.474355,0.202411,0.829049,0.828405,0.465434,0.926351,0.143469,0.186579,0.753202,0.598621,0.433735,0.306158,0.049591,0.110899,0.850410,0.396917,0.062212,0.433219,0.694176,0.995049,0.732849,0.642904,0.458476,0.333113,0.220515,10.779961,7.013376,0.457687,0.223066,0.751144,0.819805,0.665162,0.683227,0.914887,0.926609,0.870126,0.498672,0.079179,33.612941,0.002299,0.004671,12.128026,0.004576,0.004545,0.000445,0.002404,16178427.672360,0.000000
-13195071.963187,1402707.277493,86990140.701385,52.327915,-1.501992,0.793365,0.961526,0.805392,0.060563,0.799781,0.728504,0.655507,0.117255,0.608175,0.377004,0.672456,0.309396,0.291897,0.366091,0.391715,0.794232,0.305819,0.966653,0.345743,0.944768,0.119292,0.597692,0.310220,0.265702,0.010390,0.742184,0.852709,0.960451,0.651850,0.443937,0.261099,0.113260,10.976216,20.027408,0.725235,0.233994,0.691313,0.798953,0.614202,0.658231,0.786535,0.825911,0.777314,0.479124,0.049675,27.672085,0.001535,0.007036,10.227523,0.004880,0.004887,0.000820,0.002029,13195071.963187,0.000000
-3665428.108106,1241677.090237,61750238.287603,74.910394,-2.089555,0.681207,0.986766,0.279647,0.000211,0.806893,0.723619,0.439579,0.799830,0.354387,0.317627,0.567719,0.367015,0.782166,0.177495,0.313428,0.775325,0.333957,0.980553,0.438263,0.166838,0.233477,0.980555,0.358437,0.482915,0.158259,0.699219,0.996024,0.748310,0.668954,0.466261,0.157943,0.225124,9.678739,15.286658,0.056535,0.160866,0.791614,0.840079,0.675290,0.747052,0.872048,0.944216,0.876258,0.504307,0.063388,5.089606,0.005410,0.012217,4.664610,0.004718,0.004728,0.000819,0.002030,3665428.108106,0.000000
-7936131.921246,1413706.992759,54395260.187590,37.706283,-1.922040,0.796379,0.763349,0.502326,0.650559,0.810871,0.944365,0.679195,0.278806,0.251630,0.810684,0.596458,0.429409,0.328452,0.358444,0.460108,0.801368,0.652419,0.794447,0.301406,0.712033,0.112903,0.942811,0.399641,0.068332,0.018664,0.556945,0.991415,0.961084,0.297432,0.440418,0.161191,0.118001,9.128146,19.396424,0.370705,0.257418,0.721254,0.752540,0.517971,0.542972,0.762562,0.804808,0.853692,0.340119,0.117133,42.293717,0.001344,0.008866,9.656787,0.004439,0.004436,0.000777,0.002072,7936131.921246,0.000000
-19847501.364536,2047304.508608,84649635.215522,47.578440,-1.341158,0.909969,0.981693,0.879288,0.677239,0.766741,0.785800,0.658562,0.352811,0.318659,0.775708,0.760222,0.288406,0.911018,0.110964,0.459581,0.777559,0.602461,0.983012,0.453688,0.505090,0.232082,0.582792,0.383878,0.025657,0.662734,0.189027,0.864571,0.966710,0.596034,0.411982,0.299854,0.216691,12.181312,0.357190,0.138350,0.161326,0.689556,0.738887,0.584859,0.589918,0.852761,0.860566,0.738457,0.455165,0.127311,32.421560,0.000160,0.012283,12.836175,0.003395,0.003375,0.000223,0.002626,19847501.364536,0.000000
-11185079.820834,1774466.612756,77931340.171066,37.547823,-1.916566,0.913791,0.975662,0.861439,0.677239,0.772613,0.785169,0.662808,0.525400,0.669416,0.772292,0.760222,0.313062,0.909301,0.248716,0.387649,0.748538,0.571046,0.982722,0.450740,0.423609,0.233550,0.018174,0.389930,0.025786,0.176959,0.015185,0.937513,0.882043,0.596524,0.467978,0.332200,0.215157,14.383461,15.456043,0.402777,0.200121,0.738021,0.785534,0.637063,0.644264,0.891439,0.899962,0.852889,0.484622,0.035925,42.452177,0.000646,0.009569,12.694300,0.004449,0.004433,0.000793,0.002056,11185079.820834,0.000000
-15119177.616012,1663533.559082,73222695.005750,52.146532,-1.827213,0.902917,0.972372,0.489516,0.001354,0.574799,0.723105,0.439191,0.493344,0.323235,0.809453,0.828514,0.416749,0.920027,0.175245,0.226011,0.574855,0.595899,0.980510,0.120127,0.161520,0.231393,0.457872,0.399822,0.079621,0.616473,0.643967,0.996147,0.944710,0.286719,0.422752,0.158371,0.105410,11.913734,1.794599,0.250086,0.187416,0.604401,0.625693,0.352578,0.368560,0.526825,0.595235,0.839139,0.340673,0.160769,27.853468,0.005239,0.003570,9.791941,0.004453,0.004447,0.000792,0.002057,15119177.616012,0.000000
-15119177.616012,1663533.559082,73222695.005750,52.146532,-1.827213,0.902917,0.972372,0.489516,0.001354,0.574799,0.723105,0.439191,0.493344,0.323235,0.809453,0.828514,0.416749,0.920027,0.175245,0.226011,0.574855,0.595899,0.980510,0.120127,0.161520,0.231393,0.457872,0.399822,0.079621,0.616473,0.643967,0.996147,0.944710,0.286719,0.422752,0.158371,0.105410,11.913734,1.794599,0.250086,0.187416,0.604401,0.625693,0.352578,0.368560,0.526825,0.595235,0.839139,0.340673,0.160769,27.853468,0.005239,0.003570,9.791941,0.004453,0.004447,0.000792,0.002057,15119177.616012,0.000000
-8457246.973545,1376122.406822,54468620.058640,42.570616,-1.895905,0.830911,0.750482,0.492960,0.001306,0.761358,0.742230,0.676881,0.503949,0.303256,0.134236,0.581477,0.385481,0.772495,0.175204,0.391061,0.528948,0.574481,0.980051,0.436616,0.297216,0.108263,0.023080,0.296081,0.129068,0.037066,0.572373,0.930400,0.970794,0.282083,0.468301,0.328611,0.105341,13.795753,19.605463,0.480972,0.296179,0.741263,0.770887,0.537731,0.561127,0.782747,0.823736,0.849818,0.331328,0.032371,37.429384,0.005239,0.009475,5.799694,0.004698,0.004706,0.000858,0.001991,8457246.973545,0.000000
-5137520.928242,1297623.364643,51691684.034506,41.502487,-1.862831,0.682476,0.965036,0.402162,0.044163,0.151307,0.156860,0.467785,0.571158,0.658708,0.307809,0.585955,0.392956,0.781344,0.175377,0.467237,0.580227,0.591601,0.143761,0.548557,0.338086,0.251996,0.406644,0.715800,0.118828,0.022020,0.560662,0.959044,0.736507,0.196250,0.466067,0.164691,0.238105,11.415131,19.735713,0.529739,0.244194,0.780226,0.863977,0.658408,0.687033,0.864137,0.949112,0.844767,0.368040,0.048589,38.497513,0.003748,0.007852,3.381735,0.004765,0.004762,0.000941,0.001908,5137520.928242,0.000000
-4572739.441791,1306476.807914,36023773.093061,34.782729,-0.675632,0.690618,0.771735,0.305180,0.063731,0.143056,0.756370,0.671150,0.474521,0.213966,0.386299,0.454429,0.410042,0.291606,0.181675,0.232496,0.780536,0.570325,0.951213,0.853626,0.034540,0.229838,0.202027,0.393438,0.028269,0.030956,0.860058,0.949358,0.954498,0.257194,0.287353,0.150578,0.250979,11.851989,19.562190,0.290197,0.254302,0.783471,0.753047,0.687900,0.662955,0.911190,0.886903,0.491165,0.326235,0.298691,45.217271,0.003478,0.007828,1.146969,0.004315,0.004328,0.000660,0.002189,4572739.441791,0.000000
-3789623.239654,1428838.451395,36984154.635535,32.668862,-1.455091,0.708953,0.760174,0.333131,0.010843,0.782693,0.151420,0.660742,0.345881,0.555532,0.682666,0.748049,0.673794,0.778586,0.743554,0.895549,0.781316,0.587468,0.924984,0.301375,0.765453,0.238627,0.234860,0.549277,0.006084,0.008964,0.612382,0.928838,0.745949,0.990328,0.397857,0.159047,0.240379,12.702030,20.213679,0.498547,0.244468,0.810989,0.817860,0.678131,0.721338,0.888417,0.926150,0.766621,0.527466,0.193066,47.331138,0.028624,0.039423,1.495422,0.004968,0.004977,0.001025,0.001824,3789623.239654,0.000000
-10393579.675809,1478568.975864,60848119.642433,42.295365,-2.022625,0.794180,0.769045,0.692765,0.071099,0.707923,0.973781,0.667952,0.337759,0.402101,0.831223,0.568621,0.673323,0.775436,0.372149,0.227160,0.579136,0.594234,0.372870,0.140002,0.508286,0.256463,0.142368,0.965083,0.123299,0.042644,0.695605,0.973546,0.959762,0.328984,0.466752,0.436131,0.250213,13.255146,19.356982,0.511387,0.304804,0.789470,0.812823,0.699309,0.711874,0.938502,0.950439,0.867692,0.352864,0.053157,37.704635,0.012190,0.004651,11.033037,0.004437,0.004449,0.000839,0.002010,10393579.675809,0.000000
-13867842.424365,1298780.466989,66486630.717655,68.326443,-1.935307,0.794807,0.986835,0.284890,0.000269,0.806969,0.721915,0.439579,0.336502,0.354432,0.102044,0.567719,0.416657,0.946463,0.363821,0.318968,0.787720,0.333957,0.952981,0.288286,0.167912,0.236025,0.981494,0.390671,0.478070,0.006765,0.563160,0.991392,0.943761,0.668032,0.442615,0.337920,0.118494,9.163137,19.833379,0.167824,0.231814,0.781195,0.836997,0.696162,0.702047,0.866358,0.880388,0.855620,0.491289,0.112167,11.673557,0.004522,0.010053,3.021482,0.004857,0.004867,0.000959,0.001890,13867842.424365,0.000000
-16165960.608199,1414044.248579,75948594.955304,69.034066,-2.075229,0.931510,0.986766,0.486858,0.001303,0.798489,0.723619,0.439579,0.269079,0.354387,0.811138,0.750841,0.416657,0.782166,0.812610,0.318968,0.775325,0.743325,0.980553,0.750506,0.162483,0.235981,0.980093,0.399396,0.478070,0.024107,0.563184,0.991392,0.960586,0.663779,0.466261,0.255935,0.219120,9.372757,19.348807,0.298298,0.191383,0.771072,0.850569,0.687704,0.736884,0.927822,0.949893,0.874472,0.483750,0.061486,10.965934,0.007388,0.007125,10.535082,0.005063,0.005054,0.001098,0.001751,16165960.608199,0.000000
-6330326.949803,1366495.622407,43988934.134197,35.468406,-0.277377,0.795433,0.960414,0.287174,0.374767,0.806847,0.950955,0.797257,0.514488,0.210175,0.198884,0.571474,0.298349,0.282660,0.192455,0.389594,0.801259,0.358646,0.962198,0.435582,0.508017,0.113193,0.021399,0.308342,0.034847,0.041428,0.641987,0.851583,0.752290,0.289185,0.277914,0.160526,0.114647,13.381079,19.436581,0.317535,0.200651,0.724765,0.672998,0.514443,0.548472,0.770880,0.813426,0.242231,0.402504,0.576167,44.531594,0.000916,0.013225,1.847561,0.003712,0.003758,0.000308,0.002541,6330326.949803,0.000000
-12150427.429806,1731142.512814,69030057.791977,38.482091,-0.524490,0.906488,0.978258,0.879672,0.677239,0.181397,0.787763,0.935583,0.562516,0.284884,0.782939,0.760225,0.307936,0.271156,0.744337,0.232080,0.746355,0.579280,0.983006,0.453688,0.384809,0.471780,0.003130,0.397215,0.026643,0.219209,0.694012,0.929329,0.965538,0.473637,0.277540,0.332229,0.220616,14.117073,14.164235,0.350519,0.198717,0.644001,0.630352,0.554935,0.543997,0.779870,0.763298,0.408143,0.407711,0.416838,41.517909,0.000371,0.004625,12.894551,0.004484,0.004475,0.000756,0.002093,12150427.429806,0.000000
-6082825.202282,1396409.364034,41688636.423133,38.941832,-1.563927,0.738347,0.964999,0.351964,0.012161,0.223357,0.955276,0.732427,0.534966,0.402061,0.353557,0.606272,0.391367,0.913807,0.714945,0.215800,0.812071,0.620582,0.988207,0.130657,0.049819,0.234613,0.058026,0.308118,0.079734,0.042756,0.651145,0.928484,0.962710,0.633658,0.414676,0.259811,0.216134,13.112491,19.378923,0.323274,0.277293,0.819727,0.787036,0.722361,0.695591,0.950959,0.933170,0.790687,0.471228,0.149965,41.058168,0.010412,0.006591,5.349498,0.004760,0.004756,0.000951,0.001898,6082825.202282,0.000000
-6755960.378885,1337241.307178,46868656.020674,38.640558,-1.566206,0.743317,0.767618,0.491787,0.001185,0.774811,0.726217,0.943013,0.490952,0.320955,0.373831,0.748609,0.449199,0.325943,0.174414,0.223114,0.574855,0.331992,0.983266,0.090352,0.899616,0.118122,0.025240,0.398809,0.077282,0.038070,0.611513,0.961750,0.975184,0.635168,0.398965,0.161210,0.103305,13.984972,19.544626,0.709466,0.262715,0.787756,0.770341,0.641611,0.665776,0.785117,0.812597,0.791164,0.467583,0.205673,41.359442,0.005203,0.005449,6.736952,0.004921,0.004931,0.000841,0.002008,6755960.378885,0.000000
-14918351.303527,1454036.803750,72318232.989892,54.353345,-1.659943,0.742356,0.999303,0.855085,0.059437,0.780357,0.723043,0.675476,0.347893,0.307420,0.807775,0.691632,0.416538,0.329621,0.729354,0.461418,0.780545,0.771184,0.980541,0.804231,0.510618,0.110647,0.459739,0.311703,0.293280,0.009989,0.646453,0.996749,0.975285,0.613474,0.396693,0.157924,0.252469,11.701845,20.187528,0.609404,0.186150,0.750330,0.806637,0.667168,0.714132,0.848923,0.935022,0.809850,0.459101,0.228374,25.646655,0.002026,0.017230,10.856327,0.004896,0.004899,0.000837,0.002012,14918351.303527,0.000000
-18761126.404052,1617990.706341,80975701.616712,73.848764,-0.536414,0.750702,0.974618,0.663818,0.081648,0.147814,0.950882,0.405689,0.443363,0.313231,0.768839,0.908075,0.388621,0.291608,0.269045,0.431448,0.784330,0.775380,0.980213,0.295964,0.158126,0.222309,0.476514,0.092435,0.296671,0.598865,0.570771,0.852403,0.977517,0.994090,0.307402,0.158370,0.250642,11.402911,2.446675,0.144198,0.108102,0.617338,0.721181,0.533605,0.620360,0.771197,0.870022,0.415158,0.606448,0.447562,6.151236,0.002724,0.015008,11.519692,0.004401,0.004414,0.000562,0.002287,18761126.404052,0.000000
-15911404.601985,1606796.551594,71536039.825867,59.685343,-0.378806,0.894573,0.972444,0.489516,0.000677,0.544798,0.742452,0.439191,0.508382,0.323225,0.767029,0.784395,0.673977,0.920027,0.179156,0.226798,0.571973,0.594018,0.938529,0.108126,0.341421,0.231393,0.458284,0.399606,0.153089,0.616473,0.022574,0.959359,0.968895,0.286719,0.422850,0.158027,0.103004,11.945665,1.845703,0.228519,0.115431,0.583635,0.599105,0.324411,0.335606,0.476889,0.538304,0.315321,0.333680,0.144036,20.314657,0.005477,0.003616,11.283767,0.004738,0.004744,0.000764,0.002085,15911404.601985,0.000000
-19128760.258830,1512700.009580,104432094.383455,62.857247,-0.265110,0.794312,0.763873,0.838537,0.058515,0.649802,0.745500,0.329172,0.159868,0.225381,0.384642,0.756986,0.481197,0.282136,0.995720,0.198970,0.782380,0.678567,0.972540,0.866920,0.028382,0.454835,0.479652,0.307768,0.289088,0.282671,0.650219,0.856134,0.969251,0.292934,0.274936,0.262574,0.211516,10.822610,11.929842,0.079064,0.148624,0.479714,0.762376,0.419198,0.622884,0.573583,0.893931,0.232878,0.336004,0.521552,17.142753,0.001289,0.004622,7.032975,0.004123,0.004143,0.000430,0.002419,19128760.258830,0.000000
-9834097.397022,1302554.721021,64119646.431551,42.061285,-0.536683,0.793619,0.774012,0.708148,0.126862,0.176569,0.940663,0.428224,0.341207,0.314113,0.365730,0.756372,0.286276,0.280651,0.159889,0.391195,0.471298,0.333987,0.422501,0.326746,0.472277,0.238503,0.478725,0.309574,0.121284,0.036420,0.682151,0.852377,0.741345,0.233330,0.307444,0.162272,0.104017,11.386226,19.245817,0.685319,0.204006,0.675867,0.764550,0.505460,0.535004,0.739521,0.809449,0.415316,0.382336,0.447374,37.938715,0.001704,0.010124,9.051546,0.004659,0.004673,0.000779,0.002070,9834097.397022,0.000000
-5951448.845865,1337470.347965,50350312.973524,38.409341,-1.837168,0.680158,0.960925,0.510116,0.070527,0.134980,0.155425,0.477619,0.330560,0.181860,0.231767,0.575336,0.410897,0.261815,0.362595,0.318718,0.778234,0.333957,0.406621,0.342357,0.641301,0.211555,0.980093,0.399633,0.075967,0.023774,0.778262,0.959887,0.739248,0.988059,0.442615,0.172837,0.118765,8.530461,19.170043,0.708226,0.280057,0.811436,0.843787,0.704920,0.748176,0.868719,0.887275,0.840732,0.513559,0.098607,41.590659,0.004491,0.012554,3.999183,0.004851,0.004868,0.000814,0.002035,5951448.845865,0.000000
-7190697.256594,1298069.458514,47146817.390456,41.266802,-0.787736,0.685180,0.896405,0.365350,0.058469,0.769624,0.737240,0.655134,0.342616,0.161388,0.389721,0.593489,0.444439,0.385319,0.729663,0.450718,0.788047,0.628012,0.426118,0.131929,0.062167,0.119328,0.997651,0.279920,0.116170,0.015340,0.748425,0.928848,0.959185,0.987719,0.308005,0.112251,0.106847,8.814401,19.442312,0.536433,0.226927,0.755184,0.753334,0.666012,0.664846,0.789325,0.829912,0.545126,0.611182,0.490323,38.733198,0.010117,0.016031,4.924542,0.004809,0.004825,0.000902,0.001947,7190697.256594,0.000000
-5910596.430686,1371950.639129,42227862.655114,38.866896,-1.355470,0.739290,0.964999,0.351961,0.012161,0.181188,0.957072,0.732427,0.563442,0.402061,0.767119,0.593435,0.391367,0.277100,0.708982,0.215800,0.811886,0.309707,0.988207,0.130661,0.908825,0.472844,0.057896,0.308118,0.078637,0.043155,0.694163,0.862525,0.962645,0.631889,0.415242,0.260070,0.220259,12.883477,19.360027,0.357268,0.275664,0.809266,0.762174,0.710496,0.671836,0.946563,0.919527,0.742174,0.470558,0.118524,41.133104,0.006936,0.007258,2.086408,0.004536,0.004563,0.000776,0.002073,5910596.430686,0.000000
-1488584.804873,1219749.554562,48115509.435776,54.633912,-1.962083,0.743834,0.768468,0.282255,0.063727,0.780463,0.728799,0.977040,0.738019,0.598393,0.377354,0.566084,0.414593,0.340631,0.871854,0.241784,0.777110,0.771184,0.998081,0.338938,0.480200,0.108332,0.148505,0.310597,0.298372,0.009631,0.612816,0.962353,0.749886,0.439100,0.464925,0.161103,0.252293,11.844139,20.412327,0.114971,0.198160,0.806413,0.802729,0.681991,0.696494,0.883859,0.888930,0.859435,0.467326,0.052265,25.366088,0.010007,0.006945,2.326390,0.004518,0.004538,0.000752,0.002097,1488584.804873,0.000000
-14130478.125780,1546649.014371,69769064.768480,62.918996,-1.493565,0.783164,0.844364,0.718555,0.070964,0.799223,0.740675,0.666647,0.499975,0.177125,0.386051,0.689951,0.658433,0.792508,0.758099,0.199167,0.779827,0.702354,0.987014,0.867850,0.476280,0.089508,0.139137,0.549485,0.289411,0.286750,0.642907,0.935016,0.975941,0.677840,0.400704,0.164196,0.211483,13.331708,12.121019,0.105055,0.152316,0.748185,0.791830,0.659858,0.689448,0.866519,0.917512,0.775429,0.483941,0.188480,17.081004,0.014001,0.004721,8.139833,0.004388,0.004397,0.000493,0.002356,14130478.125780,0.000000
-17444284.521082,1403101.184402,112867231.573429,58.551547,-0.546062,0.794312,0.763873,0.834951,0.127630,0.172089,0.947265,0.331029,0.155358,0.313178,0.384827,0.756986,0.475640,0.280594,0.989536,0.387650,0.465842,0.682557,0.386900,0.283162,0.700016,0.230074,0.480169,0.309578,0.289088,0.149456,0.682162,0.855686,0.969251,0.292934,0.307271,0.262574,0.225265,11.465182,15.926012,0.258027,0.184390,0.474433,0.754655,0.422719,0.656010,0.594005,0.896673,0.420774,0.336004,0.446275,21.448453,0.001412,0.008940,10.529592,0.004354,0.004369,0.000578,0.002271,17444284.521082,0.000000
-15267120.396086,1662975.276811,97151953.382522,44.569738,-0.416199,0.742359,0.974689,0.726791,0.080224,0.147814,0.935293,0.412332,0.442715,0.313221,0.785619,0.754295,0.388621,0.291608,0.262482,0.431448,0.466703,0.682557,0.002651,0.867974,0.064719,0.222056,0.476718,0.092615,0.009170,0.598669,0.024251,0.854437,0.969180,0.992567,0.307402,0.158026,0.248382,12.641877,2.288353,0.447706,0.165254,0.456273,0.688061,0.387115,0.581351,0.330079,0.729378,0.340451,0.609130,0.448766,35.430262,0.002481,0.000073,12.364156,0.004488,0.004503,0.000464,0.002385,15267120.396086,0.000000
-4357355.757284,1343059.420371,36313058.084050,34.369527,-1.721845,0.645833,0.682018,0.284308,0.003497,0.871621,0.692424,0.630876,0.399966,0.348662,0.844968,0.447560,0.460769,0.325147,0.728851,0.540423,0.772076,0.756802,0.424306,0.442383,0.663086,0.113564,0.868743,0.284661,0.027017,0.009500,0.452519,0.945832,0.744780,0.460991,0.442983,0.298395,0.170450,9.478985,19.660135,0.412745,0.293938,0.842449,0.827791,0.692406,0.721238,0.934584,0.952098,0.833910,0.478586,0.091746,45.630473,0.010843,0.027382,1.721845,0.004638,0.004656,0.000823,0.002026,4357355.757284,0.000000
-6870321.323355,1438387.074872,49048564.008188,34.369648,-1.887680,0.921917,0.681588,0.729177,0.015401,0.768934,0.691882,0.666686,0.399966,0.336302,0.840825,0.447560,0.460769,0.325717,0.740331,0.213151,0.770929,0.621202,0.073261,0.290180,0.422300,0.113564,0.868743,0.390131,0.027018,0.009500,0.342192,0.945832,0.953393,0.690200,0.458495,0.298092,0.250712,9.132256,19.705061,0.682170,0.294156,0.815012,0.820567,0.721174,0.726008,0.951423,0.953983,0.848577,0.496624,0.058613,45.630352,0.002823,0.000870,4.131756,0.004023,0.004044,0.000631,0.002218,6870321.323355,0.000000
-15719347.070033,1317423.031568,79586930.629114,54.863336,-1.972791,0.695233,0.759022,0.874544,0.145832,0.800025,0.944651,0.357661,0.354643,0.286080,0.240556,0.597761,0.474283,0.275101,0.754126,0.165490,0.789920,0.317199,0.214092,0.430595,0.508925,0.458790,0.007421,0.397403,0.303289,0.006642,0.643534,0.995992,0.959582,0.277395,0.446469,0.162854,0.097050,13.110092,20.624881,0.386283,0.222331,0.711828,0.730624,0.503338,0.515369,0.662716,0.740527,0.860932,0.332704,0.105543,25.136664,0.001339,0.002231,7.358994,0.004240,0.004262,0.000396,0.002453,15719347.070033,0.000000
-16826794.502853,1848113.088936,81147115.526080,44.692039,-1.898187,0.741694,0.974656,0.910563,0.057591,0.238945,0.146139,0.650271,0.443205,0.348873,0.611246,0.756741,0.661060,0.291608,0.258950,0.431448,0.466703,0.683197,0.361377,0.872606,0.345694,0.249385,0.000786,0.087222,0.004190,0.635217,0.693406,0.934171,0.964985,0.985162,0.466625,0.335320,0.209615,15.852989,1.591747,0.422891,0.232159,0.732838,0.809616,0.644416,0.708060,0.905176,0.928472,0.850160,0.607889,0.037251,35.307961,0.002414,0.008518,4.859263,0.004284,0.004255,0.000190,0.002659,16826794.502853,0.000000
-10692130.398156,1289126.103368,65225134.491065,54.293891,-1.580791,0.659759,0.975744,0.324423,0.010843,0.796985,0.944923,0.415258,0.345745,0.401591,0.380232,0.739033,0.674138,0.292505,0.244491,0.899658,0.782058,0.766951,0.020923,0.437763,0.412634,0.256002,0.495011,0.548992,0.293178,0.008080,0.695598,0.929575,0.955750,0.634907,0.416768,0.156296,0.254537,10.838690,20.147837,0.742955,0.225562,0.757675,0.813041,0.674262,0.720342,0.868815,0.941737,0.794188,0.474097,0.145335,25.706109,0.008749,0.001346,2.154823,0.004846,0.004863,0.000970,0.001879,10692130.398156,0.000000
-12452361.326730,1325219.089733,66094426.663959,56.082130,-1.905622,0.794666,0.767058,0.731383,0.126904,0.174442,0.741860,0.656910,0.505194,0.320746,0.217848,0.740244,0.478920,0.291606,0.266934,0.395812,0.783871,0.570914,0.432358,0.023405,0.296226,0.462761,0.829056,0.903398,0.300737,0.042222,0.177311,0.937469,0.960642,0.712695,0.466106,0.262845,0.107321,9.004105,18.887694,0.599585,0.209041,0.777941,0.803723,0.657767,0.665139,0.782677,0.806242,0.851270,0.502889,0.039644,23.917870,0.002949,0.001422,6.729495,0.004599,0.004613,0.000739,0.002110,12452361.326730,0.000000
-12241450.088944,1815629.597332,80851176.661097,37.476256,-1.905772,0.913792,0.975717,0.861485,0.677239,0.772613,0.785169,0.670070,0.540930,0.360201,0.772292,0.758471,0.313062,0.909301,0.248716,0.885550,0.748538,0.574737,0.982584,0.450740,0.423609,0.232691,0.002557,0.390237,0.024954,0.176959,0.694180,0.937552,0.745565,0.596524,0.466086,0.332200,0.215157,14.476616,15.458762,0.407038,0.223214,0.735569,0.787960,0.640657,0.647666,0.894710,0.903285,0.851292,0.524120,0.039718,42.523744,0.000646,0.015557,12.818865,0.004434,0.004418,0.000785,0.002064,12241450.088944,0.000000
-11935961.279137,1486610.547566,76296705.439879,39.040287,-0.517913,0.656702,0.854228,0.863107,0.664397,0.368762,0.949148,0.657189,0.495335,0.196927,0.782877,0.832597,0.389102,0.251409,0.265693,0.880778,0.770534,0.579578,0.436806,0.144596,0.296428,0.462575,0.233570,0.274591,0.077563,0.052800,0.694760,0.931553,0.958181,0.712695,0.276044,0.157493,0.238511,12.803637,18.993070,0.647097,0.194913,0.610686,0.708352,0.536750,0.618480,0.740614,0.843927,0.404237,0.503760,0.636998,40.959713,0.000749,0.002060,12.339271,0.004614,0.004629,0.000670,0.002179,11935961.279137,0.000000
-13515585.426915,1291168.587688,89421998.704390,55.839974,-1.748535,0.963346,0.745192,0.804934,0.071664,0.151750,0.783138,0.676881,0.077861,0.307844,0.135571,0.424532,0.388606,0.317639,0.142646,0.221393,0.514095,0.574469,0.410178,0.308627,0.300006,0.108206,0.101427,0.298751,0.302583,0.037066,0.074391,0.930400,0.960182,0.226507,0.443329,0.328934,0.177272,12.962085,19.602282,0.494678,0.231228,0.703421,0.824836,0.630944,0.654094,0.878341,0.937615,0.825971,0.312597,0.084351,24.160026,0.002174,0.002896,3.373790,0.003756,0.003780,0.000386,0.002463,13515585.426915,0.000000
-12710869.748020,1703421.586814,77969619.743755,38.476948,-1.465357,0.685790,0.780391,0.877932,0.677239,0.813811,0.947522,0.666989,0.348110,0.286395,0.370558,0.761820,0.345390,0.735010,0.744820,0.224933,0.777552,0.607366,0.793588,0.297332,0.409160,0.225301,0.005258,0.387818,0.027039,0.217308,0.650994,0.942870,0.940685,0.291374,0.392761,0.328231,0.216168,13.759555,14.201289,0.175249,0.236181,0.702179,0.776899,0.583319,0.594935,0.872008,0.906444,0.769004,0.343687,0.213432,41.523052,0.002657,0.006718,8.432415,0.003885,0.003907,0.000044,0.002805,12710869.748020,0.000000
-12953840.178794,1828364.717457,70623853.025254,38.437462,-1.551656,0.905481,0.974500,0.944860,0.677239,0.223566,0.785968,0.921479,0.517428,0.284884,0.775088,0.760230,0.396786,0.912207,0.824507,0.379023,0.577669,0.579954,0.964105,0.453653,0.028394,0.233382,0.942904,0.405831,0.025659,0.212686,0.671363,0.930496,0.742712,0.480704,0.411779,0.262812,0.105487,9.883158,13.601588,0.307674,0.188902,0.589177,0.606062,0.399541,0.412355,0.485932,0.526860,0.788103,0.487805,0.158061,41.562538,0.003315,0.007957,12.531662,0.004464,0.004462,0.000682,0.002167,12953840.178794,0.000000
-5523497.858430,1543034.328854,72475843.859129,33.015652,-2.066932,0.697831,0.978256,0.868045,0.668897,0.192076,0.761219,0.038414,0.809975,0.314775,0.809941,0.625567,0.464661,0.330640,0.172344,0.545109,0.780512,0.318152,0.069706,0.293312,0.751113,0.246618,0.797067,0.616804,0.011405,0.001253,0.694074,0.990219,0.964176,0.647854,0.465454,0.332055,0.215547,9.586226,20.057658,0.981102,0.299573,0.761706,0.822959,0.676835,0.727654,0.922210,0.950891,0.873426,0.476281,0.062655,46.984348,0.000343,0.000412,9.872467,0.004751,0.004756,0.000784,0.002065,5523497.858430,0.000000
-6715762.423752,1597078.797952,46163748.459156,36.488099,-2.093022,0.916425,0.973196,0.371209,0.065478,0.837568,0.982241,0.732123,0.346670,0.406872,0.827417,0.649506,0.680410,0.736075,0.718285,0.185252,0.801347,0.620320,0.967480,0.438852,0.084637,0.235189,0.851920,0.690755,0.013949,0.165409,0.705481,0.996694,0.756858,0.987570,0.466502,0.333067,0.208782,10.048805,15.023481,0.444927,0.275305,0.829134,0.798267,0.732368,0.707116,0.948147,0.942736,0.876686,0.507374,0.063170,43.511901,0.016283,0.003869,8.288635,0.004870,0.004880,0.000963,0.001886,6715762.423752,0.000000
-5773869.121447,1507060.682368,49158963.355810,33.102080,-1.571502,0.960547,0.856286,0.693334,0.010878,0.796884,0.952904,0.669296,0.236322,0.401567,0.711043,0.739046,0.414868,0.893552,0.147344,0.234495,0.782089,0.580232,0.404651,0.132697,0.027516,0.193239,0.234861,0.308378,0.002509,0.045115,0.603902,0.929293,0.956172,0.635110,0.415457,0.157975,0.101368,13.138806,19.161627,0.823951,0.250438,0.728354,0.757763,0.576319,0.599813,0.681132,0.723170,0.792267,0.474032,0.148416,46.897920,0.003587,0.004674,14.598067,0.004859,0.004866,0.001016,0.001833,5773869.121447,0.000000
-12907579.509268,1435703.010044,67185589.328479,55.319285,-1.906596,0.742633,0.991390,0.841887,0.058731,0.756407,0.755374,0.656188,0.509807,0.320746,0.206495,0.740244,0.389102,0.305189,0.724866,0.277506,0.777578,0.562034,0.420750,0.020080,0.930512,0.112735,0.008351,0.311693,0.295650,0.038169,0.636482,0.937795,0.963511,0.674841,0.466096,0.329842,0.308739,14.139656,19.703445,0.799111,0.230875,0.779273,0.810214,0.689697,0.715509,0.933360,0.949525,0.851415,0.487067,0.039798,24.680715,0.001637,0.001882,9.642182,0.004799,0.004775,0.000639,0.002210,12907579.509268,0.000000
-19154058.986831,1455079.091523,94404747.477021,68.594466,-1.042213,0.659919,0.972348,0.496614,0.000170,0.195742,0.815563,0.447266,0.069255,0.311284,0.365552,0.696260,0.467915,0.291427,0.797287,0.390255,0.780371,0.518738,0.871837,0.553176,0.304975,0.250999,0.599640,0.396473,0.299425,0.428964,0.196182,0.933328,0.959966,0.713205,0.458443,0.160945,0.238860,10.102176,7.390890,0.046155,0.156701,0.564986,0.780388,0.487183,0.667666,0.503680,0.830359,0.647327,0.503328,0.053506,11.405534,0.004731,0.016486,5.897966,0.004396,0.004425,0.000483,0.002366,19154058.986831,0.000000
-5863090.782468,1364760.551555,43797447.061801,34.793700,-0.277377,0.795433,0.962726,0.287174,0.364424,0.806847,0.695042,0.797257,0.514488,0.206528,0.198884,0.571852,0.298349,0.282660,0.192455,0.210732,0.772026,0.360692,0.693012,0.435582,0.508017,0.113193,0.021399,0.380768,0.034847,0.009102,0.452910,0.851583,0.749553,0.443836,0.277914,0.290211,0.114647,13.435170,20.409144,0.374265,0.231151,0.729890,0.691118,0.598836,0.601297,0.821922,0.832683,0.242231,0.469471,0.456199,45.206300,0.000948,0.005778,1.604496,0.003789,0.003834,0.000360,0.002489,5863090.782468,0.000000
-4680445.885168,1344714.891371,35137641.538462,35.032833,-1.604360,0.656221,0.679704,0.284308,0.022391,0.652052,0.948337,0.666677,0.399966,0.339476,0.844968,0.447182,0.460769,0.325674,0.728851,0.391944,0.801782,0.619281,0.967888,0.430049,0.663086,0.113564,0.868743,0.308727,0.027017,0.041826,0.641596,0.945832,0.752282,0.460991,0.467332,0.159725,0.250857,9.702262,18.684447,0.290447,0.271758,0.823974,0.823706,0.698432,0.715431,0.906994,0.914109,0.856167,0.475775,0.040621,44.967167,0.011535,0.017236,1.604360,0.004475,0.004495,0.000723,0.002126,4680445.885168,0.000000
-4579479.197026,1388357.825818,40637060.322442,33.531944,-1.120608,0.742230,0.980808,0.284042,0.128103,0.804972,0.724135,0.667866,0.340902,0.353008,0.211255,0.740611,0.472208,0.893392,0.988024,0.395100,0.586203,0.594282,0.106739,0.866982,0.508309,0.231907,0.499440,0.965588,0.016657,0.010007,0.614968,0.986016,0.948664,0.462018,0.400335,0.092998,0.109254,11.369234,19.982831,0.307188,0.246401,0.741798,0.780330,0.567192,0.598677,0.651905,0.707136,0.673919,0.408502,0.213448,46.468056,0.012269,0.005226,2.308515,0.004597,0.004608,0.000843,0.002006,4579479.197026,0.000000
-18804772.096660,1399421.616702,98036001.375359,63.998355,-0.551375,0.794806,0.765054,0.730326,0.070151,0.176366,0.745500,0.325597,0.157187,0.313178,0.802678,0.756565,0.478603,0.271739,0.739841,0.537325,0.329137,0.300541,0.071122,0.758717,0.470286,0.108900,0.828382,0.931063,0.300246,0.284541,0.679526,0.856086,0.960190,0.292168,0.307752,0.261729,0.250758,10.181036,11.552488,0.179590,0.175035,0.547633,0.766593,0.482877,0.665283,0.690617,0.905657,0.423843,0.338316,0.324211,16.001645,0.001933,0.000306,6.349374,0.004307,0.004326,0.000730,0.002119,18804772.096660,0.000000
-7223281.278975,1337157.945937,51855541.907989,42.156829,-1.897248,0.655959,0.961253,0.415521,0.043415,0.143109,0.934624,0.461047,0.571733,0.283743,0.307809,0.909974,0.410538,0.782328,0.177995,0.473914,0.579338,0.591961,0.117931,0.549469,0.164127,0.251996,0.012597,0.079430,0.118479,0.053175,0.644239,0.934565,0.735539,0.215964,0.466247,0.158415,0.219329,13.747176,19.116920,0.557301,0.241067,0.791389,0.840504,0.649385,0.666298,0.874120,0.936033,0.850019,0.376828,0.038170,37.843171,0.003868,0.005805,5.778087,0.004842,0.004841,0.000871,0.001978,7223281.278975,0.000000
-6514757.266437,1316291.951087,51530362.256141,41.502147,-1.862225,0.682476,0.964925,0.491428,0.044163,0.231307,0.930838,0.467785,0.149854,0.325323,0.141069,0.586275,0.392956,0.781340,0.175377,0.538090,0.580227,0.647097,0.143761,0.547798,0.338086,0.251934,0.406718,0.398920,0.118828,0.022005,0.560662,0.957025,0.736507,0.196250,0.466067,0.164691,0.238105,11.703905,19.730258,0.673194,0.246641,0.781564,0.840039,0.659827,0.686721,0.865639,0.928125,0.844673,0.368040,0.047760,38.497853,0.003748,0.006390,7.296055,0.004847,0.004845,0.000818,0.002031,6514757.266437,0.000000
-19012394.986800,1501444.606202,93947804.030733,68.270026,-1.599247,0.660375,0.972348,0.496609,0.000170,0.191108,0.817585,0.446191,0.067388,0.313286,0.368350,0.696260,0.467915,0.305010,0.795976,0.275250,0.777538,0.579003,0.871837,0.526800,0.304975,0.250999,0.008938,0.393981,0.299236,0.424893,0.650654,0.856053,0.959974,0.688524,0.458433,0.332019,0.238860,11.555362,7.994894,0.052106,0.211080,0.684317,0.805530,0.605804,0.706118,0.871731,0.947716,0.797951,0.493656,0.021296,11.729974,0.005254,0.009842,6.079818,0.004475,0.004502,0.000433,0.002416,19012394.986800,0.000000
-15269255.938875,1662779.471409,97155725.882751,44.569738,-0.452458,0.741234,0.974689,0.726791,0.080224,0.147814,0.933612,0.412332,0.442715,0.311219,0.782321,0.754295,0.388621,0.291608,0.262482,0.432462,0.466703,0.682557,0.002651,0.859465,0.064719,0.222056,0.476718,0.095108,0.009170,0.598669,0.024251,0.932038,0.969180,0.978792,0.307402,0.158559,0.248382,12.549681,2.288435,0.449350,0.168701,0.460878,0.691088,0.392122,0.585030,0.338050,0.733311,0.363937,0.603752,0.494710,35.430262,0.002482,0.000078,12.365766,0.004488,0.004503,0.000460,0.002389,15269255.938875,0.000000
-6483237.264030,1302143.645787,43872317.906802,42.154427,-1.228706,0.742071,0.769003,0.289617,0.071124,0.771882,0.722749,0.930281,0.337759,0.316930,0.314165,0.568714,0.414868,0.300300,0.380149,0.552097,0.591529,0.579802,0.413860,0.337075,0.496231,0.098600,0.089385,0.965083,0.124603,0.033449,0.612390,0.861386,0.960475,0.457354,0.396439,0.337876,0.109060,13.078629,19.624865,0.414204,0.292628,0.796529,0.759989,0.644497,0.669981,0.858977,0.883218,0.707329,0.402935,0.164816,37.845573,0.009921,0.019988,1.515278,0.004399,0.004427,0.000708,0.002141,6483237.264030,0.000000
-13316720.595348,1308164.145504,65765516.287802,68.713621,-1.459185,0.738806,0.977325,0.293381,0.064785,0.799124,0.944783,0.666923,0.346495,0.103616,0.378750,0.694117,0.415456,0.733034,0.752615,0.165663,0.801331,0.687659,0.795392,0.332498,0.712033,0.132831,0.939900,0.208164,0.410184,0.152815,0.642888,0.996199,0.975595,0.291234,0.400678,0.094731,0.225083,10.935412,15.451800,0.013206,0.158531,0.723563,0.792571,0.618747,0.674798,0.595145,0.744744,0.767574,0.333524,0.217317,11.286379,0.009718,0.004586,3.835104,0.004572,0.004589,0.000803,0.002046,13316720.595348,0.000000
-13154902.809785,1306711.983652,65775074.456579,68.713621,-1.459185,0.738806,0.977325,0.293381,0.064785,0.799124,0.944783,0.666923,0.346495,0.103616,0.352694,0.694117,0.415456,0.733034,0.752615,0.165663,0.801331,0.687659,0.795392,0.332498,0.712033,0.132831,0.939900,0.306753,0.410184,0.152815,0.642888,0.996199,0.975595,0.291234,0.400678,0.094731,0.225083,10.934722,15.451800,0.013156,0.158614,0.723454,0.792532,0.618680,0.675025,0.594921,0.744562,0.767574,0.333524,0.217317,11.286379,0.009739,0.004578,3.835130,0.004572,0.004589,0.000803,0.002046,13154902.809785,0.000000
-17115732.958146,1943539.182592,77349761.787819,45.699114,-2.096478,0.796505,0.970692,0.887772,0.390035,0.578758,0.723105,0.444916,0.553147,0.324506,0.848287,0.689875,0.424310,0.902130,0.154286,0.893237,0.585731,0.333453,0.980582,0.118917,0.063386,0.214751,0.487858,0.302292,0.009662,0.653252,0.656149,0.996147,0.965593,0.640859,0.467393,0.159478,0.103305,12.763953,0.694288,0.191606,0.172353,0.589087,0.603532,0.419777,0.429828,0.380941,0.443755,0.877112,0.473061,0.061123,34.300886,0.000593,0.004119,10.789757,0.003867,0.003881,0.000397,0.002452,17115732.958146,0.000000
-17553962.429097,1916533.291254,76929269.273482,46.864325,-2.100789,0.902250,0.972160,0.931247,0.004432,0.782588,0.742013,0.445002,0.508382,0.324505,0.766826,0.760357,0.674643,0.786999,0.250976,0.235918,0.571970,0.584691,0.980510,0.108126,0.161520,0.214656,0.456891,0.399745,0.022141,0.646823,0.568620,0.996110,0.977189,0.599403,0.468161,0.158418,0.103293,13.350681,0.908446,0.251244,0.171990,0.586370,0.600956,0.409150,0.419343,0.386722,0.449638,0.877640,0.452989,0.059543,33.135675,0.009677,0.003498,11.068745,0.004110,0.004120,0.000404,0.002445,17553962.429097,0.000000
-13154902.809785,1306515.409782,65778252.068547,68.713621,-1.459185,0.738806,0.977325,0.293381,0.064785,0.799124,0.944783,0.666923,0.346495,0.103616,0.378750,0.694117,0.415456,0.733034,0.752615,0.165663,0.789003,0.687659,0.795392,0.332498,0.712033,0.132831,0.939900,0.306753,0.410184,0.152815,0.642888,0.996199,0.975595,0.291234,0.400678,0.094731,0.225083,10.935302,15.451800,0.013186,0.158647,0.723418,0.792518,0.618657,0.675100,0.594847,0.744501,0.767574,0.333524,0.217317,11.286379,0.009718,0.004502,3.836237,0.004572,0.004589,0.000803,0.002046,13154902.809785,0.000000
-13176609.135570,1307265.527303,66451053.757316,68.713621,-1.459185,0.738806,0.977325,0.293381,0.064785,0.799124,0.944783,0.666923,0.346495,0.070880,0.378750,0.694117,0.415456,0.733034,0.752615,0.165663,0.801331,0.687659,0.795392,0.332498,0.712033,0.132831,0.939900,0.306753,0.410184,0.152815,0.642888,0.996199,0.975595,0.291234,0.400678,0.094731,0.225083,10.927999,15.452423,0.013206,0.158725,0.721074,0.792514,0.616699,0.675002,0.589222,0.744553,0.767574,0.333524,0.217317,11.286379,0.009718,0.004586,3.837159,0.004571,0.004589,0.000805,0.002044,13176609.135570,0.000000
-12330629.404317,1396013.389463,83507761.234289,45.177825,-0.734815,0.796505,0.823074,0.910960,0.059197,0.653827,0.722948,0.444510,0.491359,0.324506,0.809453,0.689875,0.416749,0.787555,0.159889,0.243306,0.572752,0.369530,0.396849,0.118917,0.163043,0.463617,0.191897,0.299687,0.171781,0.011388,0.644696,0.997384,0.944710,0.785851,0.277244,0.158090,0.103305,12.904596,20.310568,0.558616,0.192945,0.605441,0.778571,0.539629,0.654015,0.696314,0.756078,0.520406,0.537390,0.673583,34.822175,0.002872,0.005387,7.465978,0.004603,0.004613,0.000812,0.002037,12330629.404317,0.000000
-6477838.654727,1393262.758513,61061392.998755,37.832019,-1.904396,0.550867,0.990498,0.362765,0.678457,0.781196,0.742691,0.690343,0.796120,0.320147,0.310855,0.625652,0.474663,0.330860,0.172495,0.545109,0.791003,0.310409,0.437869,0.024628,0.297092,0.246080,0.600084,0.399356,0.075982,0.001719,0.694074,0.937080,0.741228,0.676737,0.466107,0.298295,0.101528,10.293883,20.213677,0.581890,0.271684,0.784206,0.805488,0.642974,0.662412,0.782344,0.817160,0.851087,0.522578,0.039483,42.167981,0.000336,0.000233,6.706984,0.004149,0.004179,0.000526,0.002323,6477838.654727,0.000000
-19472193.107799,1837769.387302,85865153.199144,46.817278,-1.026153,0.893077,0.973007,0.868453,0.722238,0.778229,0.786834,0.665774,0.349514,0.319819,0.210783,0.913204,0.405980,0.321684,0.376839,0.408853,0.574738,0.598100,0.431675,0.451151,0.356107,0.113237,0.582753,0.381962,0.028603,0.610780,0.183269,0.867279,0.966997,0.694043,0.468498,0.159450,0.215223,12.413186,1.897227,0.231986,0.151650,0.598818,0.735145,0.500697,0.615179,0.561289,0.766854,0.641617,0.493360,0.006162,33.182722,0.001184,0.008643,12.500841,0.004068,0.004088,0.000087,0.002762,19472193.107799,0.000000
-19704256.554010,2035030.773033,86824739.876882,47.567577,-1.538528,0.909969,0.981693,0.879288,0.677239,0.766741,0.960463,0.658562,0.352811,0.212461,0.775708,0.760222,0.288406,0.911018,0.111430,0.459581,0.777559,0.602263,0.983012,0.295939,0.505688,0.232082,0.594979,0.721235,0.025657,0.662094,0.478981,0.925947,0.952436,0.596034,0.411982,0.299854,0.102118,11.953437,0.363795,0.148531,0.170351,0.561685,0.574551,0.383863,0.392586,0.356731,0.413087,0.785303,0.459961,0.155469,32.432423,0.000161,0.008868,15.875289,0.003391,0.003374,0.000226,0.002623,19704256.554010,0.000000
-7223426.850656,1376146.418848,48735542.021142,38.810776,-2.072621,0.741108,0.990712,0.487251,0.019163,0.376290,0.945686,0.706599,0.512767,0.354633,0.239379,0.740244,0.369697,0.291606,0.177289,0.393776,0.780061,0.772370,0.436190,0.317005,0.297175,0.236208,0.973990,0.199327,0.075752,0.042222,0.553041,0.990837,0.962736,0.682425,0.466107,0.160088,0.118449,8.592695,18.649856,0.888614,0.271309,0.800535,0.812526,0.662656,0.682067,0.827670,0.848008,0.874145,0.490303,0.061572,41.189224,0.004617,0.013625,7.754776,0.004895,0.004902,0.000901,0.001948,7223426.850656,0.000000
-10240840.416148,1574090.289769,68200041.143558,37.144574,-0.675632,0.690607,0.972556,0.903571,0.064537,0.146587,0.756432,0.676456,0.474248,0.340347,0.380370,0.464950,0.392459,0.290948,0.246117,0.883513,0.786199,0.312331,0.979828,0.853456,0.505806,0.232154,0.203336,0.393438,0.025827,0.155434,0.192217,0.949358,0.954604,0.587483,0.287353,0.295862,0.215588,13.549811,15.890643,0.707111,0.221690,0.654564,0.712946,0.572008,0.620976,0.795159,0.852004,0.491165,0.455873,0.558008,42.855426,0.002212,0.006439,10.571587,0.004522,0.004526,0.000671,0.002178,10240840.416148,0.000000
-11595455.508448,1259655.627517,70111863.626022,54.903688,-1.171740,0.695875,0.976171,0.372799,0.145832,0.186530,0.928169,0.359842,0.354600,0.286080,0.221785,0.602136,0.474283,0.272595,0.753803,0.222565,0.789920,0.317135,0.206328,0.430595,0.516576,0.219062,0.001773,0.400233,0.303289,0.007917,0.694600,0.850728,0.960345,0.639318,0.466082,0.163227,0.200767,12.487698,20.548716,0.203981,0.236865,0.752254,0.824387,0.669526,0.729285,0.862440,0.947360,0.803364,0.474252,0.004047,25.096312,0.005968,0.007853,1.171740,0.004446,0.004469,0.000754,0.002095,11595455.508448,0.000000
-6332787.185408,1571554.907058,52289873.417325,32.254009,-1.495725,0.958413,0.756393,0.873067,0.062483,0.808241,0.155915,0.658419,0.345745,0.402448,0.695498,0.805744,0.674138,0.292505,0.757825,0.279891,0.782103,0.317198,0.986794,0.437926,0.415397,0.218139,0.000176,0.685279,0.001374,0.007919,0.694609,0.852095,0.968149,0.274427,0.443233,0.331917,0.106806,14.397615,20.484855,0.585689,0.284673,0.671582,0.705643,0.454770,0.482318,0.698307,0.751718,0.775914,0.329093,0.050902,47.745991,0.001948,0.006270,1.795704,0.004644,0.004656,0.000991,0.001858,6332787.185408,0.000000
-21575624.728233,1544306.194968,115034170.467325,75.757524,-0.595651,0.792893,0.974689,0.726805,0.077391,0.148191,0.786881,0.402839,0.157999,0.313183,0.779472,0.757899,0.388621,0.291509,0.262482,0.430633,0.462346,0.583115,0.033070,0.436263,0.337937,0.222309,0.830195,0.096516,0.322790,0.575926,0.689084,0.852410,0.969228,0.305249,0.314579,0.261608,0.248859,9.447566,2.842786,0.317553,0.138689,0.485961,0.739089,0.426526,0.637259,0.615658,0.886565,0.448796,0.340817,0.341798,4.242476,0.002481,0.000621,11.019368,0.004504,0.004517,0.000565,0.002284,21575624.728233,0.000000
-17393745.035704,1829294.498653,83606402.576562,42.821950,-1.916534,0.913774,0.974030,0.879319,0.701550,0.206253,0.785805,0.664822,0.343448,0.313109,0.772543,0.825541,0.289909,0.909305,0.249376,0.339271,0.783438,0.570915,0.083949,0.450740,0.889251,0.222716,0.486222,0.389970,0.025786,0.430502,0.197854,0.937483,0.957690,0.611776,0.467989,0.273415,0.215152,12.527313,7.385899,0.307079,0.200965,0.735589,0.790261,0.639751,0.648275,0.867950,0.901988,0.852884,0.464363,0.035890,37.178050,0.000616,0.000853,13.144074,0.003846,0.003836,0.000466,0.002383,17393745.035704,0.000000
-17841986.480219,1583015.101388,81608341.289432,64.484097,-1.702944,0.847047,0.977649,0.838284,0.064513,0.762811,0.753631,0.431548,0.428960,0.339608,0.244030,0.756136,0.362903,0.777010,0.186304,0.538192,0.801053,0.765516,0.431910,0.338475,0.657218,0.256462,0.061678,0.079487,0.308828,0.283336,0.974470,0.956574,0.970827,0.241009,0.422588,0.262504,0.220870,13.939212,12.290317,0.392790,0.190404,0.726177,0.777190,0.597733,0.600715,0.894555,0.908229,0.817853,0.315295,0.143418,15.515903,0.003006,0.013687,11.420501,0.004675,0.004684,0.000655,0.002194,17841986.480219,0.000000
-13451896.880473,1439628.510771,73175470.060140,46.355223,-0.547505,0.959750,0.760264,0.837477,0.058992,0.809015,0.862538,0.444307,0.512544,0.400827,0.097429,0.741749,0.298179,0.270691,0.191507,0.408986,0.716269,0.371697,0.436065,0.426640,0.032085,0.233914,0.585079,0.276092,0.121305,0.208786,0.694901,0.928908,0.967465,0.644999,0.280231,0.159430,0.116513,11.027627,13.999943,0.503537,0.186850,0.636556,0.747317,0.559620,0.632791,0.762612,0.801346,0.421609,0.474040,0.614712,33.644777,0.001139,0.008685,9.286446,0.004310,0.004330,0.000715,0.002134,13451896.880473,0.000000
-5340065.336167,1316193.074715,37947240.743434,38.224285,-0.288000,0.907512,0.848010,0.284005,0.070957,0.325209,0.784973,0.667867,0.337726,0.350993,0.795190,0.568718,0.414777,0.884609,0.110556,0.246912,0.591385,0.594282,0.986715,0.340921,0.496231,0.111697,0.493130,0.963003,0.079092,0.009633,0.016509,0.968060,0.854021,0.453211,0.467777,0.164286,0.215994,11.067039,20.003733,0.319162,0.213666,0.739526,0.739862,0.628697,0.629466,0.811126,0.800965,0.250238,0.436177,0.048836,41.775715,0.001430,0.004488,1.411899,0.004505,0.004522,0.000767,0.002082,5340065.336167,0.000000
-5747562.467581,1441564.945654,50975591.449189,34.056454,-2.063854,0.792744,0.974599,0.284930,0.669924,0.813789,0.723619,0.447611,0.346210,0.355062,0.101356,0.564360,0.418307,0.782166,0.175100,0.320140,0.579332,0.334073,0.399293,0.292577,0.140782,0.236026,0.983592,0.941221,0.018692,0.024107,0.567017,0.991392,0.943976,0.268748,0.464297,0.264339,0.226548,8.598571,19.158649,0.349541,0.303068,0.819211,0.845995,0.662617,0.684516,0.944563,0.957899,0.873036,0.333803,0.065518,45.943546,0.000351,0.006558,2.435997,0.003852,0.003877,0.000426,0.002423,5747562.467581,0.000000
-6938668.223373,1553829.646106,63283808.883198,32.806162,-2.078631,0.730755,0.974542,0.900721,0.392662,0.813411,0.750555,0.442157,0.289300,0.419452,0.677884,0.569162,0.479507,0.299619,0.358268,0.899790,0.584042,0.323228,0.566614,0.293409,0.774603,0.235753,0.003250,0.306587,0.010296,0.001966,0.691164,0.993252,0.944498,0.668204,0.465853,0.331982,0.118939,14.242301,20.674922,0.827149,0.309156,0.775148,0.799136,0.636714,0.655011,0.808312,0.840614,0.874899,0.491098,0.063084,47.193838,0.001851,0.006730,9.707087,0.004606,0.004614,0.000800,0.002049,6938668.223373,0.000000
-7297707.375010,1206354.548871,55487140.878759,69.034066,-1.189110,0.793367,0.986831,0.286792,0.000269,0.275940,0.723619,0.977264,0.336961,0.354347,0.091738,0.739880,0.416657,0.782166,0.180073,0.318968,0.591407,0.333957,0.950891,0.885784,0.166936,0.214767,0.980093,0.398140,0.478070,0.024107,0.566096,0.941189,0.902923,0.673971,0.442615,0.157922,0.105534,9.130030,19.311803,0.001754,0.176194,0.800370,0.803197,0.672550,0.678763,0.808750,0.816700,0.831083,0.508254,0.090559,10.965934,0.005545,0.008398,1.189110,0.004590,0.004605,0.000811,0.002038,7297707.375010,0.000000
-11210593.271679,1542301.587358,74334997.040926,38.369645,-0.488695,0.931331,0.960320,0.832349,0.666057,0.370236,0.767776,0.658805,0.513126,0.324250,0.755297,0.834803,0.298407,0.290031,0.284446,0.391496,0.801127,0.571400,0.960993,0.299035,0.303509,0.099717,0.404847,0.308038,0.077577,0.021802,0.642027,0.958153,0.958209,0.691353,0.263885,0.164440,0.237848,12.016972,19.812825,0.616676,0.186785,0.614104,0.719979,0.538561,0.627205,0.734097,0.848155,0.386574,0.495384,0.675993,41.630355,0.000846,0.009197,12.585524,0.004636,0.004626,0.000875,0.001974,11210593.271679,0.000000
-4014385.526825,1512867.146540,40881903.886813,32.500892,-1.969362,0.954793,0.975762,0.341649,0.084638,0.797085,0.154493,0.660601,0.341447,0.323534,0.775085,0.739033,0.674138,0.290120,0.244109,0.899658,0.781878,0.767591,0.433610,0.300987,0.203466,0.465737,0.002816,0.305091,0.004617,0.008080,0.695598,0.957775,0.958182,0.690899,0.466070,0.333590,0.106806,14.044356,20.448444,0.886264,0.324133,0.778435,0.806113,0.640169,0.662396,0.801549,0.828373,0.860454,0.495215,0.048062,47.499108,0.005137,0.026397,4.670644,0.004849,0.004866,0.000963,0.001886,4014385.526825,0.000000
-11077445.554771,1548523.249854,74297449.712895,38.372783,-1.927382,0.682827,0.977377,0.815123,0.647439,0.371196,0.773208,0.657263,0.517424,0.339334,0.679586,0.822155,0.389102,0.292415,0.264397,0.391496,0.783915,0.571009,0.984507,0.435951,0.415013,0.251769,0.410158,0.274591,0.077577,0.021892,0.671170,0.943143,0.955777,0.633925,0.466770,0.164440,0.238054,11.921437,19.801630,0.626750,0.237817,0.756939,0.821900,0.672618,0.719685,0.857889,0.944024,0.854471,0.473703,0.040643,41.627217,0.000772,0.015739,11.016146,0.004794,0.004772,0.000637,0.002212,11077445.554771,0.000000
-5884290.822168,1208620.831905,57630144.077709,68.366132,-1.557224,0.742764,0.974112,0.303223,0.150545,0.789740,0.625192,0.666118,0.689444,0.267187,0.386734,0.696926,0.299442,0.278364,0.197843,0.927996,0.714602,0.323548,0.404147,0.293898,0.293304,0.103686,0.876089,0.390189,0.479055,0.006864,0.775608,0.962545,0.743457,0.676814,0.397242,0.169015,0.111871,8.892925,19.937276,0.264789,0.164873,0.785700,0.807689,0.672559,0.677739,0.823644,0.833892,0.789280,0.514256,0.210669,11.633868,0.002417,0.015406,2.276693,0.004365,0.004392,0.000672,0.002177,5884290.822168,0.000000
-3885438.669862,1475263.167179,35877180.817135,32.266522,-1.628928,0.958413,0.773584,0.280557,0.071094,0.798688,0.727259,0.660601,0.345639,0.402448,0.680799,0.809422,0.674138,0.292443,0.757520,0.279483,0.782103,0.320910,0.982807,0.438598,0.415397,0.218139,0.000176,0.691070,0.001374,0.008565,0.612472,0.850803,0.960645,0.636350,0.466477,0.331911,0.250798,13.738419,20.422795,0.408204,0.305526,0.840031,0.809166,0.735844,0.710640,0.964125,0.950089,0.803860,0.472986,0.003314,47.733478,0.011010,0.006387,1.964384,0.004581,0.004602,0.000808,0.002041,3885438.669862,0.000000
-4611101.636138,1425235.729602,38506331.343129,33.914335,-1.619076,0.790798,0.973994,0.308006,0.162566,0.309465,0.693030,0.738158,0.348230,0.656646,0.774116,0.571679,0.312468,0.756648,0.188566,0.390248,0.777734,0.572289,0.990793,0.429952,0.754670,0.120077,0.002530,0.911961,0.023120,0.009324,0.499431,0.951141,0.938191,0.668116,0.412124,0.259334,0.198319,13.552324,20.412830,0.343201,0.284747,0.830428,0.798065,0.730711,0.705806,0.946620,0.938806,0.801918,0.493284,0.166671,46.085665,0.002088,0.012788,3.134432,0.004373,0.004371,0.000769,0.002080,4611101.636138,0.000000
-9910565.942372,1446715.774982,67555499.678796,38.335119,-1.503099,0.689418,0.761227,0.820895,0.675289,0.871135,0.943473,0.691494,0.243408,0.335230,0.147778,0.592943,0.423454,0.283345,0.730204,0.455229,0.780519,0.595340,0.421934,0.309771,0.296849,0.123819,0.152042,0.280466,0.076904,0.024788,0.609113,0.860612,0.958878,0.456662,0.439864,0.157121,0.201168,13.054465,19.889716,0.357189,0.236300,0.749038,0.800627,0.662805,0.686955,0.817983,0.912779,0.777560,0.403166,0.061775,41.664881,0.001223,0.005833,8.034876,0.003896,0.003920,0.000278,0.002571,9910565.942372,0.000000
-10296800.206823,1275614.858235,62039295.792395,43.339429,-0.253196,0.684493,0.773425,0.699244,0.007727,0.655653,0.720296,0.748216,0.345716,0.318203,0.367433,0.595323,0.339132,0.260283,0.154751,0.215367,0.787746,0.284622,0.421964,0.308048,0.033105,0.120266,0.493092,0.308052,0.147017,0.009662,0.650271,0.852343,0.741345,0.453490,0.274989,0.162272,0.104017,11.373355,20.057974,0.797444,0.189878,0.654239,0.719118,0.574534,0.624735,0.775738,0.824941,0.223684,0.476666,0.590735,36.660571,0.002182,0.007491,5.682455,0.004534,0.004551,0.000618,0.002231,10296800.206823,0.000000
-9199278.449048,1313155.018115,60628326.152909,41.185156,-0.280264,0.793619,0.761780,0.697173,0.057747,0.850631,0.941461,0.418009,0.345716,0.226317,0.835904,0.756372,0.291833,0.282602,0.159889,0.391323,0.787836,0.329997,0.423046,0.326746,0.294001,0.446768,0.010611,0.307765,0.121284,0.005230,0.650271,0.860657,0.768168,0.233330,0.274979,0.162272,0.104017,14.000467,20.577121,0.789134,0.196024,0.664024,0.748591,0.493358,0.520501,0.727258,0.791392,0.244416,0.373447,0.596191,38.814844,0.001801,0.010229,8.981460,0.004736,0.004735,0.000943,0.001906,9199278.449048,0.000000
-9207774.682208,1671306.059868,70051812.034747,34.285182,-1.663448,0.792617,0.986811,0.936209,0.677239,0.795424,0.786039,0.435341,0.525122,0.353235,0.811300,0.760230,0.397143,0.910816,0.390807,0.318427,0.776491,0.625685,0.967052,0.440093,0.163762,0.108450,0.968878,0.971695,0.025659,0.009488,0.650559,0.967788,0.960184,0.475406,0.410915,0.169288,0.118699,8.999797,19.706625,0.528067,0.221921,0.656069,0.674677,0.480953,0.494816,0.629899,0.677896,0.810515,0.410098,0.177369,45.714818,0.001488,0.009146,12.217675,0.004727,0.004723,0.000735,0.002114,9207774.682208,0.000000
-17353888.295418,1457217.143500,90668245.135462,63.049272,-1.597995,0.788476,0.966872,0.832111,0.127870,0.708193,0.954489,0.664127,0.235842,0.204099,0.100560,0.746959,0.464639,0.330404,0.147378,0.324508,0.434412,0.579425,0.071577,0.293089,0.301983,0.108987,0.479548,0.307508,0.290379,0.285109,0.681163,0.938894,0.953047,0.283761,0.414847,0.262588,0.223034,11.771821,11.866274,0.587815,0.199530,0.691075,0.775334,0.614590,0.647692,0.867517,0.926070,0.797698,0.337085,0.154290,16.950728,0.001637,0.000744,9.752668,0.004371,0.004345,0.000256,0.002593,17353888.295418,0.000000
-5850436.104575,1343003.016504,42190644.538671,38.408479,-1.178340,0.915373,0.847848,0.294827,0.069877,0.805069,0.724063,0.666704,0.337726,0.368413,0.795190,0.564143,0.414777,0.324938,0.745139,0.246912,0.771045,0.594282,0.400931,0.341087,0.496231,0.111624,0.493130,0.397132,0.081579,0.009500,0.345561,0.967803,0.960184,0.453211,0.467800,0.164458,0.250707,11.382289,20.017023,0.390068,0.260537,0.786499,0.810923,0.680202,0.701030,0.851464,0.866744,0.788694,0.401403,0.048685,41.591521,0.009282,0.005431,1.178340,0.004462,0.004485,0.000733,0.002116,5850436.104575,0.000000
-4312735.397863,1378775.111273,35305521.996147,34.184751,-1.939971,0.743489,0.681588,0.284308,0.015923,0.768934,0.691954,0.667849,0.399966,0.335829,0.840825,0.447560,0.460769,0.885346,0.360149,0.213082,0.591268,0.621202,0.703080,0.429834,0.422300,0.113564,0.868743,0.958160,0.024532,0.009633,0.568255,0.946149,0.749545,0.729158,0.467309,0.297920,0.252333,9.453295,19.661251,0.371842,0.298918,0.853211,0.829028,0.754144,0.734415,0.968729,0.958408,0.856292,0.522559,0.040797,45.815249,0.011296,0.004937,3.472703,0.004659,0.004666,0.000916,0.001933,4312735.397863,0.000000
-8328803.815057,1619306.382111,56937105.562090,36.589472,-1.905330,0.913774,0.975662,0.361788,0.701550,0.765665,0.785805,0.731988,0.320918,0.406797,0.319353,0.760222,0.391139,0.909306,0.148802,0.457532,0.801404,0.570767,0.980421,0.452551,0.001388,0.222578,0.852770,0.389930,0.018972,0.149884,0.683198,0.933962,0.978266,0.611861,0.467978,0.259543,0.215152,9.872631,15.508481,0.254173,0.267456,0.796948,0.811357,0.692428,0.703437,0.929576,0.936888,0.851226,0.457478,0.034471,43.410528,0.000248,0.012861,7.767393,0.004024,0.004032,0.000533,0.002316,8328803.815057,0.000000
-8655016.527954,1398296.731897,62333588.408491,71.064900,-2.083977,0.738970,0.962912,0.883206,0.064697,0.803452,0.956835,0.663256,0.605416,0.308413,0.773347,0.651209,0.288724,0.338483,0.248532,0.189682,0.783507,0.621403,0.440322,0.304505,0.986469,0.487925,0.593002,0.311165,0.430198,0.174318,0.203370,0.996045,0.735226,0.633729,0.467023,0.332960,0.220652,10.505602,15.191341,0.482232,0.145659,0.799764,0.801742,0.691669,0.708793,0.936398,0.940295,0.875566,0.499245,0.061838,8.935100,0.001293,0.005136,11.641393,0.004607,0.004620,0.000607,0.002242,8655016.527954,0.000000
-18289140.201440,1485037.308211,90218624.042146,60.509015,-0.349850,0.962077,0.763833,0.837438,0.127630,0.164941,0.745500,0.331029,0.233623,0.400809,0.384827,0.756986,0.475424,0.280594,0.995720,0.198970,0.465842,0.597932,0.972245,0.866920,0.022807,0.230034,0.479659,0.309578,0.289088,0.210021,0.694984,0.796044,0.944595,0.646732,0.307402,0.261242,0.211516,11.563716,14.117980,0.091448,0.154033,0.561367,0.770718,0.486943,0.661348,0.711829,0.910220,0.295206,0.482601,0.414194,19.490985,0.001441,0.002182,5.817502,0.004176,0.004190,0.000676,0.002173,18289140.201440,0.000000
-7753530.627101,1528391.863145,51615916.795686,37.668387,-0.199822,0.913774,0.758468,0.266396,0.677238,0.766804,0.785805,0.987729,0.520550,0.320844,0.829255,0.760222,0.286763,0.909306,0.248716,0.457532,0.777615,0.571046,0.983007,0.450740,0.425042,0.235195,0.148693,0.695880,0.026904,0.177164,0.192406,0.937513,0.754864,0.989701,0.467702,0.149853,0.215152,11.206808,15.256234,0.060694,0.190014,0.666228,0.668810,0.542740,0.545505,0.691339,0.679449,0.181124,0.527809,0.036474,42.331613,0.000646,0.012771,2.593038,0.003168,0.003167,0.000073,0.002776,7753530.627101,0.000000
-8181710.486718,1638074.086680,53205755.601729,36.497540,-0.866115,0.916425,0.982527,0.371209,0.677414,0.149845,0.950882,0.666298,0.350736,0.350829,0.770455,0.594729,0.680410,0.736075,0.750576,0.868106,0.747614,0.774909,0.983006,0.438852,0.083204,0.233544,0.904876,0.384805,0.013949,0.165409,0.021970,0.952973,0.977868,0.596570,0.308270,0.338555,0.209615,9.667848,14.997921,0.127590,0.232516,0.730404,0.745625,0.636269,0.649285,0.874794,0.886609,0.579418,0.451662,0.400644,43.502460,0.005169,0.016301,6.599091,0.003777,0.003786,0.000446,0.002403,8181710.486718,0.000000
-4199209.108547,1322077.529080,38266502.898788,38.647455,-1.636359,0.963346,0.745192,0.307794,0.071664,0.166069,0.754986,0.677044,0.077861,0.320778,0.122535,0.596710,0.391739,0.779124,0.182493,0.225405,0.782315,0.574469,0.980051,0.431630,0.300003,0.108206,0.088638,0.299152,0.077503,0.037066,0.028868,0.930233,0.963480,0.710368,0.443329,0.332573,0.099863,12.438223,19.485777,0.239205,0.295340,0.812549,0.823603,0.675943,0.701732,0.820791,0.847605,0.825879,0.500976,0.084279,41.352545,0.003325,0.004499,1.636359,0.004247,0.004248,0.000726,0.002123,4199209.108547,0.000000
-19333121.472764,1433428.806272,101214287.211703,64.073982,-0.490073,0.847591,0.765054,0.730326,0.126763,0.177107,0.776159,0.328838,0.155358,0.210413,0.217790,0.739828,0.360700,0.264413,0.995720,0.395845,0.780978,0.770497,0.087089,0.866939,0.470286,0.211963,0.006407,0.097922,0.303870,0.284541,0.682099,0.854574,0.960660,0.290906,0.301045,0.297788,0.107542,12.655522,12.243985,0.134312,0.175054,0.527298,0.731014,0.464351,0.520072,0.660721,0.780144,0.387418,0.337686,0.474887,15.926018,0.000876,0.001421,7.120378,0.004197,0.004221,0.000601,0.002248,19333121.472764,0.000000
-19159690.255599,1748581.698641,132950752.874416,51.581533,-1.744631,0.794612,0.982102,0.853776,0.059082,0.762069,0.744335,0.188680,0.243202,0.312644,0.367862,0.756533,0.480850,0.279683,0.366997,0.263081,0.461493,0.301921,0.966415,0.301774,0.505119,0.229772,0.846786,0.920025,0.072972,0.618187,0.979859,0.956460,0.737539,0.990858,0.429296,0.262560,0.110376,10.677461,1.434180,0.285263,0.211645,0.567497,0.784704,0.509799,0.662109,0.690633,0.776478,0.825291,0.514117,0.127454,28.418467,0.001648,0.004643,10.492999,0.004141,0.004108,0.000053,0.002796,19159690.255599,0.000000
-3715614.260022,1314421.711042,60280078.396707,54.993743,-2.003134,0.738767,0.770200,0.868045,0.668897,0.789719,0.729114,0.684535,0.796120,0.319047,0.375758,0.566356,0.464661,0.333469,0.172344,0.522286,0.580629,0.686078,0.053140,0.332288,0.751656,0.246080,0.797332,0.625420,0.304291,0.001253,0.694074,0.968102,0.749076,0.453144,0.466319,0.262637,0.103986,9.248929,20.200502,0.404520,0.202146,0.726586,0.738311,0.552776,0.561066,0.730785,0.749671,0.865088,0.473624,0.051800,25.006257,0.000343,0.000220,5.072546,0.004052,0.004071,0.000547,0.002302,3715614.260022,0.000000
-11811439.783188,1317420.603226,63176206.670576,60.413403,-0.317701,0.915803,0.981679,0.303133,0.001130,0.766202,0.787361,0.666118,0.327496,0.319265,0.787715,0.698382,0.299442,0.882989,0.085999,0.894215,0.712860,0.585779,0.374217,0.293898,0.294232,0.229832,0.767473,0.391031,0.372570,0.009724,0.449603,0.867243,0.963591,0.674983,0.276730,0.276377,0.216947,9.531997,19.905946,0.425589,0.171623,0.658624,0.710641,0.574296,0.618031,0.799332,0.849662,0.272179,0.487094,0.591969,19.586597,0.001621,0.021941,3.508363,0.004897,0.004892,0.000994,0.001855,11811439.783188,0.000000
-6118749.219681,1462512.589413,43702750.956670,35.468355,-0.278947,0.935161,0.960414,0.289570,0.369113,0.798364,0.747197,0.799055,0.514488,0.173474,0.198884,0.754596,0.290451,0.291993,0.827570,0.395011,0.770570,0.768014,0.952905,0.748500,0.918373,0.113193,0.021399,0.308105,0.034847,0.041425,0.641987,0.851583,0.962235,0.282684,0.278087,0.258572,0.260944,13.471121,19.449049,0.153678,0.226232,0.729218,0.679612,0.628610,0.587728,0.868528,0.821372,0.243420,0.334013,0.274749,44.531645,0.003592,0.009481,1.103432,0.003484,0.003534,0.000165,0.002684,6118749.219681,0.000000
-8787787.675141,1352640.284745,54586569.289792,42.189723,-0.346842,0.791780,0.968883,0.482784,0.074454,0.798847,0.952120,0.653709,0.330079,0.211032,0.088907,0.669629,0.418445,0.282565,0.172213,0.392887,0.801292,0.312235,0.415690,0.812237,0.504131,0.236086,0.979400,0.931874,0.119969,0.041209,0.777462,0.852709,0.740969,0.253669,0.285242,0.261636,0.215333,8.929092,18.687744,0.726877,0.212164,0.691620,0.697216,0.602113,0.607148,0.836967,0.841411,0.293083,0.391177,0.468645,37.810277,0.002950,0.011177,8.151457,0.004952,0.004966,0.000856,0.001993,8787787.675141,0.000000
-16469830.797103,1385020.358256,87218261.406860,68.029047,-1.906917,0.738627,0.972348,0.496609,0.000170,0.191108,0.811596,0.446191,0.067388,0.311284,0.379310,0.740127,0.467915,0.304971,0.795976,0.276264,0.777538,0.578833,0.832291,0.331345,0.457787,0.237683,0.022408,0.396813,0.409143,0.145137,0.640061,0.933655,0.959974,0.683012,0.468422,0.332553,0.239586,12.545326,16.432672,0.205695,0.229514,0.726075,0.828337,0.647621,0.732283,0.900887,0.958263,0.851462,0.491496,0.033463,11.970953,0.005500,0.008618,6.019843,0.004793,0.004812,0.000841,0.002008,16469830.797103,0.000000
-6765938.162146,1245385.998263,56624180.127746,54.683269,-1.979625,0.738810,0.768468,0.282255,0.064794,0.780463,0.728430,0.667023,0.589893,0.597479,0.373558,0.618981,0.414593,0.342113,0.752652,0.233839,0.780545,0.572187,0.999093,0.333517,0.503909,0.109947,0.148452,0.297810,0.299030,0.009628,0.612816,0.962353,0.975274,0.453094,0.465364,0.162079,0.252328,11.855306,20.397560,0.139013,0.232458,0.808438,0.829797,0.704641,0.737856,0.871960,0.925598,0.861879,0.396648,0.051375,25.316731,0.010431,0.007130,2.398353,0.004498,0.004519,0.000744,0.002105,6765938.162146,0.000000
-5873537.497411,1259938.163889,36911437.154402,41.366074,-0.068577,0.686054,0.763614,0.281641,0.010007,0.149374,0.950840,0.739752,0.349302,0.316645,0.306897,0.586053,0.410972,0.878369,0.177687,0.214712,0.789952,0.586102,0.416192,0.772469,0.508556,0.103771,0.022711,0.718992,0.121284,0.012427,0.563283,0.857295,0.737381,0.233330,0.395914,0.261656,0.104221,12.881197,20.303287,0.231040,0.258972,0.763169,0.789526,0.549640,0.585978,0.820723,0.861477,0.702353,0.383667,0.164235,38.633926,0.004991,0.007250,0.068577,0.004488,0.004489,0.000805,0.002044,5873537.497411,0.000000
-11399209.179768,1278129.361943,60106090.991730,63.014419,-1.915831,0.743185,0.849564,0.274957,0.002735,0.768703,0.742951,0.666941,0.337936,0.375870,0.795571,0.575329,0.710580,0.901354,0.040663,0.882926,0.592385,0.594282,0.973481,0.339845,0.713238,0.111624,0.479598,0.283702,0.408964,0.008496,0.612390,0.937646,0.975615,0.470810,0.467777,0.164286,0.252329,10.919692,20.178176,0.285140,0.206119,0.802223,0.830215,0.705537,0.737282,0.874091,0.932600,0.852781,0.403441,0.036379,16.985581,0.000564,0.019300,2.865429,0.004788,0.004800,0.000926,0.001923,11399209.179768,0.000000
-10901004.339987,1297961.505595,64927004.587246,43.599222,-0.324886,0.684492,0.761193,0.702239,0.078545,0.852003,0.788754,0.739857,0.345716,0.318203,0.796589,0.595323,0.474422,0.260692,0.177194,0.215496,0.787746,0.591099,0.064411,0.582527,0.296805,0.235917,0.022711,0.308052,0.147017,0.023891,0.649516,0.860593,0.741345,0.453490,0.279912,0.162297,0.107370,14.034173,20.021911,0.753807,0.187779,0.648863,0.715981,0.570480,0.618616,0.775364,0.822249,0.277390,0.476666,0.572475,36.400778,0.002349,0.000884,6.698419,0.004431,0.004451,0.000712,0.002137,10901004.339987,0.000000
-7769599.308428,1309950.342693,58468834.587772,43.993719,-1.547899,0.684803,0.990430,0.413796,0.007639,0.807189,0.720230,0.449654,0.571158,0.283637,0.839265,0.601549,0.344644,0.885146,0.154813,0.390083,0.591397,0.287809,0.423217,0.312167,0.336804,0.102892,0.000054,0.274211,0.157194,0.009827,0.552130,0.959044,0.739870,0.278243,0.397488,0.156849,0.246794,14.053238,20.463006,0.720736,0.215033,0.748183,0.828731,0.635297,0.703796,0.831602,0.928676,0.787306,0.402086,0.208348,36.006281,0.004009,0.010262,8.289512,0.004989,0.004984,0.000977,0.001872,7769599.308428,0.000000
-12789099.584809,1249173.055453,62853859.926313,65.024619,-0.778254,0.793353,0.986831,0.284255,0.000163,0.806744,0.723619,0.605606,0.335324,0.335482,0.820373,0.563797,0.418307,0.787772,0.752180,0.211531,0.772431,0.334073,0.704039,0.292577,0.140782,0.236026,0.981550,0.374985,0.425406,0.024107,0.563251,0.991495,0.749787,0.268748,0.284093,0.159360,0.226669,9.374615,19.296545,0.128988,0.132622,0.706160,0.771366,0.625482,0.681525,0.819761,0.898967,0.540793,0.394637,0.420545,14.975381,0.008158,0.006045,2.841545,0.004810,0.004821,0.000934,0.001915,12789099.584809,0.000000
-9596579.766049,1645982.739899,67830369.776938,33.449962,-1.483352,0.543863,0.974504,0.955455,0.683052,0.243605,0.735746,0.671045,0.471488,0.313826,0.329328,0.626767,0.677158,0.291397,0.215941,0.551979,0.772999,0.580455,0.951960,0.435778,0.024754,0.213468,0.092427,0.393259,0.010296,0.033739,0.694780,0.931094,0.958836,0.270624,0.401038,0.338226,0.250001,13.891281,19.671240,0.680552,0.259339,0.735074,0.798931,0.625616,0.638258,0.898309,0.937141,0.773124,0.330264,0.185761,46.550038,0.000495,0.014145,6.453116,0.004084,0.004062,0.000017,0.002832,9596579.766049,0.000000
-15327923.950641,1511118.941936,90383499.347068,48.538724,-1.554052,0.957715,0.970708,0.730257,0.127870,0.852654,0.728682,0.663838,0.238954,0.202982,0.101433,0.747085,0.464639,0.330312,0.147378,0.215883,0.784956,0.579425,0.068143,0.293089,0.282000,0.103755,0.500897,0.393335,0.128127,0.273686,0.681245,0.938177,0.955964,0.642904,0.408398,0.163949,0.221617,12.070794,12.111600,0.857823,0.220835,0.676703,0.782911,0.603211,0.691390,0.798300,0.927251,0.788610,0.477162,0.170106,31.461276,0.001637,0.000823,11.373267,0.004718,0.004730,0.000675,0.002174,15327923.950641,0.000000
-10472215.566022,1293840.740638,61778257.808840,43.572030,-0.351217,0.684493,0.761193,0.697260,0.007727,0.706684,0.946901,0.740146,0.344596,0.320077,0.837792,0.595197,0.339132,0.260692,0.154751,0.324121,0.433706,0.284622,0.425398,0.308048,0.296738,0.169921,0.013996,0.308052,0.147558,0.021342,0.650178,0.861497,0.738222,0.453490,0.282513,0.260053,0.105393,14.058931,20.099063,0.697646,0.213361,0.660769,0.700382,0.579029,0.612374,0.804790,0.842867,0.296169,0.477840,0.560843,36.427970,0.002165,0.007824,9.896611,0.004500,0.004517,0.000746,0.002103,10472215.566022,0.000000
-7810880.463765,1334604.495936,56095919.141465,38.232647,-0.253317,0.739895,0.774012,0.699157,0.057747,0.654282,0.940736,0.420694,0.343109,0.226317,0.365545,0.582784,0.291833,0.282187,0.159889,0.216204,0.787836,0.327166,0.964566,0.326929,0.030297,0.472916,0.477365,0.307771,0.079141,0.009979,0.650271,0.852407,0.736710,0.630297,0.274979,0.162272,0.104017,11.253620,20.036672,0.660587,0.198694,0.678689,0.745790,0.593273,0.649536,0.772424,0.816419,0.223778,0.552680,0.590823,41.767353,0.002055,0.006763,9.010083,0.004508,0.004522,0.000697,0.002152,7810880.463765,0.000000
-16184300.176443,1873592.851645,71122239.085482,50.695743,-1.067208,0.908657,0.966330,0.852226,0.052359,0.772642,0.788940,0.732186,0.344011,0.666245,0.772277,0.817074,0.449270,0.909437,0.433895,0.383823,0.748473,0.609373,0.983263,0.758865,0.914620,0.466793,0.018367,0.396288,0.077152,0.567832,0.663185,0.934445,0.979130,0.611907,0.340882,0.260490,0.222398,14.797395,3.683477,0.212502,0.169597,0.699441,0.713058,0.606567,0.618252,0.858326,0.869219,0.656032,0.457208,0.368842,29.304257,0.004795,0.009287,12.696705,0.004420,0.004432,0.000642,0.002207,16184300.176443,0.000000
-5643561.333548,1507023.511089,72346032.387750,32.925775,-1.971547,0.697858,0.974421,0.867667,0.668897,0.192076,0.772872,0.014243,0.796120,0.314775,0.774629,0.637801,0.463188,0.332032,0.169594,0.544631,0.580629,0.313130,0.053140,0.293312,0.751113,0.246080,0.396587,0.632183,0.011153,0.001253,0.694074,0.958013,0.743354,0.691628,0.466318,0.262637,0.235021,11.983278,20.381240,0.955794,0.266478,0.759949,0.825156,0.675457,0.729524,0.921792,0.956450,0.860759,0.515840,0.047657,47.074225,0.000333,0.000285,9.330189,0.004739,0.004746,0.000757,0.002092,5643561.333548,0.000000
-11301052.272365,1506885.470218,76308148.295863,38.472590,-2.002105,0.682800,0.977459,0.832727,0.666057,0.370236,0.761555,0.669923,0.513126,0.322161,0.810342,0.821561,0.390574,0.290031,0.267147,0.391974,0.783871,0.576032,0.436190,0.299035,0.296428,0.462761,0.805593,0.267828,0.077829,0.021892,0.671170,0.968243,0.956083,0.653466,0.466065,0.164440,0.107020,9.532534,19.472812,0.766338,0.247375,0.734643,0.754389,0.590063,0.603879,0.681204,0.734207,0.864949,0.481265,0.052373,41.527410,0.000754,0.005803,11.377173,0.004810,0.004801,0.000659,0.002190,11301052.272365,0.000000
-10350200.943300,1308766.754145,62963726.513626,54.514150,-1.684649,0.743302,0.986692,0.295622,0.064887,0.781074,0.949363,0.666734,0.347485,0.106561,0.378723,0.749004,0.449419,0.329602,0.729354,0.465230,0.780545,0.771184,0.983297,0.775656,0.952760,0.109976,0.942035,0.306784,0.293280,0.010621,0.612717,0.996034,0.975588,0.608304,0.400742,0.158307,0.252469,10.451068,19.699660,0.181402,0.219948,0.768297,0.792228,0.684882,0.704982,0.845133,0.905897,0.814491,0.456987,0.217067,25.485850,0.010059,0.017572,2.265477,0.004534,0.004555,0.000765,0.002084,10350200.943300,0.000000
-14615286.049370,1384918.375381,72075406.733492,54.227485,-1.552778,0.745483,0.756514,0.855034,0.059068,0.780463,0.773075,0.666734,0.347355,0.307387,0.377648,0.603694,0.449260,0.329602,0.729354,0.463956,0.780545,0.329475,0.996753,0.775656,0.914284,0.212689,0.026963,0.310597,0.293280,0.009989,0.694821,0.962353,0.975420,0.613474,0.396665,0.161176,0.200783,13.211060,20.527260,0.274802,0.196498,0.743845,0.805786,0.661347,0.712967,0.870070,0.936363,0.788341,0.459056,0.212132,25.772515,0.002092,0.009345,6.308991,0.004338,0.004356,0.000709,0.002140,14615286.049370,0.000000
-15810622.944834,1350729.668190,78791963.381571,54.908431,-1.493359,0.693694,0.775804,0.874595,0.145832,0.196083,0.939035,0.357661,0.354730,0.279544,0.234504,0.745130,0.474011,0.272595,0.754107,0.221587,0.789920,0.758908,0.182804,0.430595,0.507191,0.116349,0.017859,0.397403,0.303289,0.007917,0.612504,0.852102,0.960108,0.246665,0.442838,0.163256,0.252454,13.906566,20.583949,0.523935,0.197841,0.727213,0.832461,0.645954,0.685316,0.813294,0.946414,0.775383,0.320514,0.051742,25.091569,0.001441,0.003487,8.006475,0.004603,0.004579,0.000464,0.002385,15810622.944834,0.000000
-6136162.180194,1373995.719655,45484907.787044,37.315297,-1.605032,0.796443,0.781248,0.365858,0.064740,0.252422,0.878655,0.658995,0.582473,0.403748,0.319417,0.429187,0.398311,0.313470,0.143401,0.397113,0.801516,0.455014,0.421101,0.314757,0.395154,0.224233,0.849800,0.387894,0.027541,0.151140,0.695519,0.943175,0.733688,0.231671,0.413839,0.261773,0.178034,9.090865,15.411077,0.458592,0.273129,0.809174,0.799554,0.619729,0.652215,0.919999,0.939936,0.799117,0.384198,0.158742,42.684703,0.002297,0.013369,4.004383,0.004415,0.004426,0.000737,0.002112,6136162.180194,0.000000
-13629990.259359,1442912.441789,68141621.255932,58.682697,-1.491307,0.783164,0.763916,0.718555,0.070964,0.799223,0.750764,0.675096,0.492792,0.177125,0.835106,0.556972,0.658433,0.792147,0.752615,0.387846,0.779827,0.701875,0.404408,0.300298,0.706042,0.107986,0.148159,0.549485,0.289411,0.155666,0.642970,0.934599,0.959797,0.677840,0.400562,0.164196,0.225451,12.920806,16.042039,0.210196,0.173711,0.752129,0.795549,0.665319,0.701591,0.865599,0.934801,0.774922,0.489532,0.188654,21.317303,0.015342,0.012357,6.472592,0.004205,0.004222,0.000767,0.002082,13629990.259359,0.000000
-1379853.429226,1295308.970039,46906214.364831,54.564690,-1.569745,0.743184,0.848915,0.282913,0.070970,0.780463,0.938456,0.941576,0.745203,0.598393,0.383059,0.566084,0.414593,0.771236,0.361347,0.271964,0.787894,0.590775,0.996847,0.272201,0.763420,0.089855,0.139769,0.310597,0.298372,0.007595,0.612812,0.962353,0.975510,0.361154,0.399213,0.437020,0.252109,12.320340,20.484534,0.230817,0.254392,0.804433,0.750945,0.708535,0.664524,0.941132,0.908036,0.791902,0.360774,0.117962,25.435310,0.010475,0.008582,4.797850,0.004772,0.004784,0.000910,0.001939,1379853.429226,0.000000
-7662585.876145,1438424.509638,55381688.592179,34.364744,-0.457182,0.690618,0.855962,0.829790,0.064949,0.173104,0.745398,0.666756,0.481119,0.213966,0.768006,0.454429,0.457166,0.291606,0.177375,0.384310,0.476511,0.572156,0.979828,0.293756,0.457957,0.247272,0.481258,0.296773,0.022461,0.029650,0.855282,0.828235,0.954614,0.458131,0.307430,0.148220,0.214781,11.641034,19.435594,0.795091,0.217637,0.699809,0.723227,0.608544,0.628389,0.853404,0.872792,0.366935,0.405087,0.433139,45.635256,0.002706,0.010702,7.560545,0.004469,0.004474,0.000697,0.002152,7662585.876145,0.000000
-13270681.022806,1698379.015701,90915130.897639,40.982974,-0.898257,0.792361,0.974184,0.878956,0.064667,0.210962,0.630501,0.441866,0.491381,0.205380,0.800155,0.828405,0.466533,0.782032,0.248698,0.324508,0.572859,0.598621,0.098085,0.451178,0.301214,0.233069,0.485742,0.715008,0.005711,0.433219,0.197633,0.938897,0.957197,0.448590,0.458476,0.155061,0.223262,12.840164,7.277116,0.543930,0.184448,0.553245,0.797411,0.466735,0.634517,0.461284,0.845930,0.592721,0.400530,0.055761,39.017026,0.005149,0.001496,10.386383,0.004660,0.004669,0.000570,0.002279,13270681.022806,0.000000
-15679903.848301,1667030.207048,74736048.654812,51.922017,-1.821115,0.750265,0.996523,0.490160,0.001610,0.777343,0.724477,0.439191,0.474791,0.323235,0.239357,0.689963,0.450421,0.909488,0.175113,0.215943,0.755198,0.333957,0.980510,0.118917,0.432980,0.231329,0.042090,0.399368,0.078226,0.616626,0.644696,0.994175,0.956396,0.595574,0.422752,0.276195,0.103305,13.943074,2.129357,0.273048,0.221673,0.701633,0.719355,0.534890,0.547398,0.650269,0.698635,0.838155,0.458445,0.159885,28.077983,0.005221,0.005879,9.831852,0.004434,0.004403,0.000319,0.002530,15679903.848301,0.000000
-15722338.886029,1548040.743011,79461513.905528,48.301122,-1.652190,0.957715,0.970708,0.730257,0.127381,0.854710,0.728682,0.663749,0.339410,0.202982,0.106288,0.576286,0.413230,0.885539,0.147378,0.215883,0.784956,0.579446,0.068143,0.341237,0.717417,0.103610,0.500897,0.393698,0.126002,0.271590,0.609311,0.967904,0.955933,0.645634,0.409123,0.163949,0.252724,12.064381,12.171326,0.587122,0.210050,0.723067,0.785220,0.642469,0.694213,0.798487,0.907806,0.808370,0.478244,0.181992,31.698878,0.001641,0.001113,10.274906,0.004524,0.004534,0.000659,0.002190,15722338.886029,0.000000
-12331534.926213,1234552.379293,64004603.119297,63.471321,-0.440193,0.743185,0.850131,0.274957,0.071446,0.797139,0.945494,0.667030,0.237480,0.350993,0.790336,0.746128,0.466872,0.329382,0.364957,0.138876,0.592385,0.594261,0.406477,0.292772,0.277822,0.111769,0.948349,0.283339,0.411713,0.010910,0.684323,0.938392,0.975645,0.450480,0.467052,0.164286,0.221221,8.896412,19.702504,0.272924,0.225476,0.791106,0.820167,0.705557,0.729807,0.888480,0.940943,0.852512,0.395515,0.038131,16.528679,0.011726,0.002875,0.440193,0.004516,0.004539,0.000768,0.002081,12331534.926213,0.000000
-14347139.137270,1320480.686740,70998933.243353,54.534764,-0.253317,0.742116,0.829777,0.725494,0.080499,0.155382,0.940578,0.412737,0.442603,0.226317,0.365129,0.756382,0.389357,0.282193,0.159889,0.432029,0.787836,0.666978,0.435848,0.887836,0.030297,0.472894,0.478744,0.307765,0.295620,0.009979,0.650271,0.852407,0.742109,0.955739,0.274979,0.158555,0.246775,11.065766,20.134017,0.675015,0.138086,0.625686,0.743189,0.547655,0.645920,0.763515,0.878461,0.223778,0.554888,0.590823,25.465236,0.002495,0.015858,11.020191,0.004864,0.004872,0.000802,0.002047,14347139.137270,0.000000
-17753474.045340,1578433.864901,104445535.416158,48.815287,-0.792826,0.741234,0.974689,0.657371,0.057471,0.646673,0.933697,0.425963,0.345828,0.311219,0.782321,0.754269,0.291097,0.291608,0.262482,0.432462,0.466703,0.682557,0.002651,0.858701,0.064719,0.212426,0.476716,0.095108,0.050867,0.598669,0.155355,0.932038,0.969440,0.255319,0.307402,0.158085,0.105625,12.188076,2.305562,0.390974,0.148519,0.483630,0.659650,0.363854,0.386717,0.313264,0.655020,0.547436,0.321267,0.494710,31.184713,0.001210,0.000081,10.782290,0.004313,0.004325,0.000433,0.002416,17753474.045340,0.000000
-19088423.570783,1564412.766367,91328634.668504,71.688385,-1.901802,0.742359,0.974696,0.724057,0.080224,0.147814,0.146512,0.477155,0.434682,0.314005,0.386936,0.757301,0.318018,0.291608,0.258950,0.431448,0.466703,0.682557,0.010625,0.868310,0.157685,0.119159,0.473159,0.085182,0.264323,0.635217,0.640524,0.932524,0.968813,0.983854,0.468156,0.159667,0.225015,11.514571,1.330244,0.199460,0.167564,0.716126,0.840701,0.619821,0.739508,0.768700,0.938932,0.850701,0.605872,0.033529,8.311615,0.001608,0.000135,4.623366,0.004324,0.004337,0.000303,0.002546,19088423.570783,0.000000
-5953606.881926,1276753.604203,55997988.497921,54.776375,-1.781325,0.787134,0.973994,0.307172,0.066142,0.793102,0.693030,0.736834,0.587611,0.657498,0.386145,0.576241,0.312468,0.756648,0.187810,0.317811,0.765704,0.566792,0.997021,0.428415,0.023844,0.109902,0.498884,0.909688,0.299035,0.009324,0.499774,0.942792,0.938191,0.668116,0.442271,0.160907,0.198928,11.006614,20.138957,0.314624,0.203121,0.784150,0.814482,0.678917,0.723047,0.850670,0.902098,0.831585,0.493284,0.092007,25.223625,0.003627,0.009497,5.716140,0.004833,0.004835,0.000947,0.001902,5953606.881926,0.000000
-9642228.141328,1551893.079157,63363498.561585,34.711000,-0.689728,0.905380,0.853748,0.872753,0.677239,0.223566,0.755723,0.937867,0.533193,0.283764,0.775088,0.473241,0.384619,0.286061,0.365960,0.424455,0.777552,0.580168,0.979829,0.436445,0.028394,0.233935,0.942639,0.295298,0.025631,0.030641,0.650994,0.930496,0.965661,0.458507,0.295806,0.152023,0.238750,8.901552,19.070007,0.482656,0.197616,0.683408,0.694733,0.598095,0.607897,0.829165,0.839138,0.498288,0.401758,0.500464,45.289000,0.001316,0.011435,7.932951,0.003999,0.004004,0.000569,0.002280,9642228.141328,0.000000
-11329303.753754,1757894.954451,71476543.431779,38.040873,-1.546514,0.901358,0.979792,0.941527,0.064949,0.144595,0.786615,0.663200,0.472611,0.217009,0.394144,0.766813,0.414758,0.909160,0.755052,0.378071,0.779159,0.571889,0.983051,0.293756,0.022936,0.251047,0.201717,0.398877,0.022488,0.213001,0.854147,0.934154,0.954614,0.474960,0.409196,0.330785,0.220204,13.842116,14.180245,0.542675,0.242322,0.728321,0.788070,0.638308,0.647131,0.894661,0.916398,0.787011,0.411694,0.166228,41.959127,0.003918,0.009616,12.891159,0.004776,0.004778,0.000753,0.002096,11329303.753754,0.000000
-14861544.539924,1299458.101424,79643222.544504,53.991220,-1.323654,0.793619,0.774012,0.700293,0.057747,0.654282,0.940663,0.403983,0.345716,0.226095,0.365545,0.756733,0.291833,0.282193,0.263510,0.394838,0.787836,0.329997,0.423046,0.332952,0.032875,0.429872,0.478723,0.307765,0.288407,0.009968,0.650271,0.852407,0.759476,0.998287,0.415433,0.155925,0.099047,11.028287,20.115662,0.642244,0.193934,0.704864,0.817197,0.612706,0.720883,0.751252,0.795786,0.733839,0.561992,0.113461,26.008780,0.001723,0.010159,9.120905,0.004723,0.004737,0.000844,0.002005,14861544.539924,0.000000
-10781188.470955,1465349.316026,70086781.596241,39.483338,-0.279973,0.793370,0.975042,0.806667,0.370837,0.227687,0.759646,0.676827,0.517781,0.196513,0.203086,0.760628,0.311446,0.270600,0.152804,0.387973,0.574907,0.312343,0.980579,0.813047,0.285477,0.119475,0.633380,0.909731,0.085645,0.041437,0.041905,0.850764,0.962397,0.225824,0.278496,0.261115,0.221195,10.936639,19.004147,0.628394,0.195870,0.619738,0.715846,0.538357,0.618744,0.758877,0.855935,0.244196,0.311712,0.415533,40.516662,0.000621,0.006484,11.299182,0.004817,0.004809,0.000688,0.002161,10781188.470955,0.000000
-10585764.021528,1262196.188308,63842391.610208,55.124231,-2.017699,0.743185,0.766890,0.284005,0.073004,0.805069,0.724368,0.667867,0.337726,0.312748,0.234400,0.572478,0.415606,0.884609,0.369744,0.246912,0.590904,0.592602,0.405303,0.351727,0.496231,0.111624,0.493130,0.965785,0.303543,0.009633,0.611908,0.968217,0.960660,0.289792,0.468782,0.262100,0.252329,11.042764,20.084657,0.214817,0.270724,0.788115,0.833913,0.703151,0.740364,0.937994,0.960434,0.867039,0.337250,0.046879,24.875769,0.011218,0.005967,2.996446,0.004693,0.004706,0.000877,0.001972,10585764.021528,0.000000
-5544473.827099,1323939.708992,50742236.433804,41.442560,-1.858737,0.911342,0.964127,0.402162,0.064787,0.151307,0.156860,0.667742,0.571158,0.652248,0.307809,0.585955,0.414657,0.794751,0.401518,0.467237,0.580005,0.591601,0.143761,0.546627,0.338086,0.251088,0.406644,0.714507,0.118051,0.021978,0.560662,0.959022,0.736507,0.196250,0.466067,0.164418,0.216640,11.436508,19.747489,0.446839,0.236751,0.786025,0.842995,0.639051,0.656253,0.868329,0.939063,0.844131,0.368040,0.048581,38.557440,0.011061,0.007819,3.282548,0.004771,0.004768,0.000960,0.001889,5544473.827099,0.000000
-5993386.189774,1481437.707667,56447595.748811,32.516800,-1.550069,0.680901,0.856192,0.869420,0.044325,0.144595,0.756370,0.464327,0.353368,0.222350,0.394144,0.479908,0.393056,0.255145,0.176507,0.423503,0.777775,0.572103,0.979872,0.455897,0.022936,0.251970,0.006074,0.298253,0.000522,0.024775,0.854147,0.935577,0.882992,0.596827,0.409050,0.150851,0.238212,14.342757,19.966448,0.874735,0.259725,0.776227,0.825110,0.686244,0.726980,0.882968,0.936925,0.787767,0.484405,0.167254,47.483200,0.001835,0.017691,8.212081,0.004532,0.004538,0.000613,0.002236,5993386.189774,0.000000
-11422506.534707,1572343.482776,77206858.709038,38.843794,-2.002105,0.682800,0.977463,0.832727,0.666057,0.189024,0.756731,0.669923,0.519754,0.322161,0.810342,0.821561,0.390574,0.290031,0.379059,0.391974,0.783871,0.576032,0.436190,0.299035,0.296428,0.462761,0.473551,0.267828,0.082318,0.026174,0.671170,0.968243,0.956083,0.653466,0.466065,0.416037,0.107020,11.409087,19.620236,0.721541,0.290554,0.747267,0.770728,0.612646,0.624671,0.757016,0.794430,0.864949,0.481265,0.052373,41.156206,0.001441,0.005809,11.370286,0.004794,0.004790,0.000662,0.002187,11422506.534707,0.000000
-5995188.482985,1380061.156565,41229860.660155,38.941741,-1.634131,0.739290,0.964999,0.352074,0.012358,0.181188,0.957072,0.731847,0.561790,0.214136,0.770157,0.593435,0.410124,0.277540,0.714945,0.231637,0.812165,0.620675,0.982051,0.130657,0.058775,0.472844,0.057580,0.543285,0.079734,0.042756,0.692052,0.949550,0.962645,0.654655,0.415242,0.259811,0.220652,12.735558,19.369825,0.367834,0.286914,0.823089,0.787709,0.726473,0.697471,0.952412,0.933263,0.804878,0.479467,0.158172,41.058259,0.007262,0.007256,2.458786,0.004581,0.004607,0.000799,0.002050,5995188.482985,0.000000
-15965903.346676,1504973.863385,86943184.152009,58.046802,-2.072042,0.712344,0.970794,0.854388,0.000525,0.778686,0.800865,0.704530,0.155630,0.309370,0.316703,0.749373,0.390649,0.319489,0.167113,0.226393,0.780763,0.374213,0.990387,0.304840,0.701451,0.211708,0.469387,0.552059,0.277921,0.162323,0.698492,0.990766,0.734696,0.524054,0.466045,0.425712,0.218872,11.713890,15.562667,0.546348,0.232275,0.736620,0.810781,0.656173,0.709581,0.906424,0.948206,0.874072,0.500877,0.037078,21.953198,0.002271,0.007125,9.343887,0.004574,0.004547,0.000442,0.002407,15965903.346676,0.000000
-20959996.908394,1701193.373032,111235906.054853,68.728835,-1.846793,0.906931,0.972261,0.899136,0.060051,0.191108,0.588298,0.351025,0.237737,0.190727,0.393560,0.827570,0.467909,0.928376,0.383868,0.468480,0.572708,0.606530,0.983382,0.041446,0.312698,0.250990,0.070504,0.396702,0.298897,0.439315,0.636269,0.933007,0.953018,0.285454,0.458433,0.163336,0.238807,13.926620,7.603711,0.169913,0.142798,0.665169,0.751167,0.570903,0.571648,0.730918,0.891890,0.842258,0.337759,0.053393,11.271165,0.005249,0.004016,9.448149,0.004589,0.004595,0.000618,0.002231,20959996.908394,0.000000
-12700264.879828,1244031.073155,62660466.772282,65.024619,-0.771692,0.742724,0.988470,0.284065,0.000163,0.806744,0.723619,0.605606,0.343977,0.335482,0.820373,0.563797,0.418307,0.788093,0.752180,0.211531,0.772431,0.334073,0.734226,0.339879,0.140782,0.236026,0.981550,0.374985,0.425406,0.024107,0.563251,0.991495,0.749787,0.268748,0.283357,0.159360,0.226142,9.421299,19.296088,0.121241,0.132897,0.706205,0.771424,0.625601,0.681600,0.819922,0.898806,0.537770,0.394637,0.423234,14.975381,0.008133,0.006679,2.910860,0.004808,0.004819,0.000932,0.001917,12700264.879828,0.000000
-6439845.933325,1256399.359547,56241192.150019,54.733130,-1.977951,0.742575,0.786562,0.282255,0.064914,0.780463,0.756333,0.663278,0.744947,0.213286,0.377396,0.566084,0.414593,0.340631,0.871854,0.241784,0.748077,0.773457,0.979933,0.338938,0.480200,0.108540,0.149964,0.204562,0.299687,0.009631,0.860006,0.962629,0.882067,0.598743,0.464925,0.161103,0.252293,11.727298,20.402250,0.119377,0.236481,0.808423,0.822079,0.719363,0.730886,0.919274,0.953575,0.861648,0.485510,0.052378,25.266870,0.009983,0.006723,2.791353,0.004490,0.004512,0.000740,0.002109,6439845.933325,0.000000
-7563634.456490,1482163.581137,52809050.918414,34.323246,-1.549127,0.911026,0.856377,0.869420,0.063762,0.144595,0.728837,0.972457,0.346440,0.600996,0.394103,0.479908,0.414758,0.268552,0.402648,0.423503,0.777553,0.569831,0.998020,0.453967,0.022936,0.250853,0.004856,0.310311,0.024374,0.024733,0.606957,0.935280,0.750810,0.437183,0.409050,0.150578,0.216747,14.299925,19.998056,0.735125,0.216102,0.770424,0.774152,0.638731,0.675287,0.831191,0.866398,0.787567,0.466166,0.167116,45.676754,0.001786,0.011339,7.013185,0.004364,0.004374,0.000767,0.002082,7563634.456490,0.000000
-9121329.728939,1478170.892526,56949782.191819,37.812376,-0.543308,0.686050,0.763327,0.851733,0.059002,0.766318,0.937095,0.664839,0.345670,0.308584,0.773747,0.814261,0.449270,0.923173,0.153871,0.266039,0.787790,0.616238,0.428600,0.758865,0.915808,0.468380,0.025073,0.394704,0.076756,0.003448,0.641603,0.852602,0.981807,0.611907,0.308152,0.260490,0.222337,13.935443,20.634482,0.477200,0.225586,0.698572,0.721989,0.606574,0.626418,0.851445,0.870993,0.419176,0.456316,0.444670,42.187624,0.002693,0.009182,10.172799,0.004643,0.004656,0.000724,0.002125,9121329.728939,0.000000
-17035027.713774,1582297.403069,76355614.275167,59.431522,-0.280144,0.684493,0.964196,0.697753,0.007727,0.851350,0.721094,0.739857,0.371423,0.318362,0.837792,0.596274,0.339132,0.260692,0.372552,0.214744,0.783236,0.277757,0.975863,0.308048,0.296805,0.103771,0.022760,0.309636,0.147017,0.634612,0.650248,0.860593,0.737779,0.453490,0.274989,0.162272,0.104017,13.959913,1.674905,0.236678,0.114680,0.603350,0.657842,0.447016,0.458001,0.566926,0.615842,0.244325,0.478007,0.596103,20.568478,0.001377,0.006346,9.839186,0.004113,0.004135,0.000183,0.002666,17035027.713774,0.000000
-10344667.761784,1308744.935169,62009481.924746,43.225788,-0.331599,0.788541,0.761193,0.686927,0.065962,0.852003,0.788142,0.739857,0.347516,0.314711,0.796589,0.595326,0.474422,0.251727,0.177194,0.218118,0.787746,0.590999,0.091566,0.582527,0.769833,0.110024,0.022711,0.308052,0.147017,0.009486,0.506356,0.860593,0.925700,0.453490,0.280657,0.162658,0.199603,14.042479,20.453956,0.823789,0.198422,0.660474,0.706803,0.579244,0.618201,0.803600,0.848059,0.282225,0.412488,0.568960,36.774212,0.002284,0.001390,7.450871,0.004548,0.004568,0.000889,0.001960,10344667.761784,0.000000
-5357775.458234,1262927.549732,54789964.866120,59.088266,-1.773686,0.683015,0.973994,0.323318,0.078725,0.583060,0.693642,0.736834,0.585811,0.659378,0.386410,0.571676,0.312468,0.765613,0.188566,0.315189,0.765704,0.572388,0.993813,0.429952,0.281642,0.235795,0.130420,0.911961,0.351129,0.023729,0.642590,0.941803,0.753836,0.668116,0.441526,0.258973,0.106087,11.883848,20.019853,0.207594,0.208660,0.799730,0.810756,0.661312,0.668791,0.813697,0.824726,0.830294,0.525833,0.093227,20.911734,0.003364,0.011609,5.659478,0.004736,0.004732,0.000901,0.001948,5357775.458234,0.000000
-5347323.080010,1423288.614718,62350709.428887,33.612452,-1.973803,0.697831,0.856043,0.868045,0.076131,0.192076,0.761219,0.012318,0.475602,0.314232,0.809941,0.474514,0.413018,0.331704,0.172344,0.422060,0.585454,0.318152,0.041393,0.293312,0.751113,0.251258,0.797332,0.286828,0.011405,0.031368,0.694074,0.968441,0.742530,0.456132,0.461089,0.262932,0.104348,9.589249,19.089136,1.096152,0.298225,0.756341,0.799306,0.583068,0.617004,0.769782,0.836280,0.861072,0.477352,0.062649,46.387548,0.002922,0.000292,7.731369,0.004532,0.004540,0.000759,0.002090,5347323.080010,0.000000
-6644871.199485,1607603.678753,51253467.045389,32.605897,-1.968708,0.914147,0.969815,0.833399,0.096047,0.777641,0.330131,0.980244,0.345782,0.341343,0.380289,0.664865,0.678493,0.770827,0.207601,0.899379,0.777207,0.574733,0.459449,0.435487,0.806461,0.109863,0.006492,0.381856,0.004955,0.012130,0.192098,0.957562,0.747942,0.621457,0.466072,0.333578,0.218074,14.498799,20.374138,0.919166,0.244230,0.815891,0.803023,0.691926,0.703424,0.930747,0.937351,0.860363,0.517801,0.047969,47.394103,0.003579,0.012517,6.379867,0.004871,0.004875,0.000979,0.001870,6644871.199485,0.000000
-8312150.835055,1459425.947942,65962495.868991,38.473894,-1.968750,0.683563,0.978736,0.832349,0.006847,0.188467,0.773347,0.343624,0.513126,0.309656,0.774856,0.827798,0.389102,0.295469,0.264397,0.391496,0.783871,0.571185,0.436190,0.297377,0.296428,0.457171,0.404847,0.274591,0.077577,0.026375,0.671170,0.957622,0.958209,0.691942,0.466047,0.164440,0.237997,12.078435,19.634825,1.226961,0.263195,0.779501,0.845552,0.690240,0.748056,0.873349,0.955010,0.860369,0.495614,0.048046,41.526106,0.002409,0.014707,11.317926,0.004987,0.004969,0.000807,0.002042,8312150.835055,0.000000
-10177370.186171,1395354.100663,61562243.927842,41.751054,-1.659523,0.684492,0.761193,0.702239,0.071115,0.852003,0.790119,0.669585,0.345716,0.320090,0.796589,0.568908,0.670358,0.267325,0.371910,0.215496,0.789612,0.591135,0.064411,0.144232,0.510099,0.256656,0.142797,0.320240,0.122266,0.023891,0.649000,0.860593,0.738248,0.326599,0.466236,0.440097,0.107370,13.412381,19.915202,0.795911,0.287196,0.764014,0.792992,0.574815,0.597281,0.819121,0.857558,0.809770,0.423390,0.007802,38.248946,0.002790,0.000220,6.428727,0.004384,0.004404,0.000707,0.002142,10177370.186171,0.000000
-11082689.578439,1374662.338684,64363088.613099,44.164383,-0.689658,0.794180,0.769045,0.692765,0.078529,0.707923,0.972415,0.738224,0.337759,0.400214,0.831223,0.595037,0.477388,0.768803,0.177433,0.227160,0.577269,0.594198,0.372870,0.578297,0.294992,0.235723,0.022282,0.952669,0.148050,0.042644,0.696122,0.973546,0.962858,0.455875,0.280428,0.158331,0.250213,13.841260,19.467357,0.478009,0.202653,0.676247,0.717487,0.597393,0.632119,0.812912,0.852278,0.498252,0.401607,0.441819,35.835617,0.003027,0.004641,11.418466,0.004486,0.004498,0.000845,0.002004,11082689.578439,0.000000
-8148687.763743,1446286.406048,56489061.721952,34.689332,-0.675632,0.690555,0.771734,0.890634,0.043473,0.224230,0.756141,0.671150,0.474521,0.213966,0.386299,0.459674,0.410042,0.300328,0.750127,0.232687,0.777739,0.610402,0.951213,0.303173,0.034540,0.229838,0.202027,0.393438,0.027042,0.030956,0.652253,0.949358,0.919464,0.247563,0.287353,0.150578,0.250979,12.963583,19.633021,0.585155,0.211730,0.706826,0.748778,0.620832,0.656128,0.841387,0.883286,0.491165,0.332530,0.291929,45.310668,0.001694,0.007349,5.652614,0.004135,0.004146,0.000452,0.002397,8148687.763743,0.000000
-20102261.318669,1671892.606075,90409560.989981,68.179725,-1.216190,0.792402,0.984783,0.700982,0.147574,0.192632,0.731289,0.408743,0.347574,0.226692,0.344442,0.753515,0.469962,0.907766,0.159041,0.464965,0.788731,0.600380,0.985072,0.264630,0.304713,0.234897,0.066107,0.312230,0.293099,0.439315,0.644915,0.857391,0.741660,0.462009,0.396517,0.442485,0.192408,13.456710,7.583795,0.177163,0.162068,0.658167,0.778889,0.574803,0.621107,0.839420,0.896304,0.703643,0.480197,0.004945,11.820275,0.001677,0.016015,11.627446,0.004627,0.004635,0.000583,0.002266,20102261.318669,0.000000
-3898535.743223,1282407.486178,45184991.695048,41.574892,-1.228706,0.742932,0.769003,0.282908,0.070972,0.800894,0.722794,0.930333,0.744154,0.598397,0.832208,0.568714,0.414868,0.300300,0.365225,0.244239,0.591529,0.590180,0.995253,0.340949,0.496231,0.098600,0.148376,0.965083,0.124603,0.009661,0.612392,0.861386,0.959363,0.457354,0.396439,0.162511,0.252328,12.624081,20.333789,0.369371,0.235960,0.797043,0.752523,0.701677,0.665122,0.892620,0.891186,0.707329,0.403285,0.164816,38.425108,0.010379,0.006017,2.487612,0.004528,0.004550,0.000761,0.002088,3898535.743223,0.000000
-11848487.625251,1556165.194996,75861453.531289,38.966509,-1.876185,0.933128,0.850098,0.863107,0.664397,0.792600,0.949148,0.801929,0.523855,0.320782,0.840881,0.752253,0.389733,0.251667,0.822773,0.389264,0.783871,0.579092,0.435363,0.141721,0.296428,0.119688,0.233570,0.307960,0.076562,0.052953,0.643417,0.928176,0.958164,0.713850,0.466106,0.158165,0.215340,12.954174,19.004463,0.492693,0.229113,0.749854,0.790316,0.658943,0.699616,0.824416,0.906535,0.846827,0.504219,0.035825,41.033491,0.000587,0.001996,14.249602,0.004483,0.004498,0.000882,0.001967,11848487.625251,0.000000
-15044286.534474,1687599.338972,98869225.518842,45.590253,-1.797562,0.959750,0.971199,0.837477,0.672276,0.709478,0.822996,0.443786,0.233994,0.400827,0.097385,0.741749,0.406335,0.769605,0.386769,0.858276,0.715830,0.575404,0.979660,0.317754,0.014849,0.233914,0.585105,0.277886,0.124032,0.168812,0.694901,0.928973,0.969477,0.621621,0.452262,0.159460,0.218690,11.319656,15.262309,0.352518,0.203509,0.682254,0.804834,0.607574,0.670852,0.791204,0.912215,0.834298,0.464228,0.064565,34.409747,0.001476,0.009904,12.825714,0.004526,0.004531,0.000739,0.002110,15044286.534474,0.000000
-9458697.816443,1622721.522863,60599024.082524,38.329651,-1.904475,0.914147,0.758897,0.833399,0.054730,0.777641,0.954788,0.980244,0.287008,0.341343,0.380289,0.664865,0.678493,0.895676,0.207601,0.430018,0.777473,0.597009,0.435700,0.435487,0.825470,0.109863,0.585771,0.380225,0.026083,0.208864,0.191064,0.937587,0.745928,0.644835,0.465843,0.331871,0.199881,11.370779,13.955067,0.395201,0.224750,0.787493,0.770647,0.680654,0.681764,0.916299,0.923387,0.851099,0.524251,0.040220,41.670349,0.004682,0.011386,11.314069,0.004166,0.004185,0.000695,0.002154,9458697.816443,0.000000
-7963945.802304,1404312.635446,56477264.548026,34.303615,-0.486480,0.690622,0.855962,0.829790,0.064949,0.848438,0.745399,0.666756,0.481119,0.217641,0.832786,0.454429,0.457278,0.192113,0.177375,0.384310,0.477416,0.570414,0.416209,0.293756,0.457957,0.122235,0.141342,0.296773,0.022461,0.029682,0.854352,0.828235,0.954614,0.456082,0.310964,0.147655,0.214781,13.630451,19.713216,0.862049,0.224599,0.697360,0.722868,0.607827,0.629398,0.852363,0.873504,0.385213,0.404283,0.419211,45.696385,0.000959,0.011152,6.115990,0.004243,0.004258,0.000666,0.002183,7963945.802304,0.000000
-9785384.896986,1313909.844446,63242349.267697,41.752355,-0.253317,0.793619,0.774012,0.699157,0.126482,0.654282,0.932687,0.426408,0.344543,0.228303,0.086455,0.756372,0.289078,0.282193,0.160005,0.220137,0.787836,0.329978,0.423046,0.288629,0.013322,0.463742,0.478718,0.307765,0.121284,0.023946,0.772329,0.852407,0.741345,0.661620,0.274979,0.162272,0.103383,11.297711,19.630968,0.752129,0.197150,0.646823,0.742899,0.567056,0.647441,0.778978,0.824286,0.223778,0.554576,0.590823,38.247645,0.001699,0.006118,9.346454,0.004669,0.004684,0.000672,0.002177,9785384.896986,0.000000
-15702125.015838,1248870.390353,73774704.743939,68.259426,-1.950150,0.796505,0.855304,0.493970,0.002356,0.578591,0.731595,0.439539,0.325662,0.313910,0.368816,0.689875,0.419504,0.782166,0.175129,0.393591,0.574855,0.333976,0.138026,0.326403,0.160571,0.230592,0.457872,0.399633,0.478070,0.009808,0.656203,0.996147,0.943761,0.246878,0.442637,0.157935,0.104032,10.899307,20.183860,0.535669,0.196458,0.742140,0.755602,0.537057,0.544969,0.742785,0.794879,0.857747,0.325242,0.114164,11.740574,0.005189,0.003966,8.287002,0.004955,0.004953,0.000947,0.001902,15702125.015838,0.000000
-11418770.907891,1491737.552246,71207497.695028,39.044840,-1.894083,0.656310,0.853126,0.863107,0.664397,0.366217,0.944943,0.921651,0.523780,0.320782,0.809263,0.833794,0.389102,0.254296,0.264811,0.389139,0.803547,0.579092,0.435363,0.141721,0.298259,0.462575,0.233570,0.274591,0.077577,0.052953,0.444865,0.933822,0.958144,0.712695,0.466106,0.158165,0.221838,12.843018,18.987903,0.642298,0.224004,0.724868,0.774832,0.622305,0.671962,0.761079,0.825918,0.849544,0.503773,0.038145,40.955160,0.000745,0.002004,10.899211,0.004620,0.004634,0.000560,0.002289,11418770.907891,0.000000
-17631048.243824,1829331.084727,76376934.665928,49.060305,-1.317847,0.744549,0.978928,0.844029,0.167638,0.780321,0.762490,0.669217,0.486902,0.178958,0.783061,0.752907,0.413901,0.251300,0.361423,0.247804,0.753959,0.766274,0.997368,0.267419,0.662480,0.200192,0.143469,0.315099,0.042035,0.655638,0.697808,0.836378,0.881903,0.634873,0.422794,0.265490,0.238455,14.351470,0.904196,0.282397,0.179132,0.711325,0.747761,0.617219,0.647650,0.887040,0.911763,0.732289,0.500169,0.089033,30.939695,0.001031,0.006156,11.378180,0.004124,0.004145,0.000139,0.002710,17631048.243824,0.000000
-21660081.787029,1602985.677900,118019958.466886,75.650583,-1.019510,0.848501,0.974543,0.724412,0.077391,0.156530,0.786577,0.402839,0.157999,0.209869,0.779472,0.757945,0.388676,0.291509,0.262257,0.424324,0.783351,0.771907,0.041840,0.430684,0.505989,0.222309,0.830195,0.096646,0.322790,0.575926,0.974702,0.985445,0.742625,0.998825,0.314579,0.261608,0.248832,9.107149,2.847481,0.320514,0.136366,0.522478,0.754850,0.465524,0.659097,0.651586,0.894389,0.639228,0.505812,0.496498,4.349417,0.002478,0.000721,11.391580,0.004500,0.004504,0.000672,0.002177,21660081.787029,0.000000
-19415150.988199,1735296.719134,132957471.183955,51.784741,-1.697838,0.792283,0.982247,0.856169,0.059082,0.754472,0.775298,0.191921,0.234791,0.313194,0.367862,0.755961,0.363010,0.263574,0.367222,0.269391,0.459115,0.583085,0.974186,0.307353,0.337067,0.211660,0.014201,0.086619,0.076595,0.618187,0.694200,0.954948,0.964141,0.276754,0.422588,0.298619,0.110403,14.623985,2.128966,0.287563,0.222070,0.563104,0.651317,0.394104,0.405483,0.552184,0.677437,0.816921,0.331146,0.142689,28.215259,0.000976,0.004404,10.654668,0.004132,0.004097,0.000047,0.002802,19415150.988199,0.000000
-8184860.802996,1422376.351169,60919749.966350,68.474211,-2.083247,0.738806,0.964781,0.725883,0.044060,0.366040,0.707134,0.666923,0.572897,0.557746,0.380009,0.740800,0.675817,0.307500,0.266352,0.165407,0.760655,0.687659,0.875039,0.332034,0.464706,0.237813,0.408105,0.307351,0.410184,0.151235,0.641008,0.996988,0.736715,0.960264,0.464657,0.329587,0.225083,12.030091,16.004650,0.531773,0.180850,0.804671,0.817722,0.713323,0.724361,0.946033,0.952403,0.875475,0.499492,0.067083,11.525789,0.004197,0.004090,9.799620,0.004772,0.004745,0.000614,0.002235,8184860.802996,0.000000
-5940732.469086,1308628.879125,51429976.423030,41.619765,-1.973324,0.682476,0.990282,0.402162,0.078647,0.151307,0.156860,0.467785,0.295830,0.657804,0.306759,0.585955,0.392956,0.781344,0.175377,0.467237,0.580227,0.591601,0.101464,0.548387,0.336351,0.251974,0.938431,0.715800,0.118828,0.022020,0.559240,0.959044,0.983760,0.192004,0.466067,0.166598,0.238105,8.728834,19.286173,0.519966,0.279367,0.811712,0.863098,0.676363,0.694337,0.884540,0.952662,0.861006,0.292684,0.048589,38.380235,0.002964,0.004850,3.891613,0.004719,0.004716,0.000924,0.001925,5940732.469086,0.000000
-18635955.385627,1708167.365477,80135021.167710,51.785663,-0.551621,0.686559,0.963876,0.852655,0.058813,0.765665,0.937095,0.664839,0.344011,0.313081,0.773747,0.815211,0.450028,0.285667,0.392726,0.265287,0.832985,0.609373,0.073553,0.758865,0.473397,0.468380,0.018564,0.396288,0.076756,0.617463,0.641496,0.856199,0.978284,0.611907,0.307738,0.260490,0.250145,15.022533,2.158710,0.374899,0.170976,0.613937,0.660525,0.527653,0.566795,0.767509,0.814828,0.423984,0.457489,0.448457,28.214337,0.001631,0.000601,11.059471,0.004142,0.004114,0.000073,0.002776,18635955.385627,0.000000
-4827748.511924,1400216.808601,37775467.966693,34.254824,-1.940061,0.743489,0.681588,0.406493,0.019767,0.311746,0.690291,0.667849,0.399966,0.337992,0.840825,0.447560,0.460907,0.885346,0.360149,0.213082,0.590969,0.621202,0.703080,0.341374,0.422300,0.119189,0.176583,0.424041,0.024532,0.019258,0.571739,0.946177,0.930782,0.746199,0.467309,0.299342,0.247674,12.697877,19.952079,0.400227,0.314352,0.845532,0.828408,0.747095,0.733200,0.965625,0.958124,0.856305,0.526851,0.040808,45.745176,0.011622,0.004898,2.144365,0.004353,0.004367,0.000809,0.002040,4827748.511924,0.000000
-7474958.211572,1365163.717017,54692875.974196,41.292425,-1.213565,0.902917,0.969244,0.489516,0.001550,0.572948,0.723105,0.436960,0.493375,0.323133,0.809453,0.826077,0.411250,0.920027,0.175245,0.226011,0.574855,0.595899,0.380839,0.111941,0.172015,0.231393,0.457697,0.712945,0.121432,0.005111,0.643967,0.857219,0.941375,0.286719,0.396208,0.158371,0.104224,11.724515,20.223375,0.897049,0.234914,0.706819,0.734720,0.497061,0.518967,0.710356,0.761945,0.702864,0.341648,0.163437,38.707575,0.005230,0.003860,9.663202,0.005048,0.005043,0.001097,0.001752,7474958.211572,0.000000
-14336314.005488,1302423.036648,68732813.783202,65.024619,-0.982306,0.790652,0.986734,0.372324,0.004257,0.806038,0.723621,0.441018,0.336452,0.355025,0.102044,0.564405,0.420842,0.736700,0.153947,0.312229,0.777170,0.334073,0.992118,0.292577,0.140782,0.235984,0.981550,0.686576,0.425406,0.024107,0.567017,0.991392,0.943976,0.268748,0.307831,0.326488,0.226670,8.706565,19.298377,0.416431,0.196130,0.695766,0.789654,0.616582,0.695039,0.842544,0.918274,0.625553,0.333803,0.420540,14.975381,0.004085,0.009704,6.716385,0.005056,0.005057,0.000910,0.001939,14336314.005488,0.000000
-18784954.041773,1734225.526362,130286674.883681,51.464678,-1.659759,0.794423,0.973744,0.840504,0.059082,0.762372,0.744335,0.188680,0.243202,0.313022,0.386790,0.756533,0.480850,0.280127,0.366997,0.263081,0.461493,0.301921,0.966415,0.301774,0.502736,0.229771,0.796814,0.920025,0.075214,0.603319,0.979859,0.929560,0.737539,0.990858,0.429296,0.262560,0.110376,10.961399,1.930064,0.288167,0.209807,0.566883,0.786030,0.507886,0.663675,0.696093,0.778557,0.809815,0.523866,0.115556,28.535322,0.001709,0.004694,10.381739,0.004188,0.004155,0.000094,0.002755,18784954.041773,0.000000
-11257103.333478,1601961.512611,74679933.234992,38.301579,-2.004423,0.682772,0.978440,0.839433,0.666057,0.785105,0.726799,0.669433,0.513126,0.322161,0.810997,0.825197,0.390574,0.774300,0.362746,0.391974,0.783871,0.576084,0.993661,0.299035,0.303214,0.462761,0.800571,0.310430,0.079305,0.009560,0.671170,0.968243,0.956083,0.355726,0.466466,0.164440,0.255652,9.627527,19.864037,0.507653,0.230108,0.761936,0.809874,0.644461,0.652251,0.862908,0.933582,0.865262,0.364443,0.051560,41.698421,0.001327,0.009397,11.052311,0.004800,0.004781,0.000644,0.002205,11257103.333478,0.000000
-10807033.614737,1373423.618831,64229845.624501,43.367537,-1.605032,0.949816,0.781248,0.730669,0.057628,0.248837,0.783935,0.658995,0.346296,0.202901,0.135337,0.432224,0.313973,0.313740,0.143201,0.397113,0.775241,0.454876,0.412227,0.314757,0.395863,0.224250,0.638056,0.387894,0.126825,0.070270,0.682405,0.943175,0.959967,0.231671,0.413839,0.261224,0.176661,10.364661,18.105193,0.657116,0.276188,0.757580,0.805015,0.623993,0.642077,0.913674,0.931225,0.799117,0.314680,0.158742,36.632463,0.002405,0.009814,5.182933,0.003989,0.004011,0.000571,0.002278,10807033.614737,0.000000
-9361345.112949,1206631.181312,60964989.433264,54.291254,-0.675632,0.690618,0.771635,0.305180,0.060939,0.171635,0.756370,0.671150,0.471609,0.314010,0.384862,0.759977,0.515721,0.291779,0.181675,0.387955,0.465953,0.570325,0.951213,0.884937,0.034540,0.229836,0.202027,0.395484,0.284559,0.030805,0.681070,0.949358,0.954498,0.257018,0.287353,0.152032,0.224578,10.810881,19.679700,0.139037,0.195897,0.692732,0.764591,0.614285,0.674470,0.833858,0.896074,0.491165,0.326166,0.422241,25.708746,0.003544,0.011103,1.504073,0.004407,0.004433,0.000704,0.002145,9361345.112949,0.000000
-10829184.525015,1568658.361233,68928372.934786,39.001407,-0.282553,0.793370,0.975042,0.806657,0.370853,0.757247,0.759646,0.676748,0.518719,0.196513,0.203086,0.759105,0.315614,0.881359,0.153235,0.890885,0.574907,0.626875,0.995510,0.837122,0.311111,0.113625,0.628022,0.909731,0.079383,0.041437,0.043720,0.851631,0.962376,0.245287,0.278468,0.298037,0.215426,11.092962,19.024644,0.531303,0.193733,0.625910,0.717470,0.540133,0.586405,0.765675,0.857268,0.246144,0.319335,0.461471,40.998593,0.000624,0.014819,11.193737,0.004768,0.004752,0.000766,0.002083,10829184.525015,0.000000
-3490902.975553,1257641.202205,51774456.459418,54.032485,-1.977556,0.743834,0.769950,0.282255,0.061715,0.780463,0.728827,0.767756,0.738019,0.598393,0.377354,0.566082,0.414398,0.906665,0.871854,0.241784,0.777110,0.628131,0.982890,0.442365,0.485546,0.107036,0.148558,0.310597,0.290370,0.009631,0.612816,0.962353,0.959930,0.439100,0.465007,0.161103,0.252293,11.938534,20.410948,0.079537,0.220348,0.821254,0.817020,0.712350,0.726695,0.885714,0.914275,0.861593,0.395955,0.052100,25.967515,0.011052,0.007221,5.231045,0.004766,0.004777,0.000907,0.001942,3490902.975553,0.000000
-10300567.637640,1300636.212667,63226027.579407,53.451866,-1.650931,0.742723,0.979495,0.284041,0.063811,0.804972,0.728368,0.667866,0.339621,0.353008,0.796143,0.753484,0.472326,0.884609,0.732964,0.536581,0.591385,0.594282,0.106739,0.258016,0.508282,0.108264,0.142105,0.965410,0.282509,0.010005,0.612395,0.986016,0.960184,0.470202,0.400335,0.160888,0.252470,12.659220,20.378904,0.269264,0.221795,0.766037,0.808243,0.682713,0.717947,0.848460,0.923274,0.808129,0.408059,0.213448,26.548134,0.012018,0.005522,2.404126,0.004740,0.004752,0.000925,0.001924,10300567.637640,0.000000
-16654973.678784,1721051.874591,72693887.599420,51.301724,-1.584104,0.795604,0.972547,0.700982,0.057841,0.203125,0.808586,0.683895,0.347574,0.251594,0.393245,0.831880,0.467507,0.907766,0.353990,0.510451,0.569942,0.600380,0.985709,0.862612,0.719825,0.233709,0.483681,0.305970,0.113483,0.439315,0.644323,0.850746,0.741660,0.285454,0.458811,0.435077,0.238537,12.557357,7.143565,0.269963,0.209078,0.743352,0.782607,0.602045,0.609262,0.912808,0.922712,0.794869,0.404560,0.018330,28.698276,0.007173,0.014362,12.695488,0.004712,0.004718,0.000602,0.002247,16654973.678784,0.000000
-18321251.164308,1871521.196799,81383922.966655,45.418986,-1.776745,0.795810,0.996694,0.913364,0.394939,0.578758,0.722486,0.444916,0.491359,0.324506,0.809453,0.741397,0.416992,0.787555,0.157600,0.235847,0.572752,0.341884,0.431469,0.324674,0.163043,0.214278,0.585855,0.276482,0.007349,0.650392,0.694693,0.996147,0.944710,0.640799,0.414821,0.159478,0.200449,12.396980,0.679558,0.257624,0.177994,0.725358,0.770159,0.616918,0.624474,0.821975,0.874664,0.830812,0.480223,0.180462,34.581014,0.000606,0.004513,11.223364,0.004010,0.004026,0.000135,0.002714,18321251.164308,0.000000
-13907389.457149,1562503.391660,83890215.099279,46.770908,-1.892225,0.960445,0.760264,0.835922,0.067422,0.709478,0.956234,0.443786,0.233873,0.400827,0.097385,0.690227,0.406092,0.894454,0.386769,0.408874,0.716096,0.589249,0.980536,0.111998,0.027516,0.234386,0.162262,0.302065,0.126390,0.212048,0.644904,0.928956,0.967465,0.645060,0.468457,0.159460,0.103352,13.267851,14.258544,0.255215,0.221233,0.715471,0.731347,0.567104,0.577060,0.622700,0.688607,0.849264,0.474063,0.031471,33.229092,0.003826,0.009229,10.800752,0.004166,0.004181,0.000638,0.002211,13907389.457149,0.000000
-12530296.908099,1769447.841946,79625112.775326,38.065756,-1.657035,0.911217,0.975812,0.879320,0.701550,0.765665,0.786039,0.662808,0.343448,0.308762,0.772292,0.760230,0.288495,0.909306,0.249376,0.454980,0.776145,0.625789,0.966767,0.450740,0.907637,0.222578,0.593864,0.389930,0.025786,0.197119,0.188765,0.856759,0.978266,0.612391,0.467973,0.260843,0.120067,11.605490,14.354285,0.385317,0.205500,0.670576,0.686154,0.515653,0.526641,0.634030,0.676766,0.809296,0.457684,0.002870,41.934244,0.000616,0.012356,12.737092,0.004250,0.004230,0.000670,0.002179,12530296.908099,0.000000
-9169495.483673,1677354.216015,69832159.281073,34.237154,-1.663479,0.795175,0.986661,0.936209,0.677239,0.795424,0.785804,0.435341,0.525122,0.353235,0.811300,0.760222,0.397143,0.910816,0.390807,0.320979,0.783850,0.570662,0.983289,0.440093,0.163762,0.108450,0.968878,0.971695,0.025659,0.007141,0.654199,0.967788,0.960184,0.474791,0.410920,0.167989,0.213783,8.991414,19.777888,0.528472,0.222659,0.748391,0.784499,0.623299,0.632488,0.868341,0.901294,0.810521,0.409857,0.177356,45.762846,0.001488,0.009387,12.243291,0.004730,0.004726,0.000743,0.002106,9169495.483673,0.000000
-12491841.258365,1895896.400307,74071363.471440,38.437414,-1.634231,0.955248,0.978238,0.944860,0.677239,0.214628,0.149624,0.934312,0.531283,0.285620,0.775085,0.738881,0.396786,0.918723,0.750342,0.905958,0.777486,0.579954,0.983006,0.453653,0.028394,0.233920,0.942639,0.397215,0.025659,0.212686,0.632371,0.958454,0.958225,0.475406,0.410915,0.332229,0.218325,9.826609,13.608542,0.330912,0.220170,0.735045,0.752334,0.590551,0.597458,0.872362,0.880444,0.804898,0.410720,0.173077,41.562586,0.003345,0.015465,5.878030,0.004440,0.004438,0.000789,0.002060,12491841.258365,0.000000
-5604256.283723,1512449.911912,49393232.965320,32.955269,-1.866264,0.697177,0.971210,0.730257,0.008509,0.210962,0.625157,0.664127,0.336655,0.204856,0.383748,0.828405,0.464639,0.875122,0.143997,0.324508,0.795078,0.599818,0.420945,0.293089,0.301648,0.110858,0.475766,0.396282,0.011159,0.002010,0.681152,0.939082,0.944656,0.642904,0.458476,0.261656,0.101674,11.694331,20.272782,1.040157,0.292575,0.748588,0.776435,0.601407,0.623483,0.735459,0.772990,0.845299,0.481071,0.055837,47.044731,0.003518,0.011814,9.920286,0.004942,0.004920,0.000764,0.002085,5604256.283723,0.000000
-4944106.876602,1486222.282410,51355880.869894,32.519236,-1.887395,0.661300,0.976025,0.324423,0.729911,0.796985,0.151420,0.404224,0.345745,0.401591,0.681399,0.566038,0.674138,0.292505,0.226267,0.323888,0.787310,0.770033,0.371190,0.437735,0.412634,0.256395,0.150664,0.548992,0.004518,0.008080,0.695598,0.930492,0.955739,0.634907,0.466775,0.333611,0.257332,12.771723,20.321649,0.463816,0.318058,0.807140,0.849210,0.712866,0.747834,0.948260,0.967144,0.848534,0.474101,0.035442,47.480764,0.000487,0.009883,3.781763,0.003905,0.003941,0.000449,0.002400,4944106.876602,0.000000
-8732637.477081,1263412.518804,56790515.640042,63.110367,-2.009853,0.743481,0.973721,0.308612,0.070957,0.799119,0.945494,0.737909,0.337936,0.661871,0.798289,0.575329,0.309962,0.756881,0.364957,0.138876,0.592385,0.594313,0.997225,0.340921,0.713238,0.111789,0.948349,0.911321,0.408139,0.008496,0.612296,0.968120,0.975615,0.668127,0.467473,0.164679,0.252510,9.896694,19.795258,0.194863,0.206077,0.814789,0.808134,0.711404,0.719973,0.883135,0.910321,0.865992,0.480272,0.049473,16.889633,0.004791,0.002841,4.880191,0.004828,0.004828,0.000941,0.001908,8732637.477081,0.000000
-16447674.753692,1248150.026429,90911707.361858,70.372048,-1.950150,0.796505,0.855304,0.493970,0.002356,0.578591,0.723619,0.439579,0.065930,0.315897,0.089727,0.689875,0.416749,0.543680,0.175245,0.222534,0.574855,0.333957,0.138026,0.288286,0.160571,0.231070,0.457872,0.399633,0.478070,0.061544,0.778262,0.996147,0.943761,0.692095,0.442637,0.157935,0.103397,10.816750,18.603177,0.576193,0.216058,0.721375,0.837335,0.649342,0.699562,0.781684,0.841493,0.857747,0.500777,0.114164,9.627952,0.004950,0.004042,7.328360,0.004921,0.004921,0.000776,0.002073,16447674.753692,0.000000
-15806581.000908,1245369.247436,89024886.234424,68.829724,-1.950150,0.796505,0.855304,0.493970,0.002356,0.578591,0.723619,0.439579,0.065930,0.315897,0.089727,0.689875,0.416749,0.782166,0.175245,0.222534,0.574855,0.333957,0.138026,0.288286,0.160571,0.231070,0.457872,0.399633,0.478070,0.023774,0.778262,0.996147,0.943761,0.675168,0.442637,0.157935,0.103397,10.945931,19.740109,0.520949,0.218927,0.725373,0.835527,0.652830,0.697025,0.783258,0.841290,0.857747,0.494103,0.114164,11.170276,0.004979,0.004069,7.947691,0.004935,0.004933,0.000805,0.002044,15806581.000908,0.000000
-12825352.710879,1198757.103587,63052325.157144,65.223506,-0.067742,0.697006,0.756255,0.284255,0.000163,0.806744,0.721871,0.605606,0.334717,0.286980,0.814858,0.563803,0.418307,0.248815,0.752213,0.211531,0.772431,0.333881,0.704356,0.292577,0.140630,0.236026,0.981550,0.374985,0.428018,0.024107,0.508226,0.856666,0.749787,0.277179,0.439486,0.159257,0.226669,8.893171,19.274124,0.086443,0.165404,0.730382,0.831002,0.624113,0.719066,0.804249,0.919755,0.771247,0.398236,0.060882,14.776494,0.006124,0.007376,0.067742,0.004419,0.004445,0.000699,0.002150,12825352.710879,0.000000
-15587193.701326,1393896.698311,77511444.478186,54.707737,-0.793735,0.792222,0.986891,0.874544,0.145832,0.196083,0.940783,0.357661,0.355207,0.334582,0.243156,0.598452,0.474283,0.790375,0.754074,0.223544,0.789920,0.317392,0.213775,0.430595,0.509077,0.219062,0.001773,0.397403,0.300677,0.007917,0.696495,0.986902,0.960243,0.268965,0.287445,0.163336,0.200767,14.034015,20.612776,0.646112,0.166355,0.651780,0.772923,0.578359,0.623956,0.789795,0.901162,0.547847,0.329212,0.565935,25.292263,0.005742,0.002790,11.148215,0.004862,0.004863,0.000715,0.002134,15587193.701326,0.000000
-19058659.932307,1455844.162610,98618079.328853,63.998355,-0.914966,0.794806,0.977323,0.732967,0.070151,0.372924,0.761771,0.347139,0.157187,0.313354,0.802770,0.756565,0.478603,0.271907,0.752264,0.536998,0.329137,0.571019,0.071122,0.755542,0.470286,0.490711,0.828382,0.931063,0.300246,0.284541,0.679526,0.970393,0.960190,0.292668,0.307583,0.256363,0.259514,9.650097,11.574715,0.407126,0.179542,0.583311,0.772225,0.519053,0.676549,0.724519,0.906301,0.599470,0.338512,0.287408,16.001645,0.002049,0.000919,11.558660,0.004785,0.004793,0.000766,0.002083,19058659.932307,0.000000
-11690255.502719,1450020.630003,79083700.143185,40.090209,-1.637772,0.682800,0.765186,0.830087,0.666057,0.173678,0.745284,0.648381,0.513126,0.321984,0.810250,0.821561,0.390574,0.289862,0.254724,0.392301,0.783871,0.305555,0.436190,0.302210,0.296428,0.080950,0.805593,0.267828,0.099122,0.021892,0.671170,0.853935,0.956083,0.652966,0.466234,0.169806,0.098264,9.797887,19.465078,0.512962,0.239547,0.727190,0.763309,0.596434,0.611246,0.654909,0.725160,0.805587,0.481069,0.005071,39.909791,0.000691,0.006216,8.028420,0.004495,0.004510,0.000638,0.002211,11690255.502719,0.000000
-10160651.043262,1531994.693984,81049702.132243,37.751162,-2.078631,0.729887,0.974542,0.900721,0.673053,0.813411,0.750640,0.442157,0.597767,0.419452,0.677884,0.550196,0.479050,0.299652,0.356571,0.454572,0.582611,0.323228,0.566614,0.293409,0.774603,0.235063,0.149659,0.306587,0.076050,0.001966,0.691164,0.993252,0.944498,0.668204,0.465853,0.331982,0.117936,13.242455,20.615700,0.663282,0.282877,0.743404,0.786198,0.631056,0.643244,0.786047,0.823862,0.874899,0.491098,0.063084,42.248838,0.001265,0.006538,9.573295,0.004507,0.004514,0.000654,0.002195,10160651.043262,0.000000
-9450599.911935,1430422.547257,60338923.782583,38.328118,-1.396435,0.689418,0.762748,0.837408,0.058279,0.142155,0.757683,0.691494,0.473195,0.335230,0.148574,0.592943,0.423454,0.283345,0.730204,0.454451,0.780500,0.572328,0.974759,0.309771,0.298132,0.123819,0.152042,0.280466,0.076812,0.024788,0.610459,0.828121,0.958878,0.456706,0.439864,0.150639,0.214477,13.496030,19.888621,0.567667,0.232151,0.764761,0.803189,0.673358,0.698884,0.826116,0.909692,0.752522,0.403183,0.047712,41.671882,0.001733,0.019295,6.466757,0.004442,0.004451,0.000508,0.002341,9450599.911935,0.000000
-11567768.045903,1437266.385785,62446806.317455,46.354268,-1.459391,0.738458,0.760264,0.839725,0.058932,0.808826,0.862538,0.929026,0.512544,0.400827,0.898228,0.741749,0.298179,0.270023,0.191507,0.408986,0.716269,0.371697,0.435653,0.340771,0.032085,0.233914,0.580767,0.286363,0.121305,0.208786,0.611914,0.928908,0.967445,0.644999,0.398470,0.159430,0.116513,11.046729,14.016881,0.465219,0.204764,0.761689,0.744674,0.614672,0.627978,0.766280,0.785897,0.767622,0.474046,0.191478,33.645732,0.001115,0.008787,9.328778,0.004236,0.004258,0.000661,0.002188,11567768.045903,0.000000
-5959173.228003,1262124.029304,46396512.088750,41.550031,-0.311996,0.964225,0.769003,0.280064,0.071184,0.779831,0.722794,0.445560,0.337759,0.599749,0.084016,0.568714,0.414868,0.363801,0.365225,0.244239,0.591529,0.594286,0.405716,0.426817,0.496231,0.098600,0.159796,0.954538,0.124603,0.008561,0.695377,0.861386,0.960452,0.457354,0.278201,0.162511,0.252314,12.724715,20.322347,0.409471,0.221560,0.722990,0.737140,0.631761,0.643945,0.862702,0.874151,0.268016,0.402942,0.432918,38.449969,0.002810,0.003929,0.478789,0.004501,0.004524,0.000764,0.002085,5959173.228003,0.000000
-4157483.089294,1401584.076973,39862124.374744,32.944324,-1.920343,0.743185,0.974919,0.283977,0.070957,0.805069,0.621830,0.667867,0.337726,0.350993,0.816096,0.567399,0.414777,0.890581,0.145459,0.246912,0.591385,0.594132,0.407457,0.340964,0.316029,0.111623,0.493130,0.401562,0.008968,0.009633,0.613490,0.939074,0.960184,0.453211,0.467777,0.164286,0.222910,11.348704,19.987853,0.599265,0.288807,0.833399,0.827745,0.707903,0.728928,0.902573,0.923995,0.853443,0.401403,0.036964,47.055676,0.002257,0.006065,2.917385,0.004738,0.004751,0.000909,0.001940,4157483.089294,0.000000
-5718777.270687,1473901.000427,41318182.497014,33.616235,-0.530859,0.933576,0.960414,0.285440,0.369113,0.798364,0.962175,0.797257,0.514488,0.210175,0.198884,0.754596,0.298349,0.282660,0.827570,0.395011,0.801259,0.768014,0.962198,0.297850,0.513713,0.231153,0.018882,0.309222,0.010653,0.041428,0.641987,0.937422,0.962163,0.282684,0.275428,0.258621,0.215272,12.878262,19.439478,0.213210,0.240319,0.751621,0.677191,0.635934,0.592062,0.883203,0.812584,0.411901,0.334034,0.492068,46.383765,0.003612,0.009739,0.894297,0.003547,0.003600,0.000204,0.002645,5718777.270687,0.000000
-10377189.706221,1231518.931617,61462811.718087,54.511566,-1.212716,0.686054,0.763614,0.372069,0.010007,0.149374,0.950840,0.354682,0.349302,0.316645,0.305498,0.586053,0.410972,0.880942,0.177687,0.214712,0.789951,0.585357,0.416192,0.773295,0.508556,0.219556,0.022711,0.401226,0.297966,0.007950,0.695547,0.857561,0.737381,0.233330,0.395914,0.261656,0.104221,12.415192,20.510942,0.224663,0.227740,0.746352,0.799674,0.570261,0.588601,0.816325,0.858660,0.702612,0.383667,0.164361,25.488434,0.004991,0.007206,2.264610,0.004653,0.004652,0.000879,0.001970,10377189.706221,0.000000
-3801047.583641,1487702.249333,55764580.795576,33.047506,-2.086021,0.794210,0.970679,0.367714,0.677393,0.774832,0.722777,0.091830,0.862092,0.344826,0.858358,0.687866,0.476292,0.331634,0.172148,0.880547,0.585666,0.310017,0.981025,0.025795,0.725171,0.245508,0.797332,0.303418,0.011640,0.001966,0.694074,0.994772,0.741228,0.676737,0.466318,0.296248,0.103964,9.468160,20.010861,0.537500,0.285545,0.762546,0.790357,0.619544,0.641301,0.760865,0.799602,0.875820,0.502007,0.062756,46.952494,0.000336,0.000244,4.193596,0.004245,0.004267,0.000588,0.002261,3801047.583641,0.000000
-13625998.431340,1498228.505887,83824872.183699,46.157142,-1.884900,0.682271,0.760264,0.837197,0.058992,0.705839,0.955615,0.443786,0.233873,0.400827,0.308151,0.740032,0.392507,0.891851,0.178144,0.467768,0.582099,0.597739,0.434531,0.317754,0.027516,0.233914,0.585079,0.276255,0.118955,0.208786,0.694901,0.931366,0.967465,0.191218,0.465864,0.164587,0.238776,11.170198,13.992887,0.281638,0.236105,0.728762,0.817426,0.619474,0.630363,0.831781,0.938993,0.848156,0.296785,0.037622,33.842858,0.003470,0.012084,8.660879,0.004156,0.004173,0.000288,0.002561,13625998.431340,0.000000
-5018044.262261,1294485.843685,50627872.990360,41.502487,-1.862831,0.682476,0.965036,0.402254,0.001373,0.151307,0.155429,0.467911,0.571158,0.658708,0.307809,0.598493,0.392956,0.784735,0.175374,0.465908,0.580227,0.591601,0.165437,0.548250,0.336195,0.252353,0.406644,0.715800,0.118828,0.022020,0.560662,0.959044,0.736507,0.196584,0.466067,0.164691,0.238105,11.454772,19.729940,0.560867,0.246045,0.783320,0.864118,0.661174,0.689275,0.867311,0.949023,0.844767,0.368184,0.048589,38.497513,0.005245,0.009972,3.404617,0.004825,0.004823,0.000953,0.001896,5018044.262261,0.000000
-15732977.049675,1672214.759819,73247470.034718,52.146532,-1.827213,0.902917,0.972372,0.529120,0.044199,0.574799,0.724536,0.439066,0.493344,0.323235,0.809453,0.717175,0.416749,0.917974,0.175248,0.227339,0.574855,0.595899,0.957175,0.120434,0.163411,0.231036,0.457872,0.399822,0.079621,0.616473,0.643967,0.996147,0.944710,0.286386,0.422752,0.158371,0.105410,11.989162,1.795790,0.240838,0.184258,0.600453,0.621398,0.347822,0.363530,0.519863,0.587955,0.839139,0.340542,0.160769,27.853468,0.003743,0.003563,10.211101,0.004371,0.004364,0.000740,0.002109,15732977.049675,0.000000
-5804942.611194,1268223.632938,36387735.972965,41.301084,-0.074599,0.686054,0.763614,0.281641,0.007618,0.148624,0.955198,0.747791,0.349302,0.285082,0.834760,0.586053,0.410902,0.878369,0.177687,0.211589,0.789952,0.586102,0.423567,0.772469,0.508556,0.103771,0.022711,0.718992,0.121284,0.009803,0.563283,0.857295,0.737381,0.233330,0.395939,0.261656,0.104568,12.885135,20.383074,0.233156,0.257587,0.759508,0.789473,0.545401,0.580381,0.817266,0.856441,0.702403,0.383667,0.164170,38.698916,0.005091,0.007230,0.074599,0.004477,0.004478,0.000808,0.002041,5804942.611194,0.000000
-7728017.111925,1304309.223286,59058527.466446,44.062953,-1.547733,0.721346,0.990430,0.413796,0.010029,0.807938,0.715872,0.441616,0.571158,0.315199,0.311402,0.601549,0.344714,0.885146,0.154813,0.393206,0.591397,0.287809,0.415842,0.312167,0.336804,0.102892,0.000054,0.274211,0.157194,0.012451,0.552130,0.959044,0.739870,0.278243,0.397463,0.156849,0.246447,14.048034,20.382880,0.716638,0.215475,0.745601,0.828309,0.633355,0.705432,0.828668,0.927998,0.787270,0.402086,0.208415,35.937047,0.003931,0.010294,8.301775,0.005000,0.004995,0.000902,0.001947,7728017.111925,0.000000
-11622388.046775,1533858.917497,79296020.533787,38.537214,-1.905622,0.741108,0.990135,0.841892,0.703217,0.370236,0.755032,0.666733,0.513506,0.320746,0.378293,0.740239,0.389887,0.291606,0.266342,0.175286,0.783852,0.691698,0.436190,0.023405,0.296045,0.462960,0.956646,0.274591,0.072243,0.042222,0.175694,0.937469,0.983427,0.712695,0.466106,0.333784,0.215153,8.696843,18.722896,0.823588,0.261885,0.738684,0.813946,0.656389,0.718758,0.908847,0.947729,0.851270,0.494903,0.039644,41.462786,0.000692,0.000210,10.103519,0.004633,0.004607,0.000488,0.002361,11622388.046775,0.000000
-15236540.810209,1446663.420768,75248353.966117,69.973320,-2.104984,0.738806,0.990025,0.725883,0.078544,0.366040,0.707134,0.657453,0.297569,0.556841,0.208921,0.740804,0.675032,0.307500,0.266945,0.381618,0.783871,0.566875,0.832735,0.331864,0.463353,0.237593,0.579201,0.303045,0.413693,0.181670,0.778179,0.996988,0.964090,0.956401,0.468418,0.155874,0.225055,11.147035,14.948583,0.513100,0.175770,0.774404,0.824988,0.689981,0.732024,0.877614,0.942160,0.878152,0.587296,0.059380,10.026680,0.004006,0.013361,10.296365,0.004762,0.004738,0.000602,0.002247,15236540.810209,0.000000
-5313320.127959,1343911.129596,38115588.019722,38.651400,-1.754051,0.963346,0.761877,0.307794,0.092142,0.166069,0.763439,0.691416,0.243626,0.335133,0.122535,0.596710,0.391547,0.779124,0.734416,0.228456,0.782315,0.574948,0.980051,0.431896,0.296751,0.108364,0.089265,0.299152,0.077519,0.037181,0.028868,0.932221,0.963291,0.710368,0.443287,0.332573,0.099863,12.375121,19.491485,0.150157,0.288018,0.805285,0.823124,0.668022,0.691925,0.810552,0.835393,0.826929,0.501043,0.085226,41.348600,0.004309,0.004569,2.139636,0.004250,0.004248,0.000722,0.002127,5313320.127959,0.000000
-16702467.217934,1712605.118323,83838987.861963,47.506200,-0.278828,0.753230,0.974689,0.726791,0.067852,0.147814,0.786604,0.404928,0.443894,0.285003,0.785619,0.757140,0.388621,0.919573,0.262482,0.430633,0.466703,0.583735,0.010625,0.451076,0.341401,0.222309,0.476718,0.096516,0.037540,0.600952,0.024251,0.852403,0.969228,0.477685,0.277778,0.332221,0.248859,12.774523,2.231226,0.351591,0.188639,0.553342,0.708918,0.472148,0.602069,0.677959,0.849318,0.243330,0.408127,0.418912,32.493800,0.004455,0.000432,12.332600,0.004424,0.004420,0.000496,0.002353,16702467.217934,0.000000
-15443374.003019,1692904.015461,73013039.056149,52.081922,-1.827204,0.902917,0.972372,0.489516,0.001354,0.774911,0.723250,0.439191,0.493344,0.323235,0.809453,0.830188,0.416749,0.920027,0.360269,0.248310,0.574855,0.595899,0.980484,0.120644,0.154883,0.200744,0.142306,0.316107,0.079621,0.616473,0.643967,0.996147,0.944710,0.286719,0.422750,0.156941,0.227031,13.575587,2.062872,0.248870,0.187741,0.752826,0.770960,0.571122,0.579836,0.822768,0.902736,0.839137,0.340673,0.160773,27.918078,0.007071,0.004113,10.784725,0.004546,0.004540,0.000784,0.002065,15443374.003019,0.000000
-7736240.425012,1430130.625549,53519592.978358,34.369527,-1.308814,0.656221,0.682018,0.882417,0.011631,0.768928,0.692424,0.663745,0.400237,0.335829,0.371416,0.447560,0.463336,0.325674,0.728851,0.213082,0.770797,0.621865,0.698708,0.872390,0.396706,0.113564,0.868743,0.397042,0.027017,0.009500,0.452519,0.946213,0.749545,0.460755,0.467332,0.160865,0.215196,9.210338,19.719566,0.407675,0.231186,0.739435,0.830996,0.617189,0.694988,0.808704,0.898483,0.729860,0.476698,0.040777,45.630473,0.001963,0.006990,1.637765,0.003583,0.003602,0.000305,0.002544,7736240.425012,0.000000
-10435578.696194,1567913.452193,57886444.476060,52.937235,-1.559121,0.739290,0.964999,0.348557,0.012161,0.181188,0.957072,0.732427,0.577239,0.402061,0.770157,0.593435,0.340860,0.277540,0.714945,0.215800,0.778103,0.602216,0.983040,0.110357,0.058775,0.472844,0.058344,0.298867,0.079734,0.654078,0.467211,0.925826,0.952332,0.596635,0.415242,0.302491,0.220652,7.471544,0.975881,0.007123,0.217449,0.773020,0.748415,0.678119,0.658052,0.925181,0.909351,0.789679,0.460233,0.147363,27.062765,0.004766,0.006079,1.739012,0.003351,0.003384,0.000104,0.002745,10435578.696194,0.000000
-9982239.312438,1706267.612637,67367793.467796,35.584281,-1.546937,0.909969,0.981693,0.882695,0.677239,0.766741,0.960463,0.658562,0.352811,0.212461,0.775708,0.760222,0.288406,0.911018,0.111430,0.459581,0.811342,0.620673,0.988179,0.295939,0.505688,0.232082,0.594540,0.830912,0.025657,0.076346,0.705932,0.928595,0.962749,0.631288,0.411982,0.257174,0.102118,11.143927,17.992564,0.542730,0.240385,0.673542,0.691518,0.521501,0.534870,0.593862,0.636201,0.787101,0.470287,0.156684,44.415719,0.000161,0.008866,15.935489,0.004461,0.004444,0.000782,0.002067,9982239.312438,0.000000
-16186351.631787,1494882.008405,93381956.988032,47.900670,-0.383246,0.657205,0.774012,0.699157,0.058985,0.654282,0.941784,0.446208,0.343109,0.310826,0.365545,0.583782,0.291833,0.282187,0.136942,0.215245,0.787836,0.327166,0.964566,0.548006,0.040313,0.250144,0.018727,0.307771,0.079141,0.436879,0.650268,0.892441,0.745705,0.630297,0.274979,0.163210,0.104017,13.591038,7.556348,0.253137,0.163174,0.521959,0.725932,0.459955,0.599600,0.629535,0.747989,0.318355,0.540952,0.616871,32.099330,0.001610,0.007499,7.654171,0.003768,0.003798,0.000021,0.002828,16186351.631787,0.000000
-16452161.943378,1937542.298782,75458933.738490,45.618100,-2.086186,0.796505,0.970692,0.887772,0.056593,0.763728,0.723105,0.444916,0.553147,0.308731,0.848259,0.682951,0.424310,0.923220,0.153744,0.893237,0.585731,0.616949,0.983256,0.118917,0.083474,0.470002,0.029001,0.302528,0.009662,0.653252,0.656149,0.996147,0.965593,0.640859,0.465612,0.259541,0.103305,15.084197,1.053483,0.236794,0.201566,0.615797,0.630537,0.449785,0.460196,0.475604,0.528183,0.875840,0.473061,0.064770,34.381900,0.002734,0.014847,10.319410,0.004041,0.004055,0.000493,0.002356,16452161.943378,0.000000
-5028374.935339,1377956.271336,47405671.275251,32.334057,-0.253328,0.742116,0.757225,0.643430,0.062449,0.654240,0.940663,0.426323,0.345716,0.222325,0.365129,0.756356,0.283060,0.282193,0.735513,0.432029,0.782202,0.315468,0.435848,0.887072,0.030297,0.459510,0.013879,0.307765,0.001877,0.009979,0.650271,0.852410,0.742371,0.273851,0.274979,0.158082,0.104017,13.895498,20.376873,0.599928,0.209190,0.702223,0.751094,0.480900,0.523453,0.715026,0.790412,0.223787,0.399346,0.590826,47.665943,0.001360,0.010121,8.459623,0.004768,0.004765,0.000838,0.002011,5028374.935339,0.000000
-6436783.308356,1530987.042461,44146463.145645,34.066158,-0.928830,0.913381,0.973196,0.371209,0.677391,0.162542,0.950557,0.986207,0.345846,0.350718,0.831339,0.594729,0.680374,0.736718,0.750576,0.226241,0.777210,0.774909,0.390419,0.438852,0.084637,0.256479,0.904876,0.690755,0.013949,0.043417,0.070300,0.973742,0.962527,0.331829,0.307994,0.322822,0.251431,9.146684,18.668418,0.228505,0.240562,0.768602,0.720853,0.662757,0.632597,0.904207,0.865174,0.604984,0.353163,0.349084,45.933842,0.005169,0.004568,7.629119,0.004058,0.004067,0.000599,0.002250,6436783.308356,0.000000
-12634212.716737,1583408.613754,70982183.784533,45.327556,-1.957615,0.797224,0.769045,0.692765,0.071130,0.695226,0.974106,0.667952,0.337799,0.401793,0.827302,0.568621,0.673359,0.774794,0.372149,0.869026,0.579136,0.594234,0.964552,0.140002,0.508286,0.235172,0.142368,0.986752,0.123299,0.164636,0.647956,0.952777,0.754520,0.985214,0.466752,0.439274,0.208397,13.372738,15.699709,0.319262,0.258486,0.759662,0.804576,0.672074,0.709387,0.921752,0.946577,0.858805,0.522111,0.017076,34.672444,0.012188,0.021754,11.130257,0.004238,0.004251,0.000781,0.002068,12634212.716737,0.000000
-6885185.135529,1210043.456212,55390106.993405,54.577242,-1.329039,0.743834,0.682993,0.282300,0.063727,0.780463,0.692543,0.977040,0.400981,0.598393,0.377354,0.448701,0.414474,0.340631,0.871854,0.242667,0.776654,0.771184,0.710714,0.338938,0.480200,0.047602,0.148505,0.310597,0.297618,0.009631,0.453367,0.962353,0.749864,0.440232,0.464925,0.161103,0.252293,11.923531,20.380003,0.090586,0.198033,0.742183,0.802250,0.628292,0.678859,0.813288,0.870048,0.735268,0.467818,0.052265,25.422758,0.010259,0.006971,1.997781,0.004431,0.004454,0.000707,0.002142,6885185.135529,0.000000
-5486310.204842,1397048.710026,39595988.695089,35.836481,-0.877681,0.933576,0.762861,0.285440,0.143140,0.797449,0.950955,0.797257,0.515765,0.600993,0.341601,0.753500,0.299386,0.282660,0.827570,0.395011,0.801169,0.768014,0.992243,0.266037,0.503663,0.113279,0.062834,0.308105,0.034847,0.058692,0.640911,0.853406,0.962235,0.282684,0.397576,0.163156,0.161348,13.147288,18.881386,0.229796,0.247660,0.778153,0.762204,0.590998,0.617004,0.882613,0.903813,0.701873,0.334013,0.158096,44.163519,0.004096,0.009800,0.877681,0.003994,0.004033,0.000451,0.002398,5486310.204842,0.000000
-6008166.549754,1266043.558297,50101425.735363,41.208746,-0.599323,0.682476,0.772945,0.395738,0.044163,0.657263,0.943838,0.467785,0.560808,0.658708,0.307809,0.585955,0.392956,0.781344,0.149863,0.390947,0.580227,0.328062,0.431470,0.595150,0.035504,0.251996,0.406496,0.715800,0.118844,0.010058,0.560662,0.952922,0.741240,0.196250,0.277578,0.164691,0.238133,11.441341,20.098979,0.503809,0.198559,0.728549,0.764213,0.642260,0.672326,0.854783,0.892825,0.450817,0.366483,0.311393,38.791254,0.002857,0.014163,5.275275,0.004783,0.004779,0.000827,0.002022,6008166.549754,0.000000
-6177547.102037,1533064.649330,44187065.035981,33.581955,-0.531047,0.927569,0.973062,0.353460,0.367681,0.834453,0.858329,0.886421,0.540350,0.386895,0.191918,0.570577,0.668808,0.875575,0.174372,0.894563,0.684673,0.363637,0.694302,0.437170,0.769997,0.295137,0.160668,0.380727,0.009379,0.043364,0.084029,0.931573,0.749636,0.450226,0.277479,0.437211,0.215643,13.149320,19.280516,0.511278,0.239296,0.737129,0.668884,0.637833,0.581377,0.871782,0.805472,0.412011,0.472169,0.019234,46.418045,0.000789,0.015074,8.449352,0.004676,0.004689,0.000882,0.001967,6177547.102037,0.000000
-5007520.362759,1369500.556074,39603462.343269,34.830602,-1.289172,0.795433,0.962726,0.287967,0.055381,0.807046,0.694379,0.797257,0.514488,0.206528,0.332807,0.571887,0.298349,0.289916,0.192455,0.210732,0.771289,0.577322,0.923553,0.435585,0.508017,0.116224,0.021399,0.387405,0.035338,0.009102,0.452910,0.851163,0.749553,0.443836,0.410712,0.290211,0.115082,13.785861,20.403924,0.533149,0.262889,0.774093,0.776150,0.602453,0.633409,0.828660,0.860460,0.724501,0.469471,0.124232,45.169398,0.004075,0.005511,1.941634,0.004472,0.004500,0.000734,0.002115,5007520.362759,0.000000
-12565168.361728,1709381.115451,79196632.132403,38.335126,-1.487705,0.685790,0.780391,0.879672,0.646855,0.221724,0.784172,0.657343,0.349250,0.284702,0.316173,0.760225,0.345390,0.909975,0.770380,0.224933,0.777100,0.610694,0.413186,0.297332,0.393263,0.225301,0.005258,0.391504,0.025301,0.217548,0.650606,0.942870,0.940685,0.644703,0.396092,0.336345,0.216098,14.064305,14.193835,0.226019,0.241134,0.698544,0.791069,0.615248,0.692159,0.869782,0.930367,0.774110,0.483162,0.204426,41.664874,0.002704,0.005680,8.070359,0.004072,0.004089,0.000045,0.002804,12565168.361728,0.000000
-5994044.630355,1285392.762667,39966053.469063,41.496773,-1.058676,0.686054,0.847876,0.281641,0.042565,0.150961,0.950840,0.741196,0.539611,0.316826,0.839785,0.586053,0.410972,0.878369,0.152106,0.214712,0.790404,0.586102,0.416192,0.772469,0.508556,0.103771,0.022711,0.692717,0.123021,0.012427,0.563671,0.857295,0.737381,0.228617,0.392584,0.261656,0.104221,12.961226,20.319581,0.234640,0.248738,0.745810,0.783335,0.527130,0.558986,0.798069,0.837222,0.695623,0.381644,0.172944,38.503227,0.002965,0.007349,1.058676,0.004506,0.004515,0.000792,0.002057,5994044.630355,0.000000
-4542940.918169,1345152.573476,35913134.598742,34.874496,-1.113994,0.656221,0.682018,0.284308,0.011631,0.768928,0.692424,0.680811,0.399966,0.357719,0.775162,0.832605,0.460769,0.289883,0.717179,0.212871,0.783831,0.621326,0.698708,0.300810,0.663086,0.086760,0.869352,0.382850,0.030329,0.021835,0.664141,0.946052,0.757617,0.463194,0.467332,0.162387,0.250857,9.646385,19.295400,0.395361,0.276567,0.830813,0.833446,0.707220,0.733953,0.916915,0.933201,0.856267,0.474725,0.040711,45.125504,0.008526,0.007612,1.113994,0.004503,0.004523,0.000739,0.002110,4542940.918169,0.000000
-10903402.283016,1518297.661760,74613318.348026,37.841080,-1.969832,0.682827,0.977382,0.832349,0.666057,0.370236,0.773208,0.657255,0.513126,0.349953,0.844835,0.448748,0.389102,0.325822,0.276069,0.391707,0.770969,0.571009,0.436190,0.428273,0.296428,0.462761,0.404239,0.272894,0.074264,0.009557,0.459548,0.957933,0.950137,0.689738,0.466065,0.300145,0.238054,11.641178,20.164980,0.651110,0.267594,0.754517,0.819085,0.670557,0.724105,0.918450,0.953585,0.860520,0.497591,0.048136,42.158920,0.000801,0.010362,10.688969,0.004392,0.004398,0.000663,0.002186,10903402.283016,0.000000
-3492683.855902,1447694.881253,42600432.138093,32.386176,-0.511251,0.797804,0.975762,0.341649,0.084371,0.797317,0.148520,0.428206,0.341389,0.323534,0.777383,0.738662,0.674138,0.290133,0.160725,0.899658,0.787612,0.767591,0.433610,0.300737,0.203466,0.465756,0.002816,0.305091,0.002597,0.009978,0.650668,0.961465,0.957314,0.231445,0.265173,0.333590,0.106720,14.066393,20.378046,0.947460,0.275119,0.705673,0.750979,0.483907,0.521146,0.756818,0.814097,0.400255,0.315335,0.407308,47.613824,0.002456,0.026937,4.343844,0.004849,0.004867,0.000964,0.001885,3492683.855902,0.000000
-15417949.077692,1405299.223345,79354091.079451,53.267692,-0.348378,0.793365,0.987571,0.805432,0.374790,0.798958,0.723643,0.659504,0.343452,0.165902,0.769797,0.669178,0.357267,0.288093,0.264991,0.392887,0.776469,0.595344,0.415326,0.815376,0.918841,0.467412,0.978598,0.412193,0.264006,0.041207,0.556844,0.852709,0.966478,0.252567,0.285415,0.158165,0.221204,8.723515,18.801801,0.601973,0.148750,0.607033,0.721166,0.531395,0.626807,0.748246,0.862984,0.294168,0.321027,0.436301,26.732308,0.001627,0.010094,11.026219,0.004793,0.004801,0.000822,0.002027,15417949.077692,0.000000
-19121053.549421,1442094.038915,94691204.480436,68.652235,-1.847870,0.656621,0.974584,0.494492,0.000170,0.195742,0.815530,0.449727,0.069255,0.311284,0.365552,0.627232,0.474662,0.332182,0.165931,0.390014,0.780371,0.315889,0.871837,0.027388,0.304975,0.250999,0.796605,0.396473,0.299425,0.428964,0.693325,0.933328,0.959219,0.677379,0.458443,0.164104,0.238860,9.006560,7.220998,0.269595,0.197728,0.703764,0.818387,0.628992,0.723913,0.800394,0.941762,0.842428,0.489553,0.053506,11.347765,0.004813,0.003967,6.399584,0.004579,0.004595,0.000482,0.002367,19121053.549421,0.000000
-8252725.300125,1366126.229613,62238950.845773,45.024014,-2.070035,0.646590,0.970707,0.415422,0.043759,0.778686,0.579816,0.466720,0.155630,0.190736,0.317064,0.574085,0.390645,0.327584,0.175368,0.468926,0.571005,0.593495,0.983221,0.541233,0.710618,0.210222,0.062097,0.552288,0.120516,0.162323,0.698492,0.990118,0.734696,0.524054,0.466045,0.164811,0.218964,13.586219,15.768507,0.480006,0.253819,0.778117,0.844728,0.661817,0.740081,0.862600,0.947752,0.873819,0.501103,0.061404,34.975986,0.003759,0.014424,6.437826,0.004755,0.004763,0.000682,0.002167,8252725.300125,0.000000
-8295657.016704,1359380.519766,52401973.678495,38.258885,-0.496635,0.793619,0.774012,0.699157,0.057747,0.645474,0.957603,0.735171,0.345716,0.226317,0.770840,0.821837,0.291833,0.282193,0.159889,0.217379,0.812220,0.329997,0.423046,0.081896,0.058669,0.463264,0.061651,0.308120,0.080413,0.010664,0.650271,0.927913,0.958155,0.233330,0.274979,0.254468,0.103523,13.806089,20.358633,0.902592,0.243548,0.707406,0.711433,0.496754,0.527165,0.748341,0.799908,0.391425,0.315838,0.639951,41.741115,0.001724,0.006410,12.686856,0.004781,0.004780,0.000915,0.001934,8295657.016704,0.000000
-8921655.383300,1651310.500096,67763618.958595,34.263893,-2.096478,0.793385,0.970692,0.887772,0.390035,0.807497,0.723604,0.445168,0.553147,0.324506,0.831346,0.688252,0.418421,0.902130,0.154286,0.893237,0.589157,0.333453,0.980582,0.292307,0.063386,0.235947,0.490808,0.951844,0.009662,0.073862,0.656963,0.996147,0.965593,0.647185,0.467393,0.159478,0.103305,11.703236,18.137055,0.564415,0.242627,0.682011,0.703026,0.530476,0.546052,0.581790,0.640852,0.877112,0.475534,0.061123,45.736107,0.000593,0.006184,10.405482,0.004660,0.004662,0.000851,0.001998,8921655.383300,0.000000
-13043704.538612,1798464.214227,81510087.711791,38.437414,-1.605971,0.691571,0.777992,0.942285,0.677239,0.223566,0.785969,0.934312,0.474040,0.284884,0.769728,0.450151,0.396786,0.924489,0.752752,0.379023,0.777552,0.579954,0.983006,0.457782,0.028394,0.229917,0.942639,0.397215,0.025659,0.212686,0.858154,0.949459,0.965661,0.475406,0.410915,0.332229,0.217047,9.611486,13.602558,0.169568,0.229957,0.702998,0.759499,0.618465,0.632058,0.875745,0.904824,0.799305,0.408363,0.168940,41.562586,0.002860,0.014314,6.792224,0.003147,0.003146,0.000124,0.002725,13043704.538612,0.000000
-11779254.318410,1494179.689922,79915529.452317,38.736002,-0.911265,0.741108,0.990133,0.856185,0.702510,0.370236,0.755032,0.657263,0.513506,0.320746,0.811252,0.740244,0.416861,0.291606,0.266497,0.391496,0.783871,0.596501,0.436190,0.023405,0.296428,0.231755,0.592640,0.274591,0.075788,0.042222,0.175694,0.937410,0.963502,0.712695,0.466106,0.158165,0.106202,10.928935,19.030402,0.825544,0.199845,0.609653,0.756591,0.524359,0.611732,0.566462,0.720665,0.597985,0.501879,0.039620,41.263998,0.000693,0.000210,12.471122,0.004762,0.004770,0.000725,0.002124,11779254.318410,0.000000
-15010551.533149,1638357.699349,73673698.373037,52.143590,-1.595545,0.902917,0.972372,0.475222,0.008625,0.574799,0.723105,0.439191,0.493344,0.323235,0.206455,0.828514,0.388991,0.920027,0.175682,0.226011,0.574855,0.570312,0.980510,0.120127,0.161520,0.462398,0.461188,0.399822,0.079586,0.616473,0.643967,0.996194,0.944710,0.286719,0.387402,0.158371,0.214334,11.247002,1.784534,0.231160,0.186996,0.730480,0.780402,0.575915,0.586411,0.814759,0.905572,0.797202,0.340673,0.254042,27.856410,0.004949,0.003436,9.317181,0.004416,0.004410,0.000607,0.002242,15010551.533149,0.000000
-13227493.722350,1750790.163321,87046729.475888,38.493076,-1.438288,0.740716,0.970023,0.882117,0.677239,0.179927,0.783898,0.660412,0.525400,0.341285,0.380302,0.760168,0.313476,0.780269,0.248716,0.467235,0.771433,0.309774,0.983007,0.453365,0.392819,0.455758,0.593864,0.389275,0.025752,0.218141,0.185733,0.937446,0.959577,0.597432,0.391288,0.331916,0.215155,11.185831,13.721261,0.375734,0.216127,0.673251,0.780719,0.593296,0.660173,0.848156,0.911562,0.762666,0.458103,0.214854,41.506924,0.000646,0.007038,11.847984,0.004356,0.004340,0.000445,0.002404,13227493.722350,0.000000
-16347965.977082,1308524.215490,76006123.224050,73.856206,-2.012534,0.658951,0.855181,0.491526,0.064579,0.214506,0.948285,0.435810,0.331886,0.351313,0.138901,0.596231,0.459527,0.781605,0.175709,0.537474,0.799285,0.648950,0.431867,0.287706,0.032780,0.243796,0.195307,0.399289,0.478526,0.148309,0.604631,0.973199,0.958799,0.245726,0.465194,0.161800,0.225448,11.445579,16.231234,0.204650,0.174818,0.763191,0.841859,0.663927,0.672379,0.813631,0.938479,0.866350,0.320516,0.056183,6.143794,0.003262,0.026090,7.840861,0.004708,0.004718,0.000676,0.002173,16347965.977082,0.000000
-5249530.560345,1470126.417485,37756323.603925,35.476168,-0.277377,0.933576,0.960286,0.285440,0.055655,0.798364,0.950955,0.886856,0.514488,0.207078,0.198723,0.754596,0.678995,0.282660,0.827570,0.395011,0.801259,0.580396,0.924998,0.747825,0.503663,0.114259,0.022327,0.373752,0.034946,0.041428,0.641987,0.851583,0.736892,0.282684,0.277914,0.441822,0.215272,13.937920,19.442904,0.359984,0.238307,0.750138,0.646826,0.642981,0.557372,0.886149,0.787518,0.242231,0.405018,0.004236,44.523832,0.008767,0.010132,3.267201,0.004585,0.004605,0.000805,0.002044,5249530.560345,0.000000
-7194896.663613,1566620.165653,67264480.863841,33.015699,-2.008862,0.697831,0.974498,0.868045,0.668897,0.192076,0.761219,0.847235,0.796120,0.485901,0.809941,0.625567,0.464661,0.332032,0.172325,0.902929,0.581427,0.318152,0.067975,0.293312,0.751113,0.246080,0.797332,0.389528,0.011405,0.001253,0.694074,0.969937,0.735226,0.715794,0.466318,0.436182,0.103986,9.650042,20.077490,0.954258,0.276981,0.758624,0.762288,0.620691,0.638597,0.763756,0.790589,0.865859,0.508406,0.015097,46.984301,0.000343,0.000419,11.599952,0.004729,0.004736,0.000830,0.002019,7194896.663613,0.000000
-13238542.773150,1361700.344591,86481754.538875,52.399513,-1.987456,0.659074,0.990352,0.732252,0.123703,0.330788,0.748532,0.477362,0.235482,0.694114,0.235682,0.587281,0.313381,0.324594,0.365917,0.389306,0.574723,0.500332,0.410295,0.340858,0.160208,0.119231,0.501895,0.393517,0.265031,0.015158,0.740521,0.958656,0.934363,0.193122,0.468727,0.297008,0.247262,11.261867,19.959887,0.759940,0.264364,0.726893,0.844284,0.650086,0.685795,0.900917,0.961298,0.862956,0.306666,0.043080,27.600487,0.002414,0.012958,8.325186,0.004729,0.004710,0.000576,0.002273,13238542.773150,0.000000
-14425096.975790,1370976.493166,68335382.905121,68.597293,-2.087924,0.738806,0.977325,0.491837,0.024778,0.799124,0.944732,0.666923,0.339067,0.337545,0.141918,0.694117,0.415392,0.733034,0.186032,0.528989,0.801331,0.687659,0.426330,0.330372,0.029115,0.132831,0.201852,0.206366,0.411814,0.152815,0.837835,0.996199,0.958837,0.291234,0.465885,0.162728,0.225418,12.594256,16.095441,0.469594,0.198217,0.790629,0.819800,0.661311,0.665322,0.912068,0.939255,0.876056,0.338342,0.064231,11.402707,0.004806,0.021942,10.816988,0.004931,0.004913,0.000753,0.002096,14425096.975790,0.000000
-14415313.025942,1257983.209077,66478021.616833,68.496429,-1.937293,0.793367,0.987670,0.284890,0.000204,0.806972,0.938356,0.420725,0.329340,0.225941,0.102044,0.567719,0.372670,0.781014,0.364508,0.319885,0.788746,0.334209,0.964538,0.327776,0.165262,0.244260,0.982379,0.307573,0.471119,0.023880,0.563184,0.992034,0.943761,0.668032,0.442615,0.157922,0.121376,8.993768,19.306381,0.168432,0.191449,0.774760,0.833777,0.676340,0.698312,0.827730,0.868264,0.855907,0.491289,0.112443,11.503571,0.004617,0.010115,2.938733,0.004828,0.004840,0.000943,0.001906,14415313.025942,0.000000
-4191642.876424,1377579.859838,37215268.918394,33.270216,-0.627469,0.743185,0.970429,0.283977,0.001219,0.805069,0.958147,0.667956,0.337726,0.350993,0.816238,0.572236,0.300028,0.890581,0.145459,0.878625,0.591385,0.585964,0.407457,0.340964,0.316029,0.107203,0.493130,0.391167,0.013832,0.007607,0.615492,0.939119,0.754589,0.453211,0.285559,0.161914,0.223248,11.336894,20.055574,0.616025,0.219560,0.779340,0.721581,0.682214,0.634510,0.894544,0.859728,0.466059,0.471600,0.580687,46.729784,0.003805,0.015436,2.888453,0.004845,0.004856,0.000966,0.001883,4191642.876424,0.000000
-6581845.759469,1233856.374221,56440285.493759,61.350849,-1.934624,0.736927,0.769044,0.303133,0.071121,0.789793,0.620699,0.666029,0.685728,0.275009,0.386499,0.692089,0.414190,0.325606,0.745381,0.262502,0.714602,0.593947,0.374217,0.293898,0.290491,0.234252,0.771609,0.401427,0.384983,0.009724,0.447601,0.959923,0.946737,0.593558,0.458948,0.278748,0.247579,9.280676,19.905695,0.158472,0.229435,0.806837,0.828321,0.717185,0.735184,0.947221,0.957466,0.855521,0.460917,0.063547,18.649151,0.008639,0.007663,3.139493,0.004500,0.004521,0.000748,0.002101,6581845.759469,0.000000
-14791079.164716,1468254.487803,74027774.146150,68.653915,-1.950231,0.795696,0.988260,0.725883,0.078544,0.366040,0.707060,0.669892,0.299438,0.556841,0.379644,0.741283,0.675817,0.307500,0.266352,0.165407,0.782204,0.686215,0.832735,0.331864,0.462970,0.237791,0.939900,0.307351,0.410184,0.151235,0.774895,0.996148,0.984014,0.956401,0.442650,0.331494,0.099497,9.271491,15.559065,0.559865,0.209022,0.762426,0.797792,0.677086,0.681446,0.753469,0.769568,0.857759,0.589283,0.114134,11.346085,0.003993,0.003783,11.044794,0.004877,0.004850,0.000702,0.002147,14791079.164716,0.000000
-15786979.691370,1245323.023954,89379107.361386,68.829724,-1.767772,0.739615,0.857057,0.493970,0.002356,0.578591,0.723693,0.436610,0.064061,0.315897,0.089043,0.689392,0.416749,0.782166,0.175245,0.222534,0.576504,0.335401,0.138026,0.288286,0.160571,0.231070,0.457872,0.399633,0.478070,0.023774,0.642952,0.890126,0.943761,0.691077,0.468405,0.157935,0.228983,11.070643,19.736459,0.516035,0.196985,0.715649,0.840904,0.637464,0.745301,0.776596,0.944400,0.829287,0.500375,0.015689,11.170276,0.005195,0.004090,7.941532,0.004909,0.004889,0.000730,0.002119,15786979.691370,0.000000
-4942330.017001,1362400.460015,38883580.716726,34.809011,-0.843083,0.738459,0.765179,0.284304,0.143140,0.769216,0.683523,0.797257,0.519704,0.613787,0.341601,0.775073,0.307839,0.282660,0.827570,0.209800,0.801169,0.770226,0.992243,0.266037,0.419675,0.113279,0.062834,0.308105,0.034847,0.009464,0.640911,0.949475,0.962235,0.282684,0.397576,0.163156,0.249861,13.007963,20.356957,0.262000,0.267706,0.826959,0.796569,0.691557,0.705586,0.912521,0.923193,0.780945,0.334013,0.203581,45.190989,0.004359,0.006034,0.843083,0.004084,0.004099,0.000508,0.002341,4942330.017001,0.000000
-4822175.848394,1417911.791589,35680111.601230,35.189351,-1.631364,0.938606,0.679270,0.285444,0.015923,0.787406,0.959385,0.667849,0.396027,0.323036,0.840825,0.442807,0.549036,0.885346,0.360149,0.398293,0.591268,0.618989,0.703080,0.429834,0.506288,0.113564,0.868743,0.958160,0.024532,0.058860,0.568255,0.850079,0.749545,0.729158,0.467309,0.316219,0.163820,9.749214,18.185467,0.346989,0.282828,0.843234,0.801458,0.724704,0.706311,0.930569,0.940203,0.804338,0.558842,0.001412,44.810649,0.013099,0.008575,3.613294,0.004604,0.004613,0.000893,0.001956,4822175.848394,0.000000
-16517532.653542,1387044.601282,92095870.704843,68.192809,-1.829481,0.656619,0.965003,0.402162,0.045323,0.151307,0.150633,0.467785,0.060690,0.694480,0.307890,0.586070,0.396122,0.781344,0.175377,0.393058,0.581636,0.330683,0.888208,0.014019,0.305218,0.251996,0.406644,0.715800,0.297231,0.424726,0.558195,0.959530,0.730066,0.196250,0.466067,0.164691,0.238105,10.104731,7.653584,0.053876,0.172070,0.654076,0.840538,0.550181,0.653729,0.709307,0.948672,0.839503,0.370171,0.048789,11.807191,0.003717,0.001556,3.474306,0.004171,0.004171,0.000552,0.002297,16517532.653542,0.000000
-7231901.021866,1338202.191315,55174386.203424,41.863370,-1.846330,0.682479,0.974618,0.494492,0.000104,0.195742,0.821757,0.449727,0.579734,0.325282,0.365471,0.627118,0.471496,0.332182,0.165931,0.464192,0.778962,0.548029,0.127388,0.563847,0.337842,0.250999,0.796605,0.396473,0.121021,0.026392,0.695792,0.932842,0.965660,0.677379,0.458443,0.164104,0.238860,9.541359,19.285748,0.884766,0.272457,0.800768,0.829813,0.711155,0.735389,0.895154,0.946589,0.842185,0.487313,0.053303,38.136630,0.004816,0.004667,7.588072,0.005013,0.005025,0.000902,0.001947,7231901.021866,0.000000
-15224677.129407,1446700.830971,78847746.766670,54.465567,-1.551808,0.740842,0.967735,0.855034,0.057219,0.165968,0.772809,0.336549,0.347355,0.307477,0.377648,0.603694,0.449260,0.774912,0.729354,0.463956,0.780545,0.329475,0.996753,0.778017,0.961951,0.212689,0.026963,0.310597,0.295357,0.012505,0.691665,0.962044,0.959806,0.613474,0.396665,0.161176,0.215354,13.903319,20.454503,0.536922,0.190282,0.722812,0.826330,0.643292,0.713259,0.852713,0.937832,0.788135,0.464311,0.211985,25.534433,0.005294,0.007884,11.478522,0.004915,0.004914,0.000813,0.002036,15224677.129407,0.000000
-11885598.196997,1608394.854551,77081354.883018,36.978907,-0.797588,0.745357,0.758704,0.882117,0.679119,0.795467,0.784164,0.665391,0.525400,0.281432,0.380302,0.760168,0.314101,0.334960,0.248716,0.467235,0.771433,0.309774,0.983007,0.451004,0.505421,0.455758,0.593864,0.389926,0.023703,0.152330,0.195561,0.937823,0.986426,0.596536,0.305779,0.332229,0.200580,10.646236,15.674444,0.289884,0.228827,0.634046,0.734958,0.555076,0.639350,0.782934,0.877813,0.549586,0.448822,0.428407,43.021093,0.000643,0.007786,7.425383,0.003946,0.003970,0.000402,0.002447,11885598.196997,0.000000
-13720650.270863,1312177.853322,67599930.626795,69.135685,-1.950648,0.796349,0.855304,0.495307,0.002356,0.578591,0.756065,0.675999,0.325662,0.313910,0.368600,0.903385,0.419659,0.782166,0.175170,0.392626,0.579075,0.572892,0.957447,0.865285,0.161312,0.229838,0.465765,0.399481,0.478070,0.031196,0.865187,0.996309,0.997591,0.246878,0.442637,0.157935,0.104032,10.987672,19.551423,0.309233,0.197886,0.711391,0.721629,0.505355,0.511563,0.708852,0.746648,0.857818,0.310170,0.114233,10.864315,0.005191,0.010704,9.951476,0.004973,0.004966,0.000943,0.001906,13720650.270863,0.000000
-5507764.854365,1323029.799540,39066046.696288,38.069628,-2.007551,0.743185,0.681673,0.284000,0.070957,0.767034,0.692242,0.667867,0.339817,0.350993,0.795190,0.449245,0.460177,0.781516,0.361982,0.245558,0.774959,0.594864,0.699337,0.340921,0.496231,0.111624,0.865914,0.965410,0.076031,0.009634,0.612390,0.967643,0.960184,0.453211,0.467332,0.164286,0.252329,9.488901,19.687048,0.328463,0.291013,0.838432,0.835411,0.727934,0.742610,0.907221,0.926741,0.865683,0.401403,0.049562,41.930372,0.011586,0.007489,3.223988,0.004630,0.004639,0.000871,0.001978,5507764.854365,0.000000
-5406992.948589,1378113.809726,39555001.639533,37.415959,-2.001872,0.743185,0.753640,0.284005,0.073004,0.805069,0.728709,0.667649,0.338655,0.312748,0.813057,0.572478,0.498765,0.883470,0.371939,0.393953,0.783915,0.596512,0.405303,0.351727,0.291070,0.228538,0.493130,0.954946,0.068356,0.009633,0.611908,0.968217,0.960660,0.714730,0.466039,0.262100,0.253206,11.007498,20.003050,0.407872,0.308169,0.845169,0.828135,0.748324,0.734503,0.965225,0.957700,0.864918,0.503680,0.052416,42.584041,0.012026,0.014264,3.000692,0.004690,0.004703,0.000886,0.001963,5406992.948589,0.000000
-2673750.895645,1375125.563986,48632561.213777,33.446041,-2.003130,0.553015,0.974542,0.401949,0.052457,0.771931,0.162585,0.059589,0.802271,0.314775,0.310855,0.625652,0.474663,0.331634,0.172169,0.463660,0.580516,0.584257,0.157050,0.035388,0.751113,0.245797,0.797332,0.399356,0.011640,0.022067,0.690863,0.968102,0.736449,0.676615,0.466318,0.298295,0.103964,9.520575,19.347017,1.205098,0.318192,0.807071,0.842961,0.667466,0.700212,0.828200,0.871922,0.865088,0.509535,0.051801,46.553959,0.003422,0.001661,4.239697,0.004860,0.004843,0.000692,0.002157,2673750.895645,0.000000
-13688244.254331,1476866.708399,79945834.866697,44.372279,-1.554929,0.957715,0.776822,0.730466,0.127719,0.852654,0.728682,0.669526,0.342905,0.226578,0.101433,0.747047,0.463565,0.282364,0.147159,0.215883,0.787800,0.557490,0.068143,0.293089,0.282000,0.474386,0.500905,0.392428,0.080341,0.273686,0.651370,0.938454,0.955964,0.642904,0.408398,0.163946,0.103866,11.606035,12.076897,0.646079,0.234050,0.707482,0.778213,0.604126,0.621521,0.697614,0.762107,0.788796,0.477162,0.170235,35.627721,0.001634,0.000785,8.049723,0.004326,0.004348,0.000649,0.002200,13688244.254331,0.000000
-11132969.272562,1469578.974173,75677828.545864,38.355554,-0.789643,0.903966,0.977459,0.832727,0.649796,0.370236,0.761477,0.669923,0.514104,0.324023,0.394529,0.491864,0.416247,0.284430,0.267147,0.391974,0.779130,0.576032,0.436190,0.299035,0.296428,0.546352,0.224899,0.267828,0.077829,0.021955,0.667653,0.968243,0.954588,0.658547,0.293620,0.164479,0.107020,12.706336,19.943550,0.715995,0.207185,0.643768,0.738005,0.569609,0.610731,0.690292,0.742267,0.545993,0.483777,0.576491,41.644446,0.000782,0.006000,10.260987,0.004455,0.004464,0.000796,0.002053,11132969.272562,0.000000
-7930738.487904,1523505.188549,56069590.258597,34.444699,-1.897599,0.680091,0.855283,0.869420,0.064949,0.144595,0.756448,0.666756,0.473544,0.214028,0.809957,0.821417,0.389085,0.290008,0.371204,0.423503,0.783900,0.572103,0.979873,0.293756,0.022936,0.253562,0.782410,0.296960,0.022461,0.030893,0.857663,0.934154,0.956110,0.452981,0.466532,0.150539,0.238347,9.876660,19.166640,0.830451,0.266166,0.801296,0.823504,0.686579,0.699909,0.892999,0.936651,0.850072,0.402594,0.037430,45.555301,0.001896,0.017919,10.665949,0.004908,0.004913,0.000767,0.002082,7930738.487904,0.000000
-7869780.627929,1591457.594261,59812071.115537,35.571682,-2.108183,0.738806,0.990027,0.725883,0.078544,0.366040,0.707134,0.660694,0.297569,0.549833,0.381748,0.740800,0.675817,0.290446,0.243878,0.165407,0.783853,0.766211,0.424608,0.333041,0.458585,0.237791,0.939900,0.305141,0.005999,0.151292,0.639586,0.997972,0.984014,0.956401,0.468446,0.331497,0.225083,9.261463,15.377917,0.994789,0.299412,0.793810,0.813192,0.703205,0.719450,0.940621,0.950437,0.878542,0.589283,0.059726,44.428318,0.003403,0.004104,9.866396,0.004756,0.004729,0.000599,0.002250,7869780.627929,0.000000
-10286056.808581,1599076.117703,70035218.987891,35.099571,-0.988655,0.741108,0.990318,0.879964,0.701982,0.370236,0.755032,0.657263,0.513506,0.320746,0.811252,0.740315,0.417013,0.911522,0.266497,0.394865,0.783871,0.596433,0.413562,0.023405,0.395546,0.231755,0.592640,0.388795,0.027417,0.046047,0.175694,0.937462,0.963502,0.712635,0.466106,0.162433,0.105817,11.048704,18.901353,0.648217,0.198343,0.658883,0.724133,0.563038,0.577293,0.614459,0.664963,0.627923,0.501855,0.039641,44.900429,0.000694,0.000210,12.468190,0.004740,0.004744,0.000706,0.002143,10286056.808581,0.000000
-14504290.115422,1629045.690533,71823132.700465,43.188342,-1.465193,0.685790,0.780084,0.855894,0.677767,0.223311,0.784172,0.658787,0.539559,0.284884,0.849061,0.760154,0.345238,0.290056,0.744798,0.221565,0.777552,0.610762,0.435814,0.297332,0.294146,0.225301,0.005258,0.275063,0.075410,0.244905,0.650994,0.942818,0.962910,0.640050,0.392761,0.327654,0.216483,13.820590,13.401826,0.249380,0.227879,0.728027,0.782731,0.640024,0.685650,0.891662,0.927977,0.768967,0.473661,0.213407,36.811658,0.000674,0.005487,8.704903,0.004063,0.004087,0.000323,0.002526,14504290.115422,0.000000
-10761836.455322,1554886.789718,69091231.330095,39.608307,-1.866264,0.697177,0.858887,0.728950,0.127870,0.213610,0.756306,0.664127,0.339422,0.215769,0.394152,0.828405,0.464639,0.330312,0.143469,0.423462,0.773246,0.572100,0.075204,0.293770,0.301648,0.250825,0.485742,0.396282,0.023079,0.285068,0.853588,0.939082,0.952901,0.462916,0.458476,0.261730,0.222992,12.111193,11.714310,0.757153,0.278031,0.758461,0.804734,0.671646,0.703364,0.920488,0.946270,0.845299,0.407509,0.055837,40.391693,0.001564,0.001085,9.953685,0.004637,0.004619,0.000496,0.002353,10761836.455322,0.000000
-7396499.408166,1484839.785375,56588630.017373,33.493318,-0.686481,0.901257,0.970409,0.870727,0.064949,0.141947,0.625221,0.666756,0.471754,0.204977,0.383741,0.479824,0.428678,0.284407,0.371204,0.324549,0.474593,0.600081,0.979873,0.293075,0.022936,0.111117,0.201717,0.296960,0.011334,0.030956,0.681711,0.934154,0.954555,0.638049,0.294087,0.150578,0.238347,13.296552,19.631057,0.906259,0.217225,0.706319,0.743246,0.618882,0.649989,0.849965,0.881343,0.496656,0.475741,0.553410,46.506682,0.002157,0.005696,7.838102,0.004642,0.004643,0.000824,0.002025,7396499.408166,0.000000
-7640439.602719,1626599.958037,59903805.712487,32.972748,-2.079423,0.730755,0.975019,0.900721,0.392662,0.813907,0.750555,0.664506,0.289300,0.417662,0.677884,0.569162,0.479507,0.890184,0.371694,0.903787,0.591270,0.322283,0.702003,0.435650,0.774603,0.231716,0.880710,0.306587,0.010448,0.001966,0.690911,0.993509,0.944498,0.668625,0.465853,0.297821,0.113957,9.232414,19.970982,0.613515,0.285452,0.738288,0.758883,0.596791,0.612581,0.745678,0.775811,0.874998,0.491264,0.063190,47.027252,0.002869,0.006364,9.729335,0.004579,0.004580,0.000783,0.002066,7640439.602719,0.000000
-6744484.248293,1510664.527691,69465736.214469,33.047380,-1.997134,0.550867,0.970211,0.869772,0.634480,0.774832,0.742691,0.059589,0.513268,0.314775,0.310855,0.625652,0.473394,0.331757,0.153261,0.545109,0.579173,0.313181,0.569536,0.026383,0.797101,0.246080,0.797332,0.967699,0.011640,0.001960,0.694074,0.966184,0.741228,0.967684,0.466318,0.297368,0.238848,9.556436,20.008321,0.781599,0.282944,0.766731,0.846205,0.681327,0.747174,0.925709,0.965594,0.864276,0.512085,0.051013,46.952620,0.000302,0.000275,6.275836,0.004304,0.004284,0.000196,0.002653,6744484.248293,0.000000
-12758308.169438,1552433.624196,67881365.422498,41.750203,-1.493679,0.684510,0.761227,0.861685,0.674344,0.846558,0.738177,0.691494,0.593951,0.359650,0.830572,0.764273,0.426060,0.290098,0.730204,0.455229,0.780545,0.315067,0.421934,0.308082,0.296849,0.123819,0.001260,0.280466,0.075494,0.181274,0.615102,0.861219,0.958979,0.456661,0.437997,0.157121,0.228341,14.009679,15.327875,0.235198,0.197976,0.754103,0.794112,0.658259,0.667324,0.828462,0.912964,0.775455,0.403134,0.066080,38.249797,0.001093,0.006113,6.568850,0.003951,0.003979,0.000453,0.002396,12758308.169438,0.000000
-8996808.630321,1346349.455450,57428787.481006,41.548985,-0.308265,0.742934,0.769003,0.698574,0.071124,0.778819,0.722794,0.930281,0.337759,0.224716,0.892808,0.582924,0.414341,0.300300,0.365225,0.244239,0.591529,0.339358,0.974151,0.326657,0.485599,0.098600,0.162928,0.965083,0.124110,0.009978,0.612390,0.861386,0.735139,0.457354,0.277789,0.187441,0.261892,13.241569,20.322342,0.535486,0.185198,0.677335,0.683341,0.591064,0.596453,0.819378,0.824392,0.265280,0.480663,0.389285,38.451015,0.002802,0.006297,5.880048,0.004490,0.004505,0.000830,0.002019,8996808.630321,0.000000
-6474956.262701,1476815.416119,45025273.801712,38.707626,-1.745111,0.927569,0.973062,0.354328,0.058638,0.834652,0.894575,0.894553,0.540350,0.248574,0.325928,0.570612,0.392315,0.928458,0.174372,0.894563,0.683936,0.580069,0.924843,0.441778,0.712222,0.235170,0.158353,0.387364,0.076228,0.043370,0.084029,0.995395,0.971474,0.450226,0.410277,0.437211,0.216078,13.102577,19.301416,0.535780,0.287190,0.815957,0.764596,0.689006,0.677751,0.942878,0.917770,0.825374,0.396710,0.115768,41.292374,0.003351,0.020143,8.665228,0.004992,0.004986,0.001041,0.001808,6474956.262701,0.000000
-6454835.591961,1335722.227807,51286623.481910,41.383426,-1.756737,0.794462,0.964127,0.398853,0.065013,0.649785,0.938838,0.667742,0.583446,0.652248,0.307809,0.753335,0.414657,0.865192,0.159406,0.467237,0.580585,0.331627,0.424158,0.321733,0.332588,0.249340,0.406644,0.714507,0.121233,0.009846,0.560318,0.959022,0.736507,0.196271,0.466067,0.164418,0.102303,11.690278,20.129880,0.672146,0.225243,0.684097,0.717153,0.440166,0.466817,0.692164,0.743065,0.827393,0.368049,0.048581,38.616574,0.002747,0.014455,8.800728,0.005000,0.004996,0.000994,0.001855,6454835.591961,0.000000
-4320968.092933,1413883.239483,35063677.777570,34.051037,-1.939971,0.913672,0.690871,0.288537,0.038204,0.768934,0.691770,0.658707,0.401341,0.318463,0.841884,0.735784,0.292162,0.910714,0.109840,0.468776,0.591268,0.804054,0.703080,0.429634,0.425327,0.113564,0.868743,0.958347,0.024532,0.003080,0.568255,0.946149,0.750310,0.595017,0.467309,0.299890,0.252333,9.340485,19.869638,0.420426,0.293654,0.855041,0.831273,0.755183,0.735799,0.969445,0.959410,0.856292,0.522860,0.040797,45.948963,0.001778,0.011239,3.830062,0.004470,0.004463,0.000794,0.002055,4320968.092933,0.000000
-9152748.804335,1452865.735474,62843368.872809,37.189625,-1.228706,0.707605,0.781290,0.806501,0.070935,0.262756,0.722104,0.664349,0.344975,0.592959,0.884794,0.568714,0.414868,0.300300,0.365674,0.395528,0.594534,0.594286,0.405303,0.340949,0.496231,0.100482,0.144766,0.965083,0.030096,0.141246,0.612390,0.861386,0.960432,0.230394,0.396439,0.147601,0.251728,13.830402,16.346313,0.625927,0.229022,0.739116,0.788267,0.649071,0.666938,0.798890,0.899324,0.707329,0.314050,0.164816,42.810375,0.002388,0.012522,6.294322,0.004287,0.004305,0.000672,0.002177,9152748.804335,0.000000
-6696506.716595,1268697.493324,44918391.054558,43.000609,-0.859034,0.795967,0.768961,0.281991,0.058926,0.769310,0.784625,0.924926,0.337696,0.199476,0.135517,0.432224,0.313461,0.313143,0.142753,0.245824,0.772237,0.454876,0.421101,0.314757,0.395154,0.222352,0.648381,0.387894,0.122049,0.070420,0.076003,0.943175,0.959967,0.458632,0.413839,0.261773,0.177773,9.948870,18.047346,0.435172,0.260080,0.805235,0.782088,0.707879,0.695826,0.919582,0.907442,0.799117,0.403595,0.158742,36.999391,0.002371,0.006823,0.859034,0.004311,0.004340,0.000660,0.002189,6696506.716595,0.000000
-6303921.487893,1433811.549894,50927489.607472,32.616314,-0.324886,0.685299,0.978293,0.700537,0.078545,0.797380,0.788754,0.740009,0.345716,0.318203,0.796589,0.595323,0.474422,0.290570,0.177194,0.897845,0.740880,0.591099,0.064411,0.582527,0.296805,0.235917,0.022711,0.308052,0.004081,0.015890,0.694809,0.860593,0.959537,0.453490,0.279912,0.162297,0.107370,14.463747,20.216826,1.249796,0.221742,0.704146,0.694191,0.549079,0.578869,0.727384,0.776977,0.277390,0.401716,0.572475,47.383686,0.003020,0.001010,11.296274,0.004890,0.004897,0.000893,0.001956,6303921.487893,0.000000
-7299051.412248,1357987.521111,49242283.068434,43.240265,-1.969362,0.953985,0.758652,0.343351,0.062159,0.851708,0.154493,0.660448,0.341447,0.323534,0.775085,0.739033,0.749054,0.260242,0.244109,0.217306,0.781878,0.767591,0.433610,0.300987,0.203466,0.465737,0.002816,0.305091,0.147842,0.007836,0.650306,0.957775,0.739990,0.690899,0.466070,0.333590,0.106806,13.596289,20.493165,0.729099,0.291848,0.815028,0.835499,0.679753,0.695335,0.843990,0.863777,0.860454,0.514606,0.048062,36.759735,0.005769,0.004197,2.493200,0.004877,0.004894,0.000979,0.001870,7299051.412248,0.000000
-8027327.638298,1456446.606026,55505140.135830,34.446001,-0.687132,0.738715,0.855212,0.869420,0.061722,0.144595,0.956291,0.666132,0.474521,0.214575,0.394236,0.705505,0.414758,0.284407,0.373228,0.423503,0.779159,0.572282,0.380216,0.293756,0.022936,0.230052,0.782538,0.394106,0.022461,0.030956,0.854147,0.934154,0.949154,0.673941,0.294162,0.150578,0.238347,9.830507,19.156503,0.977665,0.222541,0.709837,0.720064,0.622226,0.631116,0.853212,0.861578,0.496983,0.491723,0.553073,45.553999,0.001992,0.010248,11.098109,0.004785,0.004793,0.000706,0.002143,8027327.638298,0.000000
-6768511.747727,1231655.184473,54263110.603753,61.468756,-0.613037,0.899469,0.764627,0.303133,0.004529,0.789793,0.757099,0.666742,0.685728,0.276324,0.386549,0.471245,0.299442,0.325606,0.743357,0.894215,0.714602,0.585601,0.973201,0.293898,0.290491,0.250841,0.190787,0.293885,0.389084,0.009724,0.449603,0.959968,0.746603,0.460935,0.276655,0.276377,0.247917,10.573820,20.389417,0.099306,0.158118,0.718000,0.739078,0.631536,0.649479,0.852948,0.871028,0.458297,0.477878,0.456421,18.531244,0.006141,0.032243,2.811812,0.004570,0.004580,0.000798,0.002051,6768511.747727,0.000000
-4092701.137051,1394947.347353,38797719.736015,33.678754,-1.779564,0.739471,0.761227,0.367946,0.009534,0.846369,0.965505,0.691494,0.285485,0.045834,0.830567,0.592943,0.429981,0.290525,0.731292,0.900447,0.782620,0.315067,0.612776,0.308082,0.296849,0.133139,0.007238,0.280466,0.011068,0.043084,0.692296,0.946604,0.962599,0.456081,0.440003,0.157121,0.202171,13.822775,19.366458,0.522383,0.286894,0.839533,0.804864,0.695310,0.714189,0.908684,0.922395,0.831288,0.401769,0.098684,46.321246,0.005980,0.016593,4.164900,0.004724,0.004744,0.000887,0.001962,4092701.137051,0.000000
-9819719.092986,1515801.112108,67464057.705207,38.175247,-1.357946,0.685197,0.964999,0.804801,0.397913,0.181188,0.720064,0.731847,0.561790,0.336455,0.793923,0.593435,0.410128,0.277540,0.715555,0.231637,0.811521,0.620675,0.970724,0.130657,0.058775,0.510799,0.056306,0.543285,0.079734,0.009286,0.630519,0.863558,0.958913,0.654655,0.415103,0.259811,0.220652,13.778068,20.456683,0.630134,0.241290,0.734050,0.783392,0.645481,0.686574,0.901258,0.932193,0.742812,0.480754,0.119326,41.824753,0.001666,0.004695,10.364492,0.004797,0.004801,0.000710,0.002139,9819719.092986,0.000000
-3644098.837989,1200485.614985,63207584.776609,65.686338,-2.003130,0.545074,0.986840,0.367072,0.677393,0.774832,0.742608,0.447341,0.796120,0.314792,0.310855,0.623764,0.309519,0.332079,0.172169,0.545109,0.574687,0.310409,0.567511,0.026383,0.752283,0.246080,0.797332,0.373117,0.446409,0.001966,0.694074,0.968102,0.743083,0.676737,0.466318,0.157591,0.103964,9.135136,20.168267,0.194498,0.173519,0.788926,0.805076,0.656910,0.662685,0.778800,0.799812,0.865088,0.512126,0.051801,14.313662,0.000336,0.000250,4.278760,0.003888,0.003905,0.000454,0.002395,3644098.837989,0.000000
-17179650.043578,1423285.704640,92579582.861851,64.112541,-1.649687,0.847591,0.771545,0.730326,0.107044,0.177107,0.776159,0.666699,0.155358,0.210413,0.231184,0.739312,0.287271,0.255081,0.995720,0.395845,0.780978,0.770497,0.087089,0.871925,0.470286,0.211963,0.008746,0.393298,0.303870,0.285689,0.186148,0.938873,0.960660,0.596090,0.422983,0.297804,0.107542,12.348963,12.215686,0.122004,0.191239,0.692628,0.771283,0.608095,0.614192,0.725216,0.779670,0.807890,0.457214,0.134537,15.887459,0.000252,0.001412,7.339192,0.004221,0.004246,0.000607,0.002242,17179650.043578,0.000000
-15588455.586961,1505587.323537,75646494.570864,54.051057,-1.554074,0.745483,0.760781,0.854673,0.059148,0.780116,0.724142,0.438782,0.345730,0.323249,0.377648,0.827434,0.453137,0.902116,0.865396,0.462386,0.780545,0.600225,0.980456,0.809236,0.155353,0.231098,0.026963,0.310597,0.291490,0.008695,0.694821,0.962353,0.944616,0.613474,0.396859,0.343705,0.200783,13.381522,20.571737,0.190045,0.217848,0.728281,0.835458,0.644616,0.705925,0.891975,0.933018,0.788615,0.469486,0.211608,25.948943,0.006099,0.017631,6.712020,0.004613,0.004621,0.000728,0.002121,15588455.586961,0.000000
-14301209.743021,1586734.034207,66445208.907850,52.436780,-1.825988,0.902917,0.968105,0.489876,0.001400,0.575147,0.772037,0.667143,0.494969,0.307372,0.809453,0.604773,0.416749,0.347511,0.175245,0.227581,0.574855,0.325149,0.996807,0.086562,0.920427,0.212984,0.457872,0.399822,0.081411,0.621112,0.643967,0.996147,0.975515,0.286719,0.422558,0.158371,0.105410,11.560564,1.654207,0.301657,0.194776,0.634066,0.659463,0.386038,0.405855,0.586978,0.641188,0.838942,0.331789,0.161243,27.563220,0.005237,0.003941,9.725878,0.004435,0.004446,0.000738,0.002111,14301209.743021,0.000000
-13254482.113117,1863390.757263,66785226.765956,43.023746,-1.979761,0.739801,0.987006,0.944860,0.677239,0.266690,0.702618,0.934779,0.531283,0.288030,0.209749,0.738881,0.679243,0.918723,0.756731,0.902841,0.777475,0.579954,0.983006,0.453653,0.028394,0.237589,0.579500,0.300621,0.080738,0.212686,0.632371,0.958454,0.958225,0.475406,0.467501,0.332229,0.218325,11.607625,13.955794,0.296916,0.212270,0.740990,0.748471,0.589028,0.594552,0.871620,0.876664,0.861898,0.410720,0.045456,36.976254,0.005253,0.015469,11.218649,0.004465,0.004461,0.000434,0.002415,13254482.113117,0.000000
-3887718.304910,1343148.591155,40153328.225534,36.428679,-1.748535,0.747369,0.736003,0.309619,0.071664,0.652726,0.735694,0.676881,0.077861,0.311132,0.141976,0.755952,0.289097,0.769516,0.180828,0.225405,0.514987,0.581168,0.983729,0.865377,0.295739,0.110281,0.090822,0.298751,0.048443,0.037066,0.114115,0.930400,0.960182,0.617364,0.443329,0.331923,0.099760,12.925595,19.479420,0.298922,0.299767,0.795534,0.819749,0.647384,0.678110,0.807397,0.844403,0.825971,0.465707,0.084351,43.571321,0.003272,0.004655,2.874102,0.004407,0.004401,0.000783,0.002066,3887718.304910,0.000000
-20080456.119564,1478701.022617,89275074.428018,74.690555,-0.407085,0.957211,0.983793,0.655546,0.057471,0.146738,0.933697,0.425963,0.345828,0.307930,0.764367,0.595027,0.393577,0.294587,0.262482,0.432462,0.465811,0.675858,0.005870,0.385052,0.068985,0.210352,0.474531,0.095108,0.305008,0.598669,0.029849,0.932038,0.969440,0.255319,0.307402,0.158735,0.105555,10.650567,2.440275,0.272664,0.086031,0.527444,0.641921,0.373835,0.380334,0.415816,0.626826,0.334413,0.321267,0.494710,5.309445,0.003304,0.000203,10.351704,0.004279,0.004298,0.000752,0.002097,20080456.119564,0.000000
-19434613.650699,1595601.514625,87427721.358351,74.468320,-1.594477,0.741905,0.770123,0.891003,0.057716,0.238945,0.939799,0.404928,0.443205,0.349826,0.840913,0.565485,0.661060,0.291608,0.259132,0.239028,0.468464,0.590907,0.010625,0.305637,0.759093,0.248992,0.476718,0.085889,0.291182,0.635217,0.612651,0.934171,0.964985,0.366827,0.416631,0.433775,0.234681,11.021415,1.345523,0.105890,0.192271,0.692343,0.789440,0.609770,0.657587,0.869004,0.934650,0.796985,0.366123,0.120807,5.531680,0.002226,0.000047,9.918016,0.003108,0.003147,0.000025,0.002824,19434613.650699,0.000000
-2053600.808001,1296001.563395,49139971.779588,54.639193,-1.569587,0.743143,0.972986,0.302471,0.070845,0.780463,0.728430,0.950025,0.738019,0.597468,0.377181,0.757340,0.414593,0.770875,0.361165,0.434203,0.786133,0.681946,0.996847,0.867292,0.350020,0.108332,0.148280,0.311929,0.298443,0.009631,0.693567,0.962353,0.959367,0.978247,0.399190,0.161271,0.210090,12.495505,20.435361,0.228556,0.198025,0.805648,0.760101,0.712610,0.675195,0.917866,0.913762,0.791869,0.598831,0.205359,25.360807,0.010345,0.016145,5.757752,0.004850,0.004861,0.000954,0.001895,2053600.808001,0.000000
-9158667.335860,1413131.016403,58994704.031085,38.088128,-0.507141,0.739826,0.774012,0.858819,0.057750,0.654282,0.774581,0.666252,0.343125,0.228055,0.377854,0.603693,0.453851,0.282187,0.724364,0.463683,0.787836,0.327166,0.964566,0.765842,0.028422,0.213270,0.480993,0.310585,0.077209,0.009989,0.695304,0.931226,0.736710,0.630357,0.274979,0.162268,0.099994,11.426104,20.058878,0.489923,0.193209,0.685686,0.744120,0.595212,0.613293,0.700137,0.745709,0.397785,0.522928,0.642106,41.911872,0.001526,0.008893,6.706748,0.004328,0.004342,0.000666,0.002183,9158667.335860,0.000000
-14646272.818394,1308852.782313,74232613.557308,54.371314,-1.198359,0.745552,0.756514,0.695372,0.059065,0.780463,0.939229,0.421175,0.347339,0.305648,0.365339,0.582785,0.287242,0.329602,0.164879,0.216478,0.780545,0.329475,0.996753,0.336743,0.917430,0.472335,0.023583,0.307783,0.295212,0.009979,0.649788,0.851634,0.975420,0.613415,0.396665,0.161180,0.204806,12.965641,20.492358,0.436500,0.201815,0.711774,0.798537,0.631031,0.703165,0.837372,0.939166,0.698311,0.459033,0.159604,25.628686,0.002300,0.006655,8.565055,0.004510,0.004527,0.000725,0.002124,14646272.818394,0.000000
-14322567.197816,1234658.608241,67735590.558854,69.025641,-0.979948,0.793403,0.988685,0.291719,0.000269,0.806972,0.751811,0.430437,0.329340,0.313121,0.103172,0.754035,0.311965,0.765314,0.354345,0.318968,0.575201,0.301226,0.936076,0.308385,0.162654,0.235901,0.982379,0.930861,0.478070,0.023880,0.563184,0.991392,0.938557,0.668032,0.307548,0.157922,0.107245,9.021682,19.306457,0.180388,0.154618,0.706530,0.787938,0.629673,0.682776,0.805459,0.831456,0.624669,0.493121,0.529228,10.974359,0.005999,0.008294,2.870199,0.004845,0.004853,0.000950,0.001899,14322567.197816,0.000000
-19016509.464418,1401400.289672,98526922.197928,63.998355,-1.506270,0.794276,0.763156,0.723497,0.126763,0.176366,0.745500,0.327936,0.155358,0.354444,0.216662,0.554037,0.478485,0.296221,0.996978,0.395845,0.462350,0.333524,0.085816,0.846840,0.474901,0.230194,0.828382,0.373508,0.300246,0.284541,0.682099,0.856086,0.960660,0.292168,0.442819,0.261729,0.088826,9.966496,11.554945,0.098752,0.212512,0.666491,0.722732,0.489181,0.499552,0.605573,0.722224,0.778265,0.338180,0.053496,16.001645,0.002075,0.000441,4.890413,0.003836,0.003859,0.000379,0.002470,19016509.464418,0.000000
-3502990.572689,1481311.148593,36810612.910200,32.510866,-1.852531,0.955704,0.975762,0.341649,0.086798,0.156360,0.154493,0.660601,0.341447,0.215657,0.775085,0.739033,0.674138,0.277564,0.704601,0.893323,0.782081,0.767591,0.409851,0.130632,0.203466,0.465776,0.059961,0.305091,0.004617,0.008080,0.695598,0.949606,0.958182,0.690899,0.466522,0.333590,0.106806,13.140512,20.384870,0.519418,0.330458,0.789719,0.819906,0.652054,0.676485,0.818950,0.845604,0.857200,0.495215,0.043796,47.489134,0.009658,0.012724,1.852531,0.004575,0.004598,0.000812,0.002037,3502990.572689,0.000000
-6597282.113883,1401490.813442,45873652.311226,38.930132,-1.656896,0.738379,0.964999,0.352074,0.010199,0.821913,0.957072,0.731847,0.561790,0.322013,0.770157,0.593435,0.410124,0.290096,0.254453,0.237970,0.811962,0.620675,0.996172,0.301013,0.058775,0.472805,0.000891,0.543285,0.079734,0.042756,0.692052,0.957718,0.962645,0.654655,0.414790,0.259811,0.220652,13.804874,19.429686,0.651705,0.281701,0.810810,0.780510,0.716239,0.691438,0.946002,0.928847,0.809270,0.479467,0.163017,41.069868,0.008049,0.007468,5.555422,0.004860,0.004879,0.000959,0.001890,6597282.113883,0.000000
-17577373.226420,1446733.064785,82129915.735387,61.760219,-1.594398,0.740548,0.974644,0.910563,0.057591,0.229163,0.939799,0.404928,0.443205,0.252164,0.321667,0.597734,0.672402,0.292874,0.255083,0.431448,0.466703,0.682082,0.010625,0.872606,0.345694,0.110894,0.476718,0.085468,0.299268,0.222032,0.693406,0.934171,0.964985,0.289162,0.416618,0.158026,0.209615,12.020525,13.775363,0.644049,0.177110,0.720352,0.799010,0.619176,0.623865,0.834300,0.916820,0.796969,0.335757,0.147789,18.239781,0.002539,0.000168,10.419565,0.004564,0.004540,0.000428,0.002421,17577373.226420,0.000000
-17591546.982652,1819109.712842,75843109.715074,49.007192,-1.317847,0.956346,0.970672,0.844029,0.167638,0.780321,0.762490,0.669217,0.486902,0.202691,0.104724,0.752907,0.413901,0.251300,0.361423,0.247804,0.753922,0.766274,0.954518,0.340752,0.662480,0.202170,0.142666,0.395186,0.041527,0.655638,0.697808,0.836378,0.881903,0.634873,0.422794,0.165580,0.238455,14.344654,0.904323,0.307754,0.160825,0.716267,0.746608,0.623004,0.648400,0.851811,0.911004,0.732289,0.500169,0.089033,30.992808,0.001014,0.003968,11.660390,0.004124,0.004144,0.000237,0.002612,17591546.982652,0.000000
-15810676.168701,1563479.692469,92281723.808599,48.345548,-1.652190,0.745917,0.978964,0.730257,0.127381,0.854710,0.728682,0.663749,0.339410,0.179249,0.785881,0.576286,0.413230,0.885539,0.147378,0.215883,0.784994,0.579446,0.103623,0.267905,0.717417,0.101633,0.501700,0.313611,0.126510,0.271590,0.609311,0.967904,0.955933,0.645634,0.409123,0.263859,0.252724,12.000036,12.179822,0.553962,0.232992,0.675755,0.785776,0.601857,0.693199,0.853027,0.931167,0.808370,0.478244,0.181992,31.654452,0.001641,0.001491,10.217783,0.004535,0.004546,0.000607,0.002242,15810676.168701,0.000000
-8803907.497468,1557074.719953,60002171.282900,35.583152,-1.605032,0.796443,0.981839,0.807863,0.058737,0.771778,0.783935,0.658899,0.527523,0.321896,0.774093,0.433108,0.313461,0.929638,0.143201,0.397113,0.775241,0.454876,0.995381,0.314757,0.395154,0.233585,0.637663,0.389944,0.027541,0.068719,0.191300,0.943175,0.960252,0.231671,0.413839,0.261773,0.214452,10.844614,18.158428,0.654467,0.228210,0.767423,0.787058,0.578271,0.593915,0.900526,0.914292,0.799117,0.314600,0.158742,44.416848,0.001680,0.012993,10.174893,0.004505,0.004502,0.000830,0.002019,8803907.497468,0.000000
-11543169.262332,1580739.841726,76036844.880396,37.689136,-1.916566,0.913774,0.775050,0.877847,0.677239,0.247448,0.785805,0.662905,0.342789,0.198843,0.133716,0.759338,0.288314,0.292791,0.248716,0.457532,0.748538,0.571046,0.400349,0.450740,0.423609,0.224199,0.593864,0.387880,0.025786,0.178715,0.077109,0.937513,0.965823,0.596536,0.467978,0.332229,0.177886,10.968481,14.862066,0.405440,0.253295,0.748252,0.817904,0.664411,0.679184,0.897003,0.913403,0.852889,0.455658,0.035925,42.310864,0.000646,0.008496,7.781845,0.003949,0.003976,0.000491,0.002358,11543169.262332,0.000000
-10270732.928914,1619795.796414,72401165.038705,36.772431,-1.919472,0.690936,0.974334,0.927525,0.126285,0.144641,0.625157,0.664127,0.336222,0.331939,0.447247,0.767408,0.414906,0.330269,0.143469,0.377195,0.468680,0.599900,0.700660,0.432909,0.306146,0.253295,0.207212,0.396168,0.007447,0.212956,0.679412,0.939082,0.960558,0.476329,0.467622,0.261730,0.222990,13.815867,14.138899,0.780364,0.266362,0.755815,0.814890,0.669280,0.682369,0.919740,0.938967,0.853316,0.410341,0.037276,43.227569,0.001578,0.008878,9.833900,0.004519,0.004494,0.000395,0.002454,10270732.928914,0.000000
-7004176.058583,1558355.445289,47368873.185711,39.556465,-1.544509,0.901358,0.979472,0.299358,0.065977,0.210916,0.786615,0.663200,0.473044,0.204290,0.393983,0.827810,0.464491,0.909160,0.755052,0.325315,0.779159,0.572067,0.983051,0.293756,0.022936,0.108633,0.480247,0.398877,0.022488,0.285113,0.855887,0.934154,0.743050,0.643617,0.408887,0.330785,0.220207,11.582870,11.695624,0.122665,0.257395,0.797348,0.794667,0.699841,0.697891,0.938554,0.936875,0.786583,0.524367,0.167008,40.443535,0.018581,0.007967,2.197107,0.004097,0.004121,0.000543,0.002306,7004176.058583,0.000000
-8352141.643294,1539275.987974,55764909.525881,37.779743,-1.741191,0.913774,0.762368,0.291640,0.677239,0.766804,0.787240,0.662808,0.525400,0.320560,0.783638,0.760222,0.288224,0.928289,0.231499,0.889842,0.749607,0.571233,0.358235,0.449335,0.425602,0.229962,0.596724,0.389930,0.028678,0.171442,0.195478,0.937513,0.739863,0.596536,0.467978,0.275851,0.247135,10.483331,15.058950,0.116144,0.225244,0.772299,0.822130,0.658093,0.704335,0.905625,0.940444,0.824688,0.521881,0.035925,42.220257,0.000567,0.011775,4.210398,0.003248,0.003239,0.000163,0.002686,8352141.643294,0.000000
-14762697.366412,1390965.749356,73199030.023133,55.126174,-1.493359,0.906995,0.754646,0.874544,0.145832,0.763680,0.935778,0.668218,0.354600,0.308416,0.237641,0.598458,0.475210,0.272595,0.754107,0.222516,0.789920,0.317199,0.969554,0.430050,0.508925,0.219062,0.610516,0.389911,0.303861,0.007917,0.694609,0.852102,0.960243,0.277395,0.442838,0.163234,0.200767,10.661036,20.121864,0.301890,0.188319,0.745497,0.801686,0.622907,0.628668,0.872196,0.916044,0.775383,0.332514,0.051742,24.873826,0.001323,0.005051,10.015240,0.004250,0.004265,0.000698,0.002151,14762697.366412,0.000000
-15366594.364865,1689311.836352,72515767.123165,52.081922,-1.681417,0.902917,0.961175,0.489516,0.000979,0.774818,0.723250,0.439191,0.493344,0.323235,0.835096,0.830188,0.416749,0.920027,0.360269,0.248310,0.595295,0.596635,0.980484,0.121280,0.722714,0.111005,0.142306,0.316107,0.079621,0.616473,0.643019,0.995428,0.944669,0.286719,0.400537,0.156941,0.227031,13.714625,2.062761,0.244643,0.183484,0.742697,0.771016,0.571031,0.579861,0.821611,0.902668,0.813890,0.340685,0.217333,27.918078,0.007117,0.004241,10.660015,0.004537,0.004531,0.000802,0.002047,15366594.364865,0.000000
-13870114.931365,1448770.303050,68545056.820794,58.682697,-1.637100,0.783164,0.775112,0.718555,0.071785,0.799316,0.750764,0.675096,0.492792,0.177125,0.809463,0.556972,0.658433,0.792147,0.752615,0.387846,0.779827,0.701138,0.404408,0.299661,0.138211,0.197725,0.148159,0.549485,0.289411,0.155666,0.643918,0.935305,0.959838,0.677840,0.422776,0.164196,0.225451,12.906941,16.041845,0.222240,0.178687,0.762167,0.809838,0.674974,0.714711,0.866694,0.939488,0.805457,0.489518,0.133431,21.317303,0.015210,0.012340,6.657061,0.004205,0.004218,0.000743,0.002106,13870114.931365,0.000000
-9103117.819617,1423515.880635,58245248.434264,37.969509,-1.765892,0.684510,0.761227,0.820979,0.065383,0.862472,0.728585,0.692761,0.344953,0.335678,0.841936,0.592943,0.430520,0.290558,0.730204,0.455229,0.780545,0.458369,0.449030,0.308182,0.400233,0.081599,0.152042,0.384924,0.076822,0.009000,0.615286,0.942809,0.958866,0.232312,0.439723,0.264353,0.201522,13.259261,20.348282,0.576865,0.281678,0.786422,0.818628,0.629688,0.647557,0.924985,0.938986,0.828966,0.315239,0.097666,42.030491,0.001639,0.010640,5.619154,0.004308,0.004328,0.000739,0.002110,9103117.819617,0.000000
-9952195.020048,1436316.318084,68903693.783230,35.627640,-0.444378,0.796443,0.781248,0.805875,0.667720,0.236319,0.783935,0.657727,0.593910,0.199028,0.124149,0.432224,0.312469,0.313143,0.143201,0.397113,0.775241,0.311574,0.421101,0.314657,0.291771,0.224233,0.637663,0.177766,0.027541,0.070885,0.076003,0.860978,0.959967,0.455441,0.413980,0.154541,0.176833,10.436751,18.079481,0.492459,0.195893,0.604091,0.729138,0.519061,0.624126,0.559241,0.752560,0.358777,0.402345,0.120841,44.372360,0.000250,0.006524,5.447528,0.003542,0.003565,0.000217,0.002632,9952195.020048,0.000000
-6158775.618523,1571186.657781,53550871.786159,32.531103,-1.687960,0.794734,0.971210,0.857537,0.011468,0.210962,0.629295,0.664127,0.336278,0.207020,0.383748,0.828405,0.463827,0.943430,0.143997,0.259887,0.795078,0.599818,0.420945,0.301694,0.504264,0.230711,0.848880,0.388039,0.000094,0.019655,0.679708,0.939463,0.939224,0.642904,0.428790,0.261696,0.101756,9.550184,19.447775,0.994938,0.275002,0.726542,0.752484,0.577573,0.597970,0.696577,0.736740,0.815104,0.482961,0.121112,47.468897,0.003433,0.007117,10.492823,0.004998,0.004973,0.000810,0.002039,6158775.618523,0.000000
-17199108.893064,1696853.083083,75843593.787092,47.785452,-0.551482,0.752629,0.963876,0.726497,0.067788,0.155306,0.941352,0.656449,0.343707,0.313081,0.773747,0.815351,0.386741,0.285667,0.401662,0.265287,0.832985,0.609373,0.072900,0.758865,0.472348,0.468380,0.018564,0.396288,0.037722,0.617463,0.641496,0.856156,0.978284,0.611907,0.307738,0.260490,0.250145,14.706194,2.104022,0.392934,0.187425,0.625685,0.659050,0.538295,0.566432,0.780145,0.813430,0.423904,0.457489,0.448432,32.214548,0.002082,0.000952,12.156478,0.004524,0.004527,0.000432,0.002417,17199108.893064,0.000000
-19202253.868945,1740509.077308,82092794.620274,51.484589,-0.278967,0.687160,0.974689,0.852949,0.058878,0.758173,0.782347,0.413317,0.444198,0.285003,0.785619,0.757001,0.451908,0.919573,0.253546,0.430633,0.466703,0.583735,0.011278,0.451076,0.342450,0.222309,0.476718,0.096516,0.076574,0.600952,0.024251,0.852446,0.969228,0.477685,0.277778,0.332221,0.248859,12.969772,2.283093,0.268137,0.171004,0.569604,0.714863,0.484512,0.605869,0.698588,0.854682,0.243435,0.408127,0.418912,28.515411,0.004617,0.000281,10.652126,0.004184,0.004155,0.000104,0.002745,19202253.868945,0.000000
-12135736.542561,1230284.606706,62398764.189362,69.692897,-1.936616,0.793367,0.769690,0.284890,0.071087,0.808143,0.749364,0.673718,0.337723,0.401990,0.115009,0.567719,0.671092,0.781014,0.365619,0.318968,0.579136,0.332870,0.953677,0.288286,0.167268,0.236021,0.982379,0.373133,0.476449,0.043277,0.554274,0.991815,0.943761,0.668032,0.442615,0.156819,0.122870,9.174148,18.728327,0.070461,0.185294,0.782324,0.832020,0.682880,0.701157,0.837799,0.873303,0.855809,0.491289,0.112349,10.307103,0.004498,0.008249,3.593761,0.004680,0.004693,0.000861,0.001988,12135736.542561,0.000000
-9437575.218883,1471075.505816,63398411.587678,41.936041,-2.021307,0.794180,0.986225,0.692765,0.000851,0.706751,0.996829,0.427009,0.329376,0.354498,0.818261,0.568621,0.314197,0.775436,0.372149,0.227160,0.575200,0.595573,0.370096,0.174428,0.508286,0.256463,0.142368,0.965083,0.124920,0.023246,0.704515,0.973123,0.959762,0.328984,0.466752,0.437234,0.250213,13.465670,19.952947,0.880555,0.308953,0.782983,0.823043,0.694019,0.713233,0.934950,0.955337,0.867518,0.352864,0.052983,38.063959,0.002811,0.004633,12.277075,0.004926,0.004929,0.000904,0.001945,9437575.218883,0.000000
-16703312.966489,1712630.668364,83826099.052768,47.508503,-0.278828,0.753230,0.974689,0.726791,0.067882,0.147814,0.786604,0.404928,0.443894,0.285003,0.785619,0.757297,0.388621,0.919573,0.262482,0.430633,0.466703,0.583735,0.010625,0.451076,0.341401,0.222309,0.488987,0.096516,0.037540,0.600952,0.024251,0.852403,0.969228,0.477685,0.277778,0.332221,0.248859,12.712773,2.221162,0.351582,0.188635,0.553407,0.708932,0.472201,0.602081,0.678042,0.849332,0.243330,0.408127,0.418912,32.491497,0.004454,0.000432,12.333328,0.004424,0.004419,0.000496,0.002353,16703312.966489,0.000000
-19245726.993597,1556528.972790,85865287.511247,76.508406,-0.278828,0.753230,0.959295,0.726791,0.080194,0.147814,0.828672,0.404928,0.441733,0.312689,0.785619,0.757144,0.388621,0.291608,0.262482,0.430633,0.466703,0.583735,0.010625,0.451071,0.337937,0.222309,0.476718,0.096516,0.322790,0.598865,0.024251,0.852403,0.969228,0.992567,0.277778,0.330779,0.248859,11.522703,2.447309,0.293142,0.144604,0.552626,0.691016,0.473191,0.588852,0.677081,0.832348,0.243330,0.609110,0.424249,3.491594,0.002466,0.000283,12.362938,0.004465,0.004481,0.000488,0.002361,19245726.993597,0.000000
-13695054.634467,1553123.367037,73831982.063990,44.006037,-0.683786,0.695072,0.771735,0.860713,0.707303,0.784743,0.756370,0.671150,0.475099,0.214782,0.386299,0.806266,0.410042,0.879935,0.264524,0.232496,0.780536,0.570325,0.951137,0.853626,0.025549,0.229838,0.201501,0.380976,0.149410,0.030956,0.860058,0.949241,0.954498,0.988586,0.288320,0.150494,0.250979,12.550652,19.729359,0.179263,0.170919,0.651299,0.752776,0.571417,0.656309,0.792085,0.886702,0.495298,0.602068,0.589117,35.993963,0.000677,0.007262,6.993910,0.004276,0.004287,0.000357,0.002492,13695054.634467,0.000000
-5809081.957222,1492576.710300,49149061.098255,32.895692,-1.155438,0.697581,0.971210,0.730257,0.058353,0.210962,0.858284,0.664127,0.336655,0.204856,0.383748,0.828405,0.464639,0.875122,0.174105,0.330558,0.683170,0.579569,0.442797,0.293089,0.301648,0.110858,0.167980,0.387139,0.011092,0.002010,0.086891,0.938846,0.735196,0.642904,0.458476,0.255924,0.217036,13.511289,20.527027,0.972875,0.226554,0.757026,0.785958,0.643097,0.667560,0.888354,0.908158,0.685081,0.519552,0.055739,47.104308,0.003349,0.010934,10.036708,0.004914,0.004892,0.000742,0.002107,5809081.957222,0.000000
-21429540.940786,1808799.189743,105709575.613813,59.778456,-1.992845,0.799541,0.984283,0.839775,0.699765,0.770015,0.128159,0.399428,0.337726,0.340540,0.772948,0.583206,0.288496,0.796881,0.264353,0.995488,0.583888,0.593955,0.146404,0.547172,0.338655,0.274787,0.482083,0.971054,0.148502,0.637953,0.666255,0.968123,0.734504,0.208176,0.464531,0.164286,0.237892,11.358756,1.236343,0.076187,0.138190,0.672055,0.716378,0.500810,0.503829,0.738017,0.868023,0.863693,0.373826,0.055445,20.221544,0.000533,0.001814,4.384053,0.003298,0.003287,0.000172,0.002677,21429540.940786,0.000000
-16963412.012445,1835919.431296,75974355.734142,51.884243,-1.895518,0.903990,0.854373,0.908857,0.664397,0.357088,0.940206,0.657397,0.523780,0.320752,0.782877,0.830156,0.389102,0.236752,0.265622,0.389255,0.783871,0.579092,0.973095,0.141721,0.298605,0.463301,0.233570,0.316679,0.077577,0.616174,0.694760,0.931553,0.958144,0.709491,0.467600,0.158165,0.238511,12.449821,2.070879,0.140641,0.166407,0.757768,0.784886,0.663906,0.668298,0.849412,0.910820,0.849759,0.502517,0.034235,28.115757,0.000398,0.002660,14.105624,0.003592,0.003626,0.000379,0.002470,16963412.012445,0.000000
-8721827.875478,1597388.859373,63042617.361046,34.067463,-1.886932,0.552848,0.981693,0.897274,0.677396,0.766741,0.960463,0.658562,0.352811,0.212461,0.302941,0.760222,0.287862,0.914148,0.111430,0.459581,0.586766,0.525932,0.994208,0.295939,0.505688,0.232082,0.594979,0.721235,0.025657,0.002198,0.480164,0.926702,0.740939,0.676422,0.468780,0.299854,0.090323,10.862074,20.213643,0.503012,0.242909,0.696072,0.718743,0.547116,0.564297,0.578320,0.631445,0.848464,0.526264,0.029910,45.932537,0.000161,0.009034,6.352837,0.004086,0.004056,0.000017,0.002832,8721827.875478,0.000000
-9906934.985705,1384344.472761,65152583.249556,41.663643,-1.490089,0.742934,0.736828,0.842745,0.071124,0.779615,0.722794,0.930281,0.335768,0.599749,0.890409,0.568714,0.676561,0.300300,0.365225,0.244239,0.591529,0.594286,0.405303,0.340949,0.807000,0.110331,0.155484,0.965083,0.124603,0.013159,0.612390,0.944053,0.960432,0.457354,0.395890,0.162511,0.252314,13.182295,20.253247,0.556765,0.232115,0.748696,0.773173,0.664554,0.685110,0.840185,0.901886,0.774647,0.402948,0.205530,38.336357,0.002511,0.005795,4.772130,0.004235,0.004255,0.000755,0.002094,9906934.985705,0.000000
-21245555.577882,1806240.720663,98745711.399395,52.151151,-1.408895,0.950268,0.976198,0.871168,0.069348,0.869813,0.729349,0.340233,0.250732,0.187259,0.137381,0.840090,0.472107,0.247245,0.188836,0.387792,0.777044,0.598868,0.886790,0.260105,0.335619,0.212192,0.486384,0.298797,0.076905,0.628662,0.609139,0.865106,0.959869,0.995598,0.422316,0.190555,0.216232,12.721106,1.420979,0.364931,0.183886,0.650166,0.794822,0.571527,0.691437,0.802679,0.927045,0.755587,0.613998,0.103022,27.848849,0.001181,0.008749,11.689263,0.004277,0.004294,0.000368,0.002481,21245555.577882,0.000000
-15170007.475911,1436363.353078,78396360.779263,66.031950,-2.004582,0.698299,0.990352,0.404689,0.064287,0.325060,0.145752,0.477362,0.475238,0.204939,0.234312,0.586635,0.313381,0.779438,0.362303,0.389306,0.575675,0.500332,0.074116,0.340858,0.161336,0.119110,0.198632,0.396505,0.274407,0.426067,0.741102,0.964563,0.934363,0.647819,0.468488,0.272867,0.247611,10.611688,7.801927,0.079978,0.226390,0.752897,0.848804,0.669755,0.749188,0.917589,0.966770,0.865283,0.486605,0.045974,13.968050,0.005293,0.003147,4.591899,0.004099,0.004100,0.000588,0.002261,15170007.475911,0.000000
-5483859.225598,1534413.787997,63671073.609657,32.901902,-1.976105,0.658117,0.977304,0.836127,0.370165,0.216690,0.633794,0.441866,0.128890,0.694031,0.390728,0.829052,0.464639,0.338503,0.147084,0.324508,0.761733,0.598641,0.412772,0.293263,0.301648,0.111020,0.485742,0.400698,0.003859,0.027270,0.693647,0.974082,0.952831,0.188207,0.458476,0.299896,0.223262,11.585324,19.500016,1.019345,0.301454,0.781131,0.819396,0.608092,0.628228,0.923280,0.939082,0.861392,0.299608,0.070434,47.098098,0.000583,0.011197,8.836412,0.004647,0.004623,0.000506,0.002343,5483859.225598,0.000000
-6526204.507115,1303257.246687,43340228.646562,42.273142,-1.228985,0.742934,0.769003,0.282538,0.071124,0.779643,0.713438,0.922058,0.336433,0.294937,0.884794,0.568714,0.414868,0.784904,0.179401,0.244239,0.514967,0.594288,0.982702,0.340949,0.495287,0.098600,0.155484,0.312940,0.124603,0.037623,0.588629,0.861386,0.960432,0.457354,0.396481,0.162511,0.252314,12.826388,19.451578,0.334864,0.243346,0.803092,0.767832,0.707211,0.678321,0.894688,0.901038,0.707411,0.402948,0.164707,37.726858,0.003238,0.005436,3.940752,0.004668,0.004684,0.000860,0.001989,6526204.507115,0.000000
-7588820.428285,1375530.872465,51453038.249900,38.947178,-0.707647,0.793365,0.961690,0.486914,0.074454,0.798847,0.748362,0.736892,0.330079,0.322747,0.088907,0.669280,0.410546,0.290021,0.268341,0.392887,0.770924,0.312235,0.435563,0.812912,0.923307,0.238835,0.979486,0.935921,0.077818,0.041183,0.777462,0.965028,0.960955,0.253669,0.285415,0.261674,0.104007,8.844341,18.671407,0.713400,0.254133,0.725098,0.716276,0.514464,0.543796,0.763775,0.809700,0.507198,0.323018,0.612728,41.052822,0.004834,0.011212,8.373534,0.004955,0.004967,0.000865,0.001984,7588820.428285,0.000000
-12579695.924112,1476888.595022,84032871.072478,41.675500,-1.643297,0.682800,0.977295,0.832727,0.666057,0.370236,0.761555,0.669114,0.513126,0.173745,0.810342,0.821909,0.390574,0.291907,0.171018,0.274061,0.783549,0.576032,0.407107,0.299035,0.291953,0.460013,0.805504,0.263750,0.119981,0.021917,0.671170,0.855924,0.736098,0.653466,0.466065,0.164440,0.224326,9.632092,19.487560,0.777906,0.208347,0.714744,0.813086,0.606866,0.716237,0.804305,0.939772,0.806659,0.551062,0.006215,38.324500,0.000340,0.005638,10.770250,0.004766,0.004744,0.000611,0.002238,12579695.924112,0.000000
-11324338.014637,1356459.207598,63933919.654894,61.372500,-1.988286,0.659031,0.770565,0.405607,0.078456,0.335664,0.742509,0.443742,0.570922,0.361043,0.773068,0.593412,0.312070,0.779091,0.175144,0.876106,0.789131,0.445459,0.202957,0.549015,0.334561,0.235038,0.000268,0.277691,0.296188,0.222423,0.564962,0.959700,0.934407,0.376669,0.468303,0.298414,0.248686,11.465894,14.101903,0.126312,0.235252,0.790486,0.844534,0.702098,0.721512,0.939365,0.965042,0.863070,0.379288,0.044357,18.627500,0.002961,0.009394,3.342927,0.004142,0.004144,0.000651,0.002198,11324338.014637,0.000000
-12070654.594843,1230041.951202,72029220.598290,55.016348,-1.493359,0.608756,0.766271,0.416587,0.145832,0.196083,0.939035,0.357661,0.353072,0.291419,0.237641,0.598766,0.474283,0.272595,0.754107,0.222632,0.786504,0.577718,0.214362,0.430595,0.507462,0.220622,0.001773,0.398425,0.303289,0.011334,0.733093,0.852102,0.960243,0.216755,0.442838,0.163234,0.189705,12.440386,20.440259,0.216557,0.238649,0.736750,0.828143,0.656372,0.685090,0.858288,0.952581,0.775383,0.308760,0.051742,24.983652,0.004928,0.008808,3.618087,0.004588,0.004611,0.000654,0.002195,12070654.594843,0.000000
-9312166.224211,1426305.089701,65560291.164429,38.052261,-1.674262,0.744356,0.968966,0.820673,0.073795,0.846369,0.728585,0.691494,0.589529,0.351059,0.830567,0.592943,0.414208,0.293248,0.144911,0.250707,0.779047,0.315067,0.407511,0.341578,0.296849,0.124350,0.489755,0.280466,0.076822,0.009615,0.615249,0.860612,0.958866,0.453111,0.468780,0.156848,0.201539,11.661296,20.073755,1.079224,0.244552,0.767482,0.802063,0.670440,0.689078,0.828372,0.906346,0.812554,0.401778,0.002892,41.947739,0.002202,0.006594,9.871890,0.004784,0.004791,0.000814,0.002035,9312166.224211,0.000000
-5358241.060494,1437814.954070,43760964.132458,32.884793,-1.748840,0.683340,0.767178,0.283977,0.672331,0.805069,0.621830,0.667867,0.342149,0.335164,0.816096,0.567399,0.430096,0.887891,0.730752,0.451435,0.592882,0.594132,0.421879,0.307469,0.316029,0.111091,0.155417,0.401562,0.008968,0.009633,0.613528,0.939074,0.960184,0.456181,0.438861,0.164559,0.222539,12.345823,20.274309,0.170536,0.270640,0.825669,0.828572,0.698780,0.717528,0.895579,0.933896,0.826024,0.402567,0.097971,47.115207,0.004963,0.006689,3.302694,0.003801,0.003827,0.000409,0.002440,5358241.060494,0.000000
-13966298.665312,1248335.473552,66759823.277702,68.366477,-1.228482,0.778515,0.986922,0.284890,0.063190,0.806401,0.751811,0.452651,0.329340,0.356032,0.873590,0.567719,0.413922,0.781014,0.365619,0.318968,0.575201,0.334619,0.950965,0.340543,0.497891,0.102723,0.982379,0.387632,0.478070,0.007738,0.563184,0.860554,0.943761,0.454616,0.396812,0.157922,0.121376,10.031481,19.799876,0.140980,0.160888,0.743290,0.803064,0.635014,0.640800,0.829410,0.853233,0.707263,0.407147,0.163455,11.633523,0.007979,0.008600,2.976224,0.004782,0.004793,0.000911,0.001938,13966298.665312,0.000000
-6592575.976078,1298740.537718,51011749.616625,41.927680,-1.935241,0.742934,0.971601,0.373077,0.000355,0.780213,0.140658,0.910403,0.337865,0.598104,0.097362,0.568714,0.312911,0.300362,0.365225,0.243667,0.648492,0.590099,0.405303,0.288021,0.165608,0.231898,0.121961,0.947514,0.124603,0.024057,0.694518,0.992101,0.968038,0.670770,0.442242,0.162511,0.108322,13.110632,19.904726,0.680745,0.285853,0.812543,0.818425,0.674401,0.694654,0.824386,0.851071,0.855611,0.483908,0.113310,38.072320,0.004889,0.006210,4.205670,0.004779,0.004790,0.000831,0.002018,6592575.976078,0.000000
-18697270.198231,1907957.199618,130246407.760305,46.734893,-0.876207,0.913774,0.975662,0.880102,0.677239,0.766804,0.773423,0.402757,0.156149,0.212221,0.772292,0.760657,0.356813,0.297301,0.247270,0.456473,0.748253,0.772971,0.913429,0.452081,0.395272,0.222300,0.593864,0.097527,0.024360,0.627940,0.192406,0.939330,0.960316,0.602720,0.314713,0.262879,0.215176,11.741762,1.348926,0.222911,0.175867,0.444975,0.751250,0.393762,0.635769,0.548554,0.893084,0.583641,0.459926,0.469193,33.265107,0.000639,0.011477,12.412675,0.003847,0.003862,0.000402,0.002447,18697270.198231,0.000000
-21488161.203311,1694338.747411,107004517.224434,75.839147,-2.060746,0.848501,0.974543,0.724412,0.077391,0.156530,0.786577,0.340292,0.247626,0.318911,0.779472,0.757958,0.388676,0.902747,0.262257,0.423949,0.783351,0.570083,0.019460,0.429344,0.505989,0.233559,0.830195,0.364890,0.322790,0.575926,0.974702,0.983774,0.742625,0.998825,0.467844,0.330958,0.248832,10.189729,2.858753,0.170601,0.173726,0.684589,0.828410,0.609681,0.728688,0.869774,0.955265,0.872641,0.506400,0.055138,4.160853,0.004496,0.000478,11.768661,0.004403,0.004399,0.000675,0.002174,21488161.203311,0.000000
-12812728.266831,1491167.656499,66392527.541309,48.434863,-1.554052,0.957715,0.908806,0.730257,0.127870,0.780059,0.728682,0.663838,0.492945,0.585185,0.101433,0.747085,0.464639,0.330967,0.187468,0.215883,0.784956,0.579517,0.061708,0.293089,0.513918,0.103755,0.001683,0.393335,0.128127,0.274009,0.689609,0.938177,0.955964,0.642904,0.408398,0.163949,0.172155,14.797596,12.527676,0.749342,0.208054,0.756664,0.781880,0.668944,0.680833,0.873075,0.901318,0.788610,0.477162,0.170106,31.565137,0.002483,0.000704,10.259226,0.004640,0.004655,0.000690,0.002159,12812728.266831,0.000000
-18449384.987113,1848804.466413,77108393.652226,52.233344,-0.535608,0.686050,0.966330,0.850523,0.058893,0.366221,0.937095,0.666959,0.344011,0.308743,0.785512,0.815211,0.449270,0.923173,0.371671,0.266829,0.783280,0.609373,0.983263,0.329246,0.915808,0.468380,0.025122,0.396288,0.076756,0.637074,0.641511,0.850250,0.978031,0.605967,0.308152,0.260282,0.222337,14.780924,1.581640,0.208495,0.155562,0.628297,0.661770,0.536037,0.564288,0.783335,0.816428,0.414686,0.455263,0.443280,27.766656,0.004773,0.008519,11.034114,0.004176,0.004139,0.000106,0.002743,18449384.987113,0.000000
-14873086.486589,1480317.303438,74893297.187034,67.931105,-2.108693,0.738806,0.990027,0.727586,0.078653,0.765485,0.707134,0.664802,0.297569,0.556841,0.361513,0.740800,0.675817,0.307500,0.266352,0.163866,0.783853,0.687659,0.832735,0.761484,0.462970,0.237791,0.939900,0.307351,0.410184,0.132101,0.639655,0.998189,0.984268,0.962329,0.468418,0.331702,0.225083,9.400109,16.143918,0.491188,0.206833,0.771402,0.820952,0.685545,0.726730,0.928098,0.954157,0.878603,0.591486,0.059871,12.068895,0.003623,0.004155,9.546256,0.004728,0.004700,0.000573,0.002276,14873086.486589,0.000000
-4276905.894898,1366766.221620,35454777.075774,34.026602,-1.938675,0.743607,0.681588,0.284308,0.015923,0.768934,0.728850,0.667849,0.399966,0.335837,0.819585,0.447427,0.430011,0.885346,0.360149,0.213082,0.591134,0.314842,0.607572,0.428619,0.422483,0.124524,0.004375,0.958160,0.024532,0.009615,0.615274,0.945908,0.749545,0.715729,0.467216,0.297920,0.201907,13.391614,20.371220,0.371148,0.305543,0.853017,0.827509,0.754292,0.733469,0.961209,0.957718,0.856105,0.522646,0.040885,45.973398,0.010382,0.005440,3.128529,0.004665,0.004662,0.000925,0.001924,4276905.894898,0.000000
-9110175.751655,1617960.397568,63429590.032388,33.730434,-0.594483,0.901257,0.973738,0.872582,0.657726,0.226275,0.756176,0.682275,0.564105,0.216433,0.776999,0.630878,0.466823,0.265275,0.373998,0.546551,0.774334,0.572103,0.982963,0.293957,0.175728,0.233774,0.201717,0.635445,0.022465,0.000909,0.854147,0.895688,0.953313,0.655082,0.297657,0.326466,0.237986,13.153324,20.579645,0.719280,0.226771,0.669270,0.720294,0.579189,0.622014,0.817992,0.864562,0.448152,0.482858,0.431506,46.269566,0.001379,0.009249,11.603130,0.004671,0.004677,0.000932,0.001917,9110175.751655,0.000000
-13506866.839939,1226977.164099,70379779.159976,68.731733,-2.087931,0.682930,0.855304,0.494500,0.044108,0.578591,0.697273,0.439539,0.329360,0.670904,0.368816,0.583813,0.420074,0.781326,0.175378,0.467654,0.575020,0.333976,0.143571,0.327280,0.158281,0.230592,0.406692,0.404406,0.478070,0.021832,0.562392,0.996147,0.939970,0.246878,0.465914,0.164729,0.103295,11.327032,19.862595,0.458625,0.193673,0.745889,0.759774,0.538634,0.547143,0.750614,0.799580,0.876057,0.326328,0.064151,11.268267,0.003750,0.004117,7.267002,0.004880,0.004887,0.000813,0.002036,13506866.839939,0.000000
-5774498.340362,1301484.022734,49603723.051927,41.217324,-1.835584,0.796050,0.965036,0.401631,0.002423,0.151307,0.161515,0.467785,0.567460,0.301715,0.307809,0.692017,0.392386,0.782184,0.175128,0.393174,0.580063,0.591601,0.138216,0.547681,0.340376,0.251996,0.457823,0.711027,0.118828,0.009996,0.654474,0.959044,0.740297,0.196250,0.442790,0.157897,0.238841,11.270719,20.038317,0.591781,0.253523,0.797998,0.859563,0.674371,0.692266,0.881540,0.954016,0.840480,0.366793,0.097856,38.782676,0.005186,0.007818,3.691590,0.004849,0.004847,0.001002,0.001847,5774498.340362,0.000000
-9475571.873068,1473282.871740,64939735.955173,35.078505,-1.882923,0.656723,0.852394,0.863107,0.651595,0.366217,0.784302,0.921651,0.348993,0.320782,0.132965,0.446861,0.389102,0.254296,0.266433,0.389139,0.803649,0.455780,0.421920,0.141721,0.298259,0.222037,0.235866,0.274997,0.026155,0.052953,0.444865,0.933776,0.958137,0.712695,0.464205,0.158165,0.221520,12.724495,18.947160,0.639553,0.243039,0.734076,0.786216,0.631060,0.680872,0.775315,0.838746,0.847855,0.503776,0.041945,44.921495,0.000775,0.002112,7.110546,0.003875,0.003889,0.000118,0.002731,9475571.873068,0.000000
-10175659.090446,1425712.445222,63497284.530287,39.629774,-1.604505,0.796030,0.781980,0.806180,0.071558,0.252422,0.944577,0.658995,0.519698,0.199476,0.811815,0.819157,0.313461,0.313143,0.141580,0.397113,0.775138,0.578188,0.434544,0.314757,0.395154,0.464771,0.635366,0.387488,0.078963,0.070270,0.076003,0.943221,0.959975,0.231671,0.413734,0.261773,0.177504,10.583197,18.115805,0.754608,0.227045,0.753321,0.797003,0.578458,0.596923,0.877730,0.907839,0.799011,0.314678,0.159022,40.370226,0.001840,0.012755,12.568729,0.004665,0.004680,0.000863,0.001986,10175659.090446,0.000000
-17033075.876982,1647090.631287,80764887.409822,47.761382,-1.615839,0.686558,0.974013,0.852880,0.063964,0.783211,0.625403,0.442831,0.474813,0.204856,0.772076,0.828405,0.464400,0.338503,0.143469,0.323536,0.763745,0.598641,0.075173,0.288170,0.301648,0.110899,0.505689,0.396288,0.076519,0.437274,0.693815,0.860605,0.952831,0.642904,0.458728,0.273345,0.223452,12.557319,7.169121,0.622663,0.226764,0.721228,0.819056,0.634343,0.707403,0.898106,0.940647,0.801276,0.478241,0.022603,32.238618,0.002310,0.000749,9.139783,0.004447,0.004424,0.000335,0.002514,17033075.876982,0.000000
-14980351.005612,1236924.977558,94215189.642453,68.829920,-1.836321,0.681824,0.855304,0.493970,0.002356,0.152537,0.723619,0.439579,0.049075,0.315897,0.089727,0.689875,0.388262,0.782228,0.175245,0.461058,0.575071,0.333957,0.138026,0.288286,0.160571,0.252360,0.457872,0.716475,0.478070,0.023779,0.777850,0.959574,0.943587,0.675168,0.442637,0.164779,0.238042,10.703698,19.740593,0.446861,0.213923,0.695009,0.840975,0.626080,0.746967,0.825309,0.961943,0.840597,0.494164,0.098423,11.170080,0.005195,0.004602,6.108433,0.004835,0.004834,0.000792,0.002057,14980351.005612,0.000000
-9575413.375454,1509493.167176,71928505.369667,37.966883,-2.078631,0.730755,0.978339,0.902183,0.398883,0.813411,0.750555,0.442157,0.290512,0.417204,0.356769,0.569162,0.479507,0.299716,0.358268,0.899790,0.607272,0.327227,0.566614,0.326724,0.780753,0.232905,0.014295,0.306587,0.079304,0.001966,0.691164,0.993252,0.944498,0.668111,0.465853,0.331982,0.118939,14.090577,20.698074,0.772191,0.299608,0.766624,0.802629,0.647720,0.661116,0.813761,0.844847,0.874899,0.491061,0.063084,42.033117,0.001845,0.006917,9.443137,0.004594,0.004600,0.000718,0.002131,9575413.375454,0.000000
-5848041.663706,1388703.065739,40527068.257434,38.941638,-1.437797,0.739154,0.759618,0.351964,0.012161,0.206996,0.957072,0.732796,0.561790,0.402061,0.770157,0.592836,0.656098,0.277540,0.365497,0.215800,0.811886,0.620887,0.923716,0.130657,0.062114,0.472922,0.057077,0.983056,0.079734,0.042756,0.612924,0.928474,0.962645,0.631889,0.395440,0.435041,0.238408,13.028604,19.362880,0.493487,0.306166,0.809459,0.778801,0.710496,0.685389,0.944058,0.926229,0.762550,0.470558,0.116875,41.058362,0.010489,0.006675,4.388895,0.004761,0.004781,0.000908,0.001941,5848041.663706,0.000000
-8341159.155850,1690361.260905,58447930.186202,35.462763,-2.073034,0.914147,0.975837,0.833399,0.016913,0.778593,0.822170,0.980244,0.289646,0.350347,0.103039,0.664865,0.307423,0.770827,0.207601,0.886847,0.777207,0.574733,0.925599,0.435487,0.786098,0.234703,0.987417,0.381856,0.000415,0.168890,0.564551,0.991035,0.748517,0.621457,0.466072,0.331871,0.320553,9.130587,14.834514,0.675465,0.249466,0.798895,0.770335,0.705797,0.682448,0.943218,0.927251,0.874196,0.506133,0.061725,44.537237,0.002106,0.019917,12.235534,0.004706,0.004712,0.000828,0.002021,8341159.155850,0.000000
-18391218.008587,1811228.447371,84351998.093445,44.947391,-1.509742,0.685378,0.761227,0.820673,0.393954,0.160435,0.728500,0.691474,0.285485,0.335230,0.795274,0.591238,0.705385,0.901957,0.059328,0.893518,0.584700,0.315067,0.601628,0.443775,0.072261,0.131850,0.031491,0.280466,0.011068,0.611965,0.615286,0.862650,0.958830,0.456081,0.439864,0.157121,0.202651,14.511602,2.261110,0.108699,0.179874,0.703942,0.763459,0.582941,0.593084,0.760498,0.879384,0.779033,0.402953,0.062657,35.052609,0.000131,0.008114,6.200365,0.002988,0.003023,0.000112,0.002737,18391218.008587,0.000000
-7775641.051669,1547655.323328,55571401.585370,33.204245,-1.906947,0.655387,0.969975,0.887786,0.001249,0.832384,0.745003,0.696952,0.518841,0.247443,0.830876,0.698743,0.428438,0.290237,0.712795,0.900548,0.783214,0.536346,0.977464,0.298355,0.289498,0.223304,0.455752,0.396939,0.011041,0.015212,0.206331,0.935536,0.965122,0.471405,0.467394,0.289613,0.099026,11.827697,19.920399,0.826678,0.252990,0.680321,0.709907,0.497471,0.520978,0.630802,0.684311,0.851467,0.406969,0.036277,46.795755,0.001533,0.016098,10.219282,0.004821,0.004826,0.000799,0.002050,7775641.051669,0.000000
-15573782.950224,1410215.407323,75438628.942191,58.784243,-1.101483,0.742202,0.700692,0.721451,0.071481,0.799223,0.750764,0.667879,0.345433,0.172617,0.795378,0.556492,0.470095,0.792147,0.752481,0.387846,0.778535,0.593810,0.404408,0.763435,0.708917,0.108013,0.499212,0.967774,0.289411,0.155666,0.612353,0.985973,0.960178,0.677840,0.400562,0.091734,0.254109,11.221493,15.734225,0.102783,0.161558,0.660358,0.809893,0.554027,0.692017,0.349329,0.721032,0.667622,0.489400,0.212818,21.215757,0.008143,0.011533,5.048895,0.003944,0.003968,0.000644,0.002205,15573782.950224,0.000000
-17805129.971919,1675893.046401,89198700.612189,55.381684,-2.022980,0.848521,0.769045,0.694765,0.071099,0.158598,0.973781,0.667952,0.154110,0.208498,0.835433,0.760648,0.384226,0.756090,0.372149,0.227160,0.766409,0.594234,0.372870,0.140002,0.506005,0.256463,0.142368,0.965083,0.123299,0.569136,0.695605,0.973659,0.959762,0.328984,0.466752,0.436131,0.250213,12.800826,3.488818,0.145452,0.252250,0.721110,0.790318,0.639160,0.664236,0.896448,0.938843,0.867739,0.352864,0.053203,24.618316,0.004841,0.005045,12.438967,0.003856,0.003888,0.000567,0.002282,17805129.971919,0.000000
-15828572.006890,1384143.405784,76646460.099306,58.023789,-1.019157,0.794161,0.974543,0.722412,0.077391,0.705855,0.786577,0.402839,0.341649,0.403471,0.775262,0.565918,0.677773,0.310856,0.262257,0.424324,0.596077,0.771907,0.041840,0.430684,0.508271,0.222309,0.830195,0.096646,0.322790,0.049476,0.974702,0.985332,0.742625,0.998825,0.314579,0.261608,0.248832,9.438406,18.669110,0.940367,0.181084,0.672243,0.779164,0.595808,0.685075,0.822940,0.912440,0.639101,0.505852,0.496432,21.976211,0.003750,0.000691,10.861175,0.004828,0.004832,0.000887,0.001962,15828572.006890,0.000000
-3876163.287929,1362237.874099,32379992.453728,34.026414,-1.012937,0.794105,0.972841,0.285567,0.006758,0.137562,0.749883,0.983119,0.329340,0.354387,0.822458,0.567719,0.311965,0.732921,0.371892,0.362126,0.575201,0.770512,0.950965,0.291417,0.167268,0.235184,0.904802,0.373133,0.022060,0.010697,0.563184,0.953596,0.750861,0.668032,0.442615,0.157922,0.121804,8.895339,19.614124,0.340900,0.257532,0.805825,0.802858,0.665698,0.690183,0.850652,0.870370,0.831591,0.520377,0.095899,45.973586,0.008148,0.008701,1.012937,0.004457,0.004453,0.000793,0.002056,3876163.287929,0.000000
-14465495.383990,1396723.332817,107306898.408957,53.198470,-0.348378,0.865599,0.972726,0.806441,0.657125,0.813549,0.723761,0.656056,0.128522,0.166311,0.209362,0.669959,0.355660,0.286968,0.362134,0.227080,0.770903,0.336309,0.400194,0.815865,0.918841,0.233803,0.481928,0.412193,0.264911,0.041207,0.556844,0.852709,0.960807,0.285612,0.285415,0.158165,0.239140,11.579666,19.202390,0.419566,0.156284,0.471749,0.721182,0.419873,0.627816,0.572066,0.863020,0.294168,0.335570,0.372149,26.801530,0.001349,0.005306,10.560922,0.004655,0.004666,0.000648,0.002201,14465495.383990,0.000000
-15660340.376507,1761793.390650,72885448.378810,51.805035,-2.104328,0.794998,0.972372,0.486949,0.095016,0.774911,0.723248,0.439191,0.493344,0.323780,0.809726,0.830188,0.416768,0.923215,0.817687,0.248310,0.574694,0.595899,0.980484,0.120644,0.492663,0.200744,0.142306,0.379860,0.079637,0.604306,0.644861,0.996147,0.944710,0.286719,0.468756,0.423387,0.227520,13.178110,2.433127,0.147759,0.241297,0.767195,0.782496,0.588119,0.596370,0.907450,0.915464,0.878072,0.340673,0.058350,28.194965,0.007136,0.004972,10.605733,0.004447,0.004440,0.000629,0.002220,15660340.376507,0.000000
-7395911.246661,1371288.432868,47747075.785977,43.093767,-0.390076,0.902181,0.846192,0.295370,0.001632,0.234998,0.724137,0.667867,0.335234,0.350447,0.794404,0.568718,0.414934,0.648200,0.345138,0.246912,0.592608,0.594282,0.420474,0.250839,0.160401,0.237094,0.504317,0.317195,0.079076,0.222561,0.611495,0.914177,0.960001,0.453211,0.422507,0.168765,0.252368,10.615167,13.558951,0.240177,0.256584,0.804221,0.806830,0.708806,0.713212,0.889137,0.924554,0.791593,0.401461,0.124593,36.906233,0.014006,0.004477,0.390076,0.004278,0.004302,0.000656,0.002193,7395911.246661,0.000000
-5692938.670307,1245547.797613,55555430.212366,54.486959,-1.780253,0.682014,0.849756,0.307172,0.066142,0.815119,0.693030,0.741299,0.587611,0.657498,0.386145,0.576393,0.313157,0.756648,0.150570,0.214816,0.790538,0.566792,0.997021,0.428415,0.505872,0.110115,0.498884,0.914368,0.295191,0.009324,0.499774,0.942452,0.938191,0.668116,0.442271,0.160907,0.198928,10.978754,20.122453,0.275827,0.209752,0.782392,0.811628,0.678629,0.721216,0.848945,0.897189,0.831404,0.493284,0.091861,25.513041,0.002472,0.007304,5.892967,0.004776,0.004768,0.000877,0.001972,5692938.670307,0.000000
-6096582.659582,1313270.099447,40962650.893050,41.785988,-0.633994,0.791174,0.972114,0.281641,0.042565,0.128944,0.950840,0.736731,0.539611,0.316826,0.839785,0.585901,0.410282,0.878369,0.189346,0.317707,0.765571,0.669762,0.416192,0.772469,0.026742,0.103558,0.022711,0.688037,0.126865,0.012427,0.563671,0.857634,0.737381,0.228617,0.392584,0.261656,0.104221,12.897296,20.333282,0.236058,0.241524,0.729166,0.763263,0.507285,0.535133,0.776265,0.813170,0.695961,0.381644,0.173107,38.214012,0.004337,0.009317,0.633994,0.004493,0.004510,0.000784,0.002065,6096582.659582,0.000000
-6334326.005896,1201138.990162,52590894.683070,61.581789,-0.546492,0.736867,0.764557,0.303133,0.001129,0.805132,0.957019,0.666087,0.685728,0.275009,0.391998,0.696926,0.299442,0.310155,0.742732,0.894215,0.590391,0.585780,0.374217,0.293898,0.289510,0.229832,0.774816,0.391031,0.389084,0.007569,0.449603,0.938607,0.741142,0.454456,0.276730,0.279225,0.247917,9.221842,19.961665,0.173873,0.161417,0.720393,0.721676,0.632869,0.634329,0.856241,0.856468,0.421023,0.477156,0.451826,18.418211,0.005206,0.022428,2.078549,0.004502,0.004514,0.000745,0.002104,6334326.005896,0.000000
-4196838.896066,1389290.243566,37069348.381075,33.312582,-0.694687,0.743245,0.970429,0.283977,0.001220,0.789730,0.958147,0.667987,0.337726,0.350993,0.810880,0.572236,0.300028,0.906031,0.148109,0.878625,0.715595,0.585963,0.407457,0.340964,0.317009,0.107203,0.489923,0.391167,0.013832,0.009762,0.615492,0.960480,0.754589,0.675568,0.285559,0.159066,0.223248,11.329783,19.992872,0.602968,0.219669,0.782044,0.722167,0.682841,0.635924,0.889935,0.859273,0.500769,0.519356,0.609176,46.687418,0.003924,0.022460,2.795846,0.004835,0.004847,0.000961,0.001888,4196838.896066,0.000000
-14568456.231287,1280194.816225,65751361.346715,66.420888,-0.423895,0.658951,0.855181,0.316515,0.001833,0.214506,0.956999,0.434232,0.331886,0.273208,0.138901,0.695425,0.300051,0.781605,0.175709,0.537474,0.799285,0.585762,0.431867,0.294004,0.032780,0.243441,0.195307,0.399374,0.387206,0.148309,0.604631,0.972812,0.958799,0.672708,0.275845,0.277275,0.246844,9.586105,16.166152,0.083745,0.184775,0.671602,0.747428,0.592836,0.656402,0.806034,0.877466,0.475760,0.487869,0.612372,13.579112,0.005242,0.026403,0.423895,0.004293,0.004292,0.000727,0.002122,14568456.231287,0.000000
-4877835.539337,1206203.478197,53884209.051702,67.773823,-1.267117,0.736927,0.764557,0.478144,0.064062,0.789793,0.948305,0.667696,0.685728,0.353114,0.386641,0.597731,0.458918,0.325606,0.745381,0.894215,0.714602,0.648968,0.374217,0.287600,0.290491,0.230187,0.771609,0.390947,0.470156,0.009724,0.449603,0.960356,0.741142,0.249831,0.466079,0.160902,0.226521,9.635303,19.949192,0.306374,0.140307,0.761192,0.815860,0.640458,0.673856,0.836177,0.885325,0.718358,0.389475,0.049104,12.226177,0.005419,0.024154,10.367911,0.004771,0.004779,0.000931,0.001918,4877835.539337,0.000000
-15594452.317458,1324837.882307,78962818.375815,54.903688,-1.772464,0.695875,0.768595,0.874544,0.145832,0.803815,0.938891,0.357661,0.354479,0.351611,0.237641,0.598458,0.474283,0.272595,0.138235,0.219661,0.785612,0.317199,0.406327,0.428424,0.508925,0.219062,0.001773,0.397403,0.303289,0.007917,0.694609,0.940361,0.960243,0.452128,0.442075,0.161938,0.200767,13.556448,20.593932,0.494074,0.219211,0.742337,0.836219,0.662875,0.708957,0.845589,0.945677,0.830086,0.400960,0.091392,25.096312,0.001332,0.006516,7.647808,0.004243,0.004265,0.000414,0.002435,15594452.317458,0.000000
-20949855.500936,1651186.040387,99757351.283198,59.780015,-1.992845,0.799274,0.984283,0.812310,0.008221,0.770015,0.128159,0.399428,0.337726,0.275568,0.781740,0.583206,0.288619,0.319962,0.264353,0.995488,0.583888,0.585735,0.118288,0.547172,0.290762,0.230048,0.488789,0.967094,0.148502,0.637953,0.666255,0.968123,0.734263,0.208176,0.464531,0.164286,0.247911,11.886202,1.185219,0.382922,0.165509,0.674051,0.780203,0.556535,0.578100,0.742544,0.918060,0.863693,0.373906,0.055445,20.219985,0.001022,0.001603,4.272059,0.004007,0.004029,0.000571,0.002278,20949855.500936,0.000000
-15710434.082940,1586875.736512,80627827.598435,68.428914,-2.048902,0.738509,0.990022,0.726292,0.384318,0.372803,0.707144,0.666923,0.239198,0.556841,0.378960,0.740800,0.678158,0.916981,0.371757,0.165407,0.783853,0.687659,0.832735,0.331864,0.464338,0.237791,0.938942,0.307351,0.407439,0.151235,0.661457,0.997570,0.953355,0.932289,0.458462,0.433008,0.225069,9.683400,15.582669,0.220227,0.200634,0.750916,0.820752,0.665696,0.723663,0.914691,0.949071,0.871124,0.582930,0.080259,11.571086,0.002948,0.004116,9.873778,0.004628,0.004595,0.000484,0.002365,15710434.082940,0.000000
-17918184.435226,1635758.636289,85823465.260043,69.058296,-1.906414,0.794384,0.987252,0.868671,0.078508,0.366114,0.808319,0.657708,0.296108,0.355156,0.393373,0.833396,0.468281,0.306486,0.269353,0.391754,0.572708,0.591907,0.993016,0.043104,0.301576,0.256833,0.975102,0.396473,0.301076,0.434983,0.602926,0.933522,0.983677,0.276379,0.468408,0.331478,0.221834,9.628582,6.994885,0.319023,0.183064,0.732491,0.764987,0.579405,0.582187,0.894413,0.899863,0.851388,0.325457,0.033437,10.941704,0.002376,0.003731,12.003114,0.004529,0.004502,0.000398,0.002451,17918184.435226,0.000000
-19197174.320410,1757048.802523,81631857.789899,51.911733,-1.594242,0.741887,0.989559,0.909848,0.057591,0.239520,0.935679,0.404928,0.443205,0.320611,0.385980,0.756741,0.661060,0.291608,0.266620,0.392675,0.786775,0.685564,0.010625,0.899787,0.345694,0.231719,0.476718,0.275979,0.073168,0.635217,0.693406,0.934171,0.964968,0.985162,0.416594,0.158026,0.208757,13.066057,1.248119,0.467838,0.181358,0.713990,0.783994,0.628766,0.686996,0.820335,0.917807,0.796938,0.607896,0.147848,28.088267,0.002410,0.000062,11.625136,0.004172,0.004145,0.000086,0.002763,19197174.320410,0.000000
-12747515.025335,1603631.688774,81322845.910266,39.608307,-1.993212,0.802323,0.858887,0.728950,0.703101,0.213610,0.761332,0.664127,0.339403,0.215769,0.394152,0.828405,0.464639,0.330312,0.143469,0.423462,0.773246,0.572425,0.075204,0.282240,0.301648,0.250825,0.485742,0.946346,0.023079,0.285068,0.663604,0.967943,0.952901,0.467332,0.464691,0.261730,0.237313,11.727590,11.733329,0.492041,0.266004,0.735679,0.815129,0.654305,0.696888,0.906118,0.949835,0.863743,0.409244,0.055044,40.391693,0.000232,0.000450,9.861558,0.004278,0.004297,0.000486,0.002363,12747515.025335,0.000000
-21034962.468343,1716596.104218,100083821.304989,59.778456,-1.865893,0.694395,0.984283,0.839775,0.124535,0.770015,0.137292,0.399428,0.337745,0.340540,0.772948,0.583206,0.288496,0.796881,0.264353,0.995488,0.583888,0.593630,0.146404,0.558702,0.338655,0.274787,0.482083,0.420771,0.148502,0.637953,0.856239,0.939262,0.734504,0.203760,0.458316,0.164286,0.223571,12.011014,1.207325,0.194491,0.162443,0.691213,0.738849,0.521810,0.526598,0.825377,0.880429,0.845242,0.371929,0.056244,20.221544,0.001040,0.002129,3.829568,0.003857,0.003876,0.000307,0.002542,21034962.468343,0.000000
-17230245.112247,1927810.884396,77612493.534091,45.431107,-2.098173,0.796505,0.970467,0.887772,0.390035,0.578347,0.723105,0.452211,0.553039,0.286260,0.848287,0.689875,0.424677,0.873502,0.154286,0.893237,0.584953,0.333453,0.982986,0.116336,0.063386,0.214751,0.477462,0.305657,0.009662,0.639767,0.631904,0.996696,0.958178,0.472658,0.467393,0.159478,0.101448,12.773331,1.104263,0.201260,0.169210,0.539667,0.556483,0.328465,0.340657,0.315415,0.391396,0.877320,0.409658,0.061348,34.568893,0.000593,0.003973,10.784316,0.003888,0.003902,0.000409,0.002440,17230245.112247,0.000000
-5960785.354193,1328573.527617,40822117.222117,38.760303,-0.658643,0.742734,0.681673,0.297265,0.071913,0.767034,0.749241,0.667867,0.339817,0.350993,0.795190,0.448894,0.468110,0.785254,0.237121,0.393167,0.774959,0.369549,0.699337,0.331124,0.496231,0.111786,0.865914,0.965410,0.076031,0.040024,0.635248,0.967643,0.960688,0.453211,0.279033,0.253768,0.252864,9.450939,18.764726,0.343586,0.256317,0.760225,0.738939,0.666686,0.649342,0.890345,0.871516,0.482447,0.401245,0.427449,41.239697,0.005290,0.014736,3.777559,0.004567,0.004578,0.000884,0.001965,5960785.354193,0.000000
-20209375.963659,1569007.730379,93322505.381709,76.545141,-0.238324,0.753230,0.974689,0.726791,0.692436,0.364756,0.755264,0.399024,0.441733,0.312689,0.785619,0.756915,0.388621,0.291608,0.262482,0.429571,0.466703,0.583735,0.010625,0.451451,0.338365,0.222309,0.598071,0.096516,0.322790,0.598865,0.024251,0.852403,0.963391,0.713879,0.273347,0.157207,0.253209,10.705912,2.369770,0.048995,0.082095,0.495337,0.717081,0.420129,0.613704,0.397009,0.776801,0.212053,0.502381,0.598785,3.454859,0.000689,0.000036,11.673475,0.003764,0.003767,0.000227,0.002622,20209375.963659,0.000000
-9897106.111250,1497955.624281,65997896.437868,38.711343,-1.930954,0.741108,0.990133,0.856185,0.090301,0.153294,0.786373,0.663167,0.513506,0.320746,0.811252,0.740630,0.416861,0.291606,0.266497,0.392559,0.783871,0.596501,0.436190,0.023177,0.296000,0.231755,0.471288,0.274591,0.075788,0.042222,0.175694,0.937410,0.969339,0.990910,0.470537,0.331737,0.101852,11.777048,19.109463,1.226955,0.272845,0.776350,0.809860,0.680570,0.692583,0.736137,0.763831,0.854990,0.608420,0.030815,41.288657,0.002431,0.001747,12.873275,0.005007,0.005012,0.000850,0.001999,9897106.111250,0.000000
-3929012.345703,1358895.086925,38231096.284623,33.332207,-0.275986,0.683755,0.767178,0.283977,0.093987,0.805069,0.135141,0.662883,0.342149,0.587521,0.883012,0.567399,0.429904,0.887891,0.730779,0.240888,0.592882,0.594018,0.421524,0.306401,0.316029,0.098373,0.155415,0.401562,0.014924,0.009621,0.613528,0.862441,0.960184,0.456181,0.396674,0.164523,0.222811,12.988230,20.249120,0.349668,0.269124,0.816945,0.814202,0.718099,0.716124,0.904454,0.937103,0.708791,0.402567,0.164708,46.667793,0.011101,0.006690,0.275986,0.004681,0.004694,0.000878,0.001971,3929012.345703,0.000000
-8584885.237834,1429483.432914,56910537.814139,38.260623,-1.895518,0.905236,0.854373,0.410948,0.672582,0.645240,0.940206,0.667428,0.523624,0.307564,0.763472,0.753602,0.389102,0.236752,0.259665,0.388218,0.583315,0.582278,0.973095,0.137684,0.299028,0.463301,0.233520,0.316679,0.077577,0.018552,0.694760,0.931553,0.744330,0.709491,0.467600,0.158165,0.238511,11.771872,20.001184,0.360120,0.238663,0.791265,0.816860,0.669524,0.723967,0.873104,0.930836,0.849759,0.525827,0.034235,41.739377,0.000706,0.002488,6.511035,0.003980,0.004000,0.000469,0.002380,8584885.237834,0.000000
-21298131.948963,1757470.785870,129650304.055676,51.871848,-1.826429,0.900753,0.976198,0.869701,0.069339,0.573405,0.750405,0.337894,0.241791,0.209824,0.140247,0.645557,0.389066,0.256551,0.175411,0.387792,0.777044,0.598868,0.886790,0.051666,0.335619,0.217945,0.476728,0.258233,0.076905,0.616480,0.609139,0.996138,0.960287,0.995598,0.422632,0.190555,0.216232,12.268098,1.797515,0.393323,0.205423,0.584640,0.809861,0.526480,0.713087,0.689798,0.935270,0.839012,0.586151,0.161058,28.128152,0.001312,0.005010,10.813198,0.004023,0.004043,0.000259,0.002590,21298131.948963,0.000000
-18071568.181309,1779379.362033,77876755.283949,52.137712,-1.239467,0.952420,0.972372,0.870063,0.061798,0.871207,0.947011,0.441530,0.499489,0.298133,0.207469,0.838383,0.391486,0.910705,0.163959,0.548852,0.574855,0.570175,0.068363,0.120864,0.807769,0.455706,0.151170,0.399979,0.079586,0.618989,0.610380,0.864960,0.944710,0.992453,0.396308,0.160543,0.214334,14.403538,2.015876,0.332785,0.160150,0.700227,0.754360,0.610448,0.655600,0.794647,0.899030,0.710462,0.618816,0.166855,27.862288,0.002947,0.000180,14.872615,0.004334,0.004350,0.000468,0.002381,18071568.181309,0.000000
-3279785.616376,1416378.425154,48243186.646323,33.311907,-2.001872,0.553015,0.974542,0.401949,0.052457,0.771931,0.871635,0.059589,0.802271,0.314775,0.310862,0.570720,0.474663,0.883463,0.172003,0.894016,0.580516,0.584257,0.150954,0.039239,0.751113,0.245797,0.797332,0.387394,0.009875,0.022067,0.690863,0.967699,0.735208,0.676615,0.466318,0.293459,0.101561,9.644508,19.369381,0.915625,0.302397,0.788166,0.823897,0.646095,0.674730,0.797499,0.837949,0.864918,0.509193,0.051636,46.688093,0.003416,0.001796,6.279474,0.004988,0.004976,0.000803,0.002046,3279785.616376,0.000000
-15352032.940910,1320210.611589,74486208.681236,63.175077,-1.896680,0.743185,0.849800,0.655016,0.070957,0.789031,0.945494,0.421504,0.345815,0.350993,0.781593,0.574129,0.415463,0.884609,0.364957,0.136615,0.467000,0.594152,0.406477,0.344195,0.713238,0.111624,0.940633,0.283702,0.409589,0.007383,0.612390,0.931597,0.975615,0.253254,0.467777,0.158592,0.252019,9.064047,19.861414,0.371718,0.189542,0.767209,0.839311,0.672091,0.689625,0.821672,0.936342,0.849934,0.318729,0.033901,16.824923,0.005837,0.002018,10.426614,0.004738,0.004741,0.000806,0.002043,15352032.940910,0.000000
-5002370.524996,1350437.098596,36380226.745381,37.419518,-0.299896,0.699397,0.753640,0.284005,0.073004,0.172689,0.763255,0.667649,0.338655,0.312748,0.810014,0.624464,0.498765,0.883470,0.373380,0.393953,0.781657,0.315756,0.405303,0.351727,0.291070,0.228538,0.493130,0.954946,0.068356,0.009792,0.611908,0.968217,0.960660,0.714730,0.466320,0.262094,0.253206,10.597809,19.983209,0.276553,0.315252,0.852983,0.832467,0.755252,0.738555,0.968422,0.959671,0.865137,0.503680,0.051846,42.580482,0.012113,0.016465,0.299896,0.004432,0.004448,0.000757,0.002092,5002370.524996,0.000000
-9504863.830954,1442184.262225,64480768.900603,38.401582,-0.686481,0.901257,0.970431,0.870727,0.065207,0.158044,0.625221,0.666756,0.540041,0.204977,0.386130,0.479824,0.429504,0.284407,0.371204,0.324549,0.474966,0.579741,0.980161,0.293075,0.744415,0.096478,0.159158,0.296960,0.075914,0.030956,0.681711,0.934154,0.971189,0.639792,0.294087,0.145008,0.238347,13.522483,19.695985,0.856003,0.206810,0.677803,0.726979,0.596149,0.637447,0.819224,0.867558,0.496656,0.470739,0.553410,41.598418,0.002149,0.005744,7.828731,0.004662,0.004665,0.000843,0.002006,9504863.830954,0.000000
-5337036.851166,1523826.826639,38886399.307188,33.763283,-1.750146,0.927569,0.973040,0.354328,0.058380,0.818555,0.894575,0.894553,0.472063,0.288458,0.323539,0.570612,0.391489,0.928458,0.174372,0.894563,0.683563,0.600410,0.924555,0.441778,0.004226,0.238742,0.200912,0.387364,0.011649,0.043370,0.084029,0.997024,0.954840,0.448483,0.410277,0.442781,0.216078,12.927128,19.236690,0.580748,0.294866,0.829002,0.775539,0.680478,0.686246,0.939624,0.924620,0.826251,0.401228,0.096067,46.236717,0.003357,0.020190,8.246630,0.004972,0.004965,0.001038,0.001811,5337036.851166,0.000000
-4982668.129095,1368944.076606,35985007.438378,37.463408,-0.458114,0.743185,0.753640,0.284005,0.077437,0.169116,0.728278,0.665990,0.338655,0.318865,0.813159,0.766277,0.499053,0.902594,0.371939,0.393601,0.783914,0.569861,0.405303,0.353107,0.497622,0.233516,0.831152,0.955663,0.070703,0.000863,0.611908,0.968217,0.739590,0.714730,0.466039,0.330221,0.253206,9.248800,19.977825,0.287773,0.301319,0.853929,0.834843,0.755415,0.739890,0.968787,0.960714,0.864918,0.510721,0.052416,42.536592,0.011684,0.014355,0.458114,0.004435,0.004452,0.000745,0.002104,4982668.129095,0.000000
-21571221.772003,1685830.836809,110773554.232807,75.500321,-2.060746,0.848501,0.974543,0.724412,0.072958,0.829755,0.787009,0.341950,0.247626,0.312794,0.779369,0.564160,0.388388,0.883623,0.262257,0.424301,0.783352,0.596733,0.019460,0.427964,0.256884,0.228581,0.492173,0.364105,0.320444,0.575926,0.974702,0.983774,0.963695,0.998825,0.467844,0.262837,0.248832,11.408281,3.139938,0.170840,0.181446,0.675586,0.825845,0.602646,0.726979,0.862799,0.952536,0.872641,0.592206,0.055138,4.499679,0.003445,0.000448,11.488859,0.004111,0.004127,0.000573,0.002276,21571221.772003,0.000000
-11124591.646264,1601209.561339,72967294.105228,38.493076,-1.438115,0.741323,0.970023,0.878806,0.141089,0.180074,0.788861,0.660434,0.332314,0.341285,0.380302,0.829120,0.318482,0.334160,0.142124,0.464050,0.467210,0.309774,0.989941,0.453365,0.392819,0.453373,0.593864,0.389275,0.025752,0.218141,0.185733,0.937392,0.959577,0.597432,0.391288,0.331916,0.215155,11.404653,13.675384,0.668992,0.244608,0.714362,0.774151,0.630093,0.679900,0.881356,0.922625,0.762625,0.458103,0.214828,41.506924,0.001432,0.004822,11.382806,0.004700,0.004677,0.000549,0.002300,11124591.646264,0.000000
-21691275.876334,1682186.092750,126655537.543877,72.318928,-1.959212,0.712344,0.970707,0.854414,0.059849,0.778660,0.742165,0.224253,0.242936,0.194800,0.319885,0.749231,0.390649,0.278794,0.176223,0.472093,0.780763,0.358499,0.990032,0.304840,0.709536,0.230777,0.070856,0.552623,0.277582,0.615509,0.697646,0.956289,0.734695,0.524054,0.465122,0.264402,0.222182,12.923110,2.289163,0.152379,0.155352,0.628758,0.799701,0.563417,0.650074,0.824305,0.915964,0.859031,0.509491,0.049368,7.681072,0.001510,0.008510,10.294945,0.004089,0.004065,0.000015,0.002834,21691275.876334,0.000000
-13005264.249744,1463384.278235,72752906.915868,42.163934,-0.911257,0.741108,0.987563,0.856185,0.696908,0.372791,0.762430,0.747708,0.511729,0.284937,0.811252,0.740244,0.416782,0.291606,0.266497,0.210686,0.783828,0.585884,0.397379,0.018524,0.296428,0.231755,0.597373,0.273735,0.120407,0.042222,0.175694,0.937410,0.963502,0.712695,0.466106,0.158165,0.106173,10.869703,19.039148,0.800330,0.190612,0.647441,0.755390,0.556734,0.615768,0.635332,0.722189,0.597981,0.501879,0.039620,37.836066,0.000702,0.000172,11.901331,0.004758,0.004766,0.000662,0.002187,13005264.249744,0.000000
-7714761.648964,1432714.529823,50885041.278568,42.680771,-1.527224,0.739315,0.966843,0.352074,0.012358,0.181709,0.957072,0.670449,0.558063,0.214136,0.794689,0.593859,0.409974,0.271529,0.714945,0.231637,0.812165,0.620675,0.982051,0.130657,0.058775,0.472844,0.057580,0.380773,0.079734,0.206078,0.692052,0.915805,0.962645,0.707231,0.415242,0.259811,0.220652,12.390705,14.453907,0.241359,0.265064,0.789187,0.779557,0.695266,0.687576,0.934850,0.929082,0.782862,0.500043,0.142798,37.319229,0.006759,0.007177,2.270454,0.004317,0.004351,0.000650,0.002199,7714761.648964,0.000000
-6463029.552082,1303342.202278,49435083.736257,38.263157,-0.721087,0.739895,0.775118,0.482531,0.056227,0.654459,0.754391,0.432918,0.343109,0.354763,0.809653,0.582784,0.311639,0.286248,0.161000,0.215221,0.574291,0.591917,0.980366,0.287439,0.032303,0.454213,0.457780,0.373330,0.079599,0.009979,0.643953,0.994710,0.941330,0.630297,0.276644,0.158247,0.104017,11.057162,20.031713,0.621946,0.240509,0.734975,0.773992,0.649838,0.677063,0.798292,0.838344,0.513777,0.477252,0.674903,41.736843,0.002967,0.004878,6.699246,0.004699,0.004696,0.000922,0.001927,6463029.552082,0.000000
-17107359.795297,1710601.277596,75614908.241517,52.816832,-1.363396,0.902917,0.970446,0.706142,0.002981,0.574622,0.722904,0.439018,0.493344,0.323235,0.365345,0.828514,0.416749,0.915962,0.175245,0.226077,0.574855,0.331148,0.951137,0.120127,0.161520,0.241857,0.477456,0.399822,0.086114,0.616473,0.650285,0.853543,0.740091,0.286719,0.421087,0.162396,0.105410,12.813658,1.809258,0.257437,0.146005,0.567707,0.585587,0.307484,0.320672,0.460654,0.529158,0.744209,0.405644,0.100680,27.183168,0.005025,0.003637,11.289873,0.004533,0.004531,0.000489,0.002360,17107359.795297,0.000000
-8001778.228667,1610282.360374,52856520.229065,36.569193,-0.839906,0.795861,0.973196,0.378423,0.677414,0.139055,0.714493,0.980311,0.345886,0.350963,0.827417,0.594729,0.680410,0.736075,0.750576,0.868106,0.777210,0.774086,0.600392,0.429036,0.434462,0.235189,0.904876,0.699607,0.014211,0.167920,0.021970,0.952922,0.757286,0.990521,0.305150,0.311991,0.209615,9.765035,14.916449,0.148523,0.209846,0.728165,0.709078,0.634769,0.619254,0.872020,0.854742,0.568249,0.523145,0.373736,43.430807,0.005169,0.012217,7.582884,0.003814,0.003825,0.000470,0.002379,8001778.228667,0.000000
-4278061.981674,1397733.208287,33592175.531936,33.958768,-1.695429,0.914398,0.681588,0.277094,0.015923,0.779725,0.965237,0.673553,0.399966,0.335285,0.819585,0.447427,0.430011,0.885346,0.291132,0.213082,0.591134,0.315665,0.989127,0.438435,0.072658,0.124524,0.004375,0.949309,0.024270,0.007252,0.615274,0.864851,0.749545,0.715729,0.470061,0.325955,0.201907,13.448643,20.453977,0.349128,0.293413,0.850581,0.811330,0.747584,0.715452,0.958688,0.951194,0.816479,0.553079,0.002164,46.041232,0.010755,0.003958,3.247389,0.004638,0.004634,0.000911,0.001938,4278061.981674,0.000000
-20592223.749935,1908094.801574,98311192.528715,46.713181,-1.917026,0.913774,0.975662,0.880102,0.677239,0.646726,0.774627,0.425178,0.245776,0.321199,0.772292,0.754115,0.356813,0.908540,0.247270,0.456098,0.463497,0.570205,0.011955,0.858350,0.396940,0.233389,0.474881,0.090456,0.024360,0.627940,0.192377,0.937659,0.960316,0.243374,0.467978,0.332229,0.105881,12.571081,1.441278,0.160232,0.178890,0.513753,0.533857,0.229272,0.243581,0.366996,0.466443,0.852956,0.319167,0.035985,33.286819,0.000639,0.000027,11.953887,0.003713,0.003704,0.000366,0.002483,20592223.749935,0.000000
-12019907.975715,1218765.560798,72529739.992274,55.016800,-1.493359,0.606854,0.766271,0.416587,0.157477,0.196145,0.939035,0.357661,0.353072,0.316431,0.243556,0.598766,0.474283,0.272595,0.146047,0.222632,0.786504,0.596552,0.214362,0.430595,0.507462,0.123590,0.003307,0.950063,0.303289,0.011334,0.733093,0.852102,0.961938,0.216755,0.442838,0.162968,0.189705,12.839377,20.437945,0.446466,0.242474,0.734988,0.827843,0.655108,0.690359,0.855309,0.951655,0.775383,0.308290,0.051742,24.983200,0.001376,0.008797,3.911357,0.004639,0.004652,0.000647,0.002202,12019907.975715,0.000000
-5299242.537057,1409859.581059,39502214.869776,35.553230,-1.748535,0.963346,0.745192,0.307794,0.071664,0.790766,0.741113,0.676881,0.517636,0.307844,0.199463,0.596710,0.299340,0.761212,0.180828,0.225405,0.514095,0.765626,0.962306,0.765104,0.508967,0.108206,0.088485,0.298813,0.036984,0.037070,0.661105,0.930400,0.912842,0.617364,0.443329,0.332573,0.099691,13.192041,19.493301,0.341847,0.311439,0.788792,0.806888,0.641145,0.668654,0.810112,0.840295,0.825971,0.482065,0.084351,44.446770,0.003272,0.002973,5.534729,0.004509,0.004504,0.000831,0.002018,5299242.537057,0.000000
-5375957.854017,1320000.009596,38387454.672088,38.069076,-2.007551,0.743185,0.681673,0.265658,0.070957,0.767034,0.693027,0.667867,0.339802,0.345619,0.787780,0.449245,0.459681,0.781013,0.364514,0.322364,0.788753,0.594864,0.699337,0.340921,0.496231,0.111624,0.865914,0.313786,0.076031,0.009609,0.612390,0.967643,0.960184,0.453211,0.467332,0.158087,0.251119,9.522251,19.684797,0.308066,0.290083,0.835614,0.835689,0.724669,0.742965,0.900325,0.919777,0.865683,0.401403,0.049562,41.930924,0.011738,0.010840,2.192260,0.004614,0.004629,0.000825,0.002024,5375957.854017,0.000000
-11703984.642573,1240507.661404,68163309.357690,61.956129,-1.951087,0.743607,0.679436,0.284308,0.015923,0.789115,0.955397,0.667836,0.225601,0.275592,0.819585,0.449264,0.430011,0.885346,0.360149,0.213082,0.712978,0.314842,0.373256,0.405673,0.421157,0.124524,0.004375,0.393397,0.396445,0.009615,0.615274,0.945908,0.749545,0.697266,0.469371,0.297920,0.248203,11.809628,20.500863,0.115387,0.234289,0.773107,0.823734,0.689977,0.731992,0.930011,0.956099,0.857881,0.522646,0.036588,18.043871,0.010366,0.006332,2.103043,0.004657,0.004655,0.000920,0.001929,11703984.642573,0.000000
-4252557.736986,1361859.553153,37618357.337095,33.639633,-0.594026,0.736927,0.766709,0.303133,0.001130,0.769612,0.730472,0.666130,0.690985,0.335254,0.386641,0.695089,0.299442,0.325606,0.745381,0.894215,0.592757,0.585779,0.608532,0.293898,0.291817,0.229832,0.770595,0.955731,0.017516,0.009724,0.449603,0.959968,0.741142,0.677378,0.274574,0.276377,0.201622,9.738512,19.753839,0.426646,0.243211,0.767929,0.725811,0.671555,0.636852,0.895529,0.858475,0.447900,0.514272,0.511980,46.360367,0.005521,0.022702,2.267965,0.004497,0.004505,0.000749,0.002100,4252557.736986,0.000000
-21590287.518232,1672079.805206,113662718.445620,75.784497,-1.039745,0.792805,0.974543,0.724412,0.005518,0.156530,0.786577,0.402839,0.157999,0.212260,0.779472,0.758811,0.388676,0.778807,0.262257,0.425358,0.576922,0.770514,0.961585,0.434158,0.509342,0.235050,0.904788,0.097095,0.322790,0.575926,0.556176,0.985445,0.750649,0.998825,0.317064,0.261608,0.248832,9.899069,2.797094,0.108235,0.118507,0.543257,0.761714,0.482117,0.664105,0.679882,0.900169,0.646455,0.508924,0.486438,4.215503,0.004389,0.010549,12.497904,0.004502,0.004495,0.000586,0.002263,21590287.518232,0.000000
-9266740.257425,1466941.452558,62993877.948003,41.936041,-2.021309,0.794180,0.984999,0.692765,0.000851,0.572239,0.996829,0.426749,0.329376,0.403728,0.818305,0.568621,0.314226,0.775436,0.372149,0.227160,0.575172,0.594288,0.370105,0.139978,0.508286,0.256463,0.142368,0.965083,0.124920,0.023246,0.704795,0.973123,0.959762,0.328984,0.466752,0.437234,0.250213,13.460204,19.948741,0.878459,0.309612,0.783984,0.823130,0.694899,0.714357,0.935505,0.955378,0.867518,0.352864,0.052983,38.063959,0.002897,0.004641,11.993162,0.004936,0.004935,0.000915,0.001934,9266740.257425,0.000000
-10378881.055491,1473712.384598,60540218.839513,42.295365,-2.022623,0.794180,0.770228,0.692765,0.071099,0.707953,0.973781,0.668212,0.337759,0.352870,0.831180,0.568621,0.673294,0.775436,0.372149,0.227160,0.579164,0.595518,0.372861,0.174452,0.508286,0.256463,0.142368,0.965083,0.123299,0.042644,0.695326,0.973545,0.959762,0.328984,0.466752,0.436131,0.175269,13.254823,19.357810,0.509382,0.308052,0.790878,0.813361,0.644279,0.657704,0.917063,0.928775,0.867692,0.352864,0.053156,37.704635,0.012190,0.004648,11.055033,0.004439,0.004450,0.000839,0.002010,10378881.055491,0.000000
-10202294.162766,1586213.555715,68608428.755164,41.014506,-1.934125,0.544344,0.974498,0.897716,0.079145,0.243945,0.145515,0.674564,0.289759,0.313826,0.329328,0.626767,0.677158,0.905519,0.839942,0.892584,0.772775,0.580455,0.994951,0.435778,0.024754,0.213468,0.059079,0.554025,0.109639,0.033739,0.695655,0.949563,0.958782,0.270624,0.464440,0.333589,0.104779,14.087691,19.725610,0.620184,0.270727,0.649618,0.668563,0.433161,0.447380,0.647841,0.698302,0.855449,0.330280,0.047979,38.985494,0.010719,0.017833,5.439261,0.004609,0.004594,0.000480,0.002369,10202294.162766,0.000000
-7805998.805427,1568725.493613,58181553.464136,34.148024,-1.657035,0.736590,0.977172,0.879320,0.061628,0.765665,0.786490,0.662808,0.576547,0.604012,0.772292,0.760230,0.288495,0.910424,0.254096,0.450403,0.776145,0.564252,0.966767,0.450740,0.907637,0.222578,0.149388,0.390449,0.026440,0.007248,0.188765,0.856759,0.978266,0.454131,0.467973,0.261279,0.120067,13.643637,20.430919,0.730789,0.229682,0.693924,0.716657,0.516169,0.534031,0.713272,0.747651,0.809296,0.396125,0.002870,45.851976,0.001770,0.017376,11.841260,0.004956,0.004959,0.000855,0.001994,7805998.805427,0.000000
-8741079.869646,1281672.408600,56685784.025895,44.691108,-0.813706,0.741234,0.974092,0.408238,0.057693,0.646673,0.933697,0.441695,0.349403,0.315128,0.782321,0.754269,0.291097,0.291529,0.262482,0.432462,0.466703,0.682557,0.002651,0.858701,0.064766,0.212426,0.476716,0.098954,0.157608,0.030801,0.153587,0.959189,0.972521,0.255673,0.308571,0.156848,0.243451,11.170448,19.419403,0.565155,0.200312,0.692302,0.778752,0.603374,0.677203,0.736646,0.840852,0.556788,0.320539,0.330616,35.308892,0.003691,0.000488,3.080986,0.004584,0.004599,0.000838,0.002011,8741079.869646,0.000000
-15129575.563338,1386835.728547,82357836.317572,54.562143,-1.934229,0.793618,0.986922,0.702041,0.000079,0.806972,0.752094,0.404526,0.329340,0.225726,0.102044,0.760891,0.291848,0.781399,0.365619,0.317723,0.585578,0.330029,0.950965,0.287974,0.031068,0.236021,0.982379,0.373133,0.287821,0.024525,0.563184,0.991044,0.943761,0.990211,0.442615,0.157922,0.121376,8.814961,19.275619,0.629557,0.212916,0.728006,0.837186,0.635164,0.723140,0.764946,0.841411,0.855464,0.581699,0.112017,25.437857,0.002236,0.007346,10.227791,0.004915,0.004891,0.000733,0.002116,15129575.563338,0.000000
-15907483.731302,1479217.756679,80152065.181485,59.580404,-1.895693,0.793744,0.972924,0.861050,0.066749,0.810158,0.941909,0.671063,0.240631,0.406006,0.320109,0.589951,0.664313,0.185116,0.364172,0.536223,0.801331,0.652740,0.989634,0.294927,0.761812,0.257193,0.941866,0.396441,0.298995,0.152058,0.693227,0.934189,0.739724,0.275137,0.466184,0.159459,0.224220,9.174776,15.505050,0.540973,0.163534,0.748754,0.790800,0.610718,0.615139,0.833538,0.916032,0.849786,0.400805,0.038141,20.419596,0.001012,0.020088,12.091565,0.004546,0.004550,0.000646,0.002203,15907483.731302,0.000000
-14510989.582455,1485080.479767,93330781.249843,48.511409,-0.278828,0.753648,0.974689,0.726791,0.080224,0.151666,0.786087,0.404928,0.441733,0.313011,0.785619,0.757356,0.388621,0.291608,0.261307,0.430633,0.466703,0.583735,0.010625,0.283519,0.337937,0.222309,0.500847,0.098597,0.128531,0.271194,0.010000,0.852403,0.955903,0.657480,0.277778,0.330779,0.248859,11.921784,12.186822,0.828900,0.210728,0.505101,0.721105,0.439110,0.619304,0.613043,0.860398,0.243330,0.482902,0.416841,31.488591,0.002792,0.000091,12.296342,0.004835,0.004844,0.000762,0.002087,14510989.582455,0.000000
-8135313.149739,1338087.948230,61182354.063511,38.753009,-0.603112,0.739895,0.967629,0.699157,0.064789,0.654282,0.764251,0.430425,0.343109,0.354763,0.365545,0.750326,0.414703,0.282187,0.161000,0.215287,0.482037,0.327185,0.436632,0.287439,0.032303,0.467268,0.477365,0.719106,0.086092,0.009846,0.560643,0.961685,0.736710,0.630297,0.274979,0.164437,0.104017,11.480120,20.051803,1.114399,0.204508,0.682638,0.768426,0.603655,0.652200,0.761377,0.810113,0.452894,0.511923,0.661924,41.246991,0.002799,0.004448,9.566416,0.004897,0.004876,0.000720,0.002129,8135313.149739,0.000000
-7692852.544730,1413254.267363,54037637.304048,34.369527,-1.970518,0.656221,0.684015,0.875939,0.011631,0.768928,0.689766,0.666677,0.399966,0.336391,0.844968,0.447560,0.460769,0.325674,0.091011,0.543486,0.589122,0.620980,0.054022,0.430049,0.663086,0.113389,0.868743,0.381153,0.027017,0.009500,0.455044,0.961658,0.749975,0.460991,0.467332,0.298092,0.250857,8.875953,19.703182,0.680912,0.280616,0.808537,0.831407,0.716348,0.736835,0.946334,0.959318,0.863144,0.476638,0.047109,45.630473,0.001621,0.000681,1.970518,0.003757,0.003785,0.000531,0.002318,7692852.544730,0.000000
-6254378.906854,1401637.275392,42440110.230016,38.944299,-1.962052,0.739290,0.965303,0.353666,0.068774,0.181188,0.951025,0.732691,0.562076,0.214136,0.770157,0.587145,0.410124,0.777682,0.714945,0.231637,0.812165,0.620675,0.147434,0.551455,0.056860,0.472844,0.070073,0.541653,0.079734,0.042756,0.692052,0.949550,0.962645,0.658330,0.469284,0.259811,0.270389,12.579799,19.365992,0.314352,0.295720,0.836698,0.808656,0.739925,0.717023,0.961947,0.948831,0.859430,0.480905,0.038249,41.055701,0.011570,0.007244,4.821701,0.004712,0.004712,0.000950,0.001899,6254378.906854,0.000000
-10125427.461865,1292606.009585,63126470.423769,43.578554,-0.324886,0.684492,0.761193,0.723074,0.063558,0.852003,0.788785,0.739857,0.209893,0.318634,0.775414,0.595323,0.474229,0.260692,0.177194,0.215496,0.787816,0.579843,0.064411,0.582982,0.013607,0.235884,0.022711,0.308052,0.147017,0.023094,0.649516,0.860593,0.741345,0.475481,0.279912,0.162297,0.108754,14.059452,20.040001,0.754712,0.190757,0.656600,0.722300,0.577172,0.631962,0.789475,0.833019,0.277390,0.486088,0.572475,36.421446,0.002255,0.000817,6.635669,0.004401,0.004420,0.000692,0.002157,10125427.461865,0.000000
-9763691.212987,1501674.316970,63721854.596754,38.772474,-1.665219,0.793566,0.964999,0.816923,0.007642,0.821913,0.957072,0.731847,0.561790,0.322013,0.770157,0.593435,0.408828,0.290096,0.254453,0.237970,0.813082,0.620675,0.996172,0.298023,0.058775,0.125683,0.000891,0.543285,0.077676,0.042756,0.695448,0.957992,0.962645,0.252551,0.415954,0.259826,0.220652,14.489831,19.483376,0.877132,0.257759,0.762849,0.780006,0.622332,0.635309,0.918288,0.928645,0.810851,0.322102,0.160251,41.227526,0.002234,0.006520,12.873592,0.004769,0.004775,0.000835,0.002014,9763691.212987,0.000000
-10246577.668130,1479707.955599,67859678.325085,41.220102,-1.893969,0.658822,0.855188,0.469994,0.664397,0.215190,0.944943,0.931999,0.515899,0.320782,0.126560,0.606243,0.460047,0.796201,0.269981,0.537096,0.803720,0.579092,0.435363,0.287637,0.298259,0.462575,0.195387,0.274591,0.077577,0.148716,0.609715,0.933822,0.958144,0.712695,0.466087,0.158165,0.225471,11.807510,16.109473,0.226626,0.233906,0.766407,0.785018,0.659418,0.696447,0.815491,0.878051,0.849527,0.503773,0.038185,38.779898,0.000772,0.005907,7.652747,0.003947,0.003948,0.000482,0.002367,10246577.668130,0.000000
-16787102.649039,1332624.478486,87635539.289994,74.987588,-1.967362,0.656439,0.853119,0.884639,0.064579,0.365533,0.948285,0.425458,0.339767,0.351313,0.821605,0.823782,0.388582,0.239700,0.131552,0.389517,0.799111,0.648950,0.431867,0.141790,0.032780,0.243796,0.233490,0.375122,0.543744,0.052546,0.439782,0.973199,0.958799,0.245726,0.465214,0.161800,0.221815,12.438605,19.151036,0.602884,0.135715,0.693441,0.814257,0.600947,0.642225,0.721857,0.930414,0.860175,0.320516,0.056142,5.012412,0.001386,0.012241,10.870004,0.004817,0.004822,0.000678,0.002171,16787102.649039,0.000000
-4563847.792458,1410901.625172,39208153.264108,33.741832,-1.673372,0.552848,0.981693,0.317556,0.065043,0.766741,0.960463,0.658562,0.352811,0.212461,0.874171,0.743540,0.285624,0.915429,0.111430,0.459581,0.586545,0.525932,0.996690,0.295939,0.505688,0.232082,0.594979,0.721235,0.021334,0.002130,0.480164,0.859575,0.740939,0.676422,0.469214,0.299854,0.090323,10.819545,20.140885,0.562514,0.277411,0.768564,0.802137,0.622620,0.651473,0.738224,0.774415,0.812387,0.551620,0.001635,46.258168,0.001507,0.015225,5.330980,0.004780,0.004771,0.000831,0.002018,4563847.792458,0.000000
-8948966.260057,1419880.172749,60209175.663121,42.327235,-2.022343,0.794180,0.768816,0.692811,0.071099,0.707923,0.978801,0.667952,0.136045,0.692168,0.831223,0.587354,0.305504,0.775436,0.365772,0.227160,0.579170,0.593503,0.372870,0.339548,0.514013,0.116451,0.143939,0.965083,0.123710,0.042644,0.695605,0.973546,0.959762,0.328984,0.466703,0.298515,0.247646,13.184746,19.347417,0.490631,0.291627,0.794508,0.815704,0.701574,0.713155,0.941195,0.951835,0.867655,0.352864,0.053256,37.672765,0.003139,0.004653,11.685619,0.004469,0.004483,0.000841,0.002008,8948966.260057,0.000000
-19526009.817569,1729535.552102,93533707.761830,51.720797,-0.285651,0.794415,0.975020,0.806657,0.370853,0.765630,0.759646,0.676827,0.236219,0.196513,0.195666,0.756582,0.311446,0.280024,0.156062,0.890885,0.465692,0.301897,0.995799,0.837122,0.308330,0.231050,0.791785,0.919983,0.079383,0.595945,0.038797,0.848503,0.962376,0.234260,0.279944,0.259204,0.215039,10.987076,2.179679,0.195945,0.143960,0.527845,0.677541,0.452687,0.525757,0.646373,0.820232,0.248475,0.315019,0.454802,28.279203,0.000644,0.004320,11.002955,0.004081,0.004088,0.000203,0.002646,19526009.817569,0.000000
-5338634.996449,1399817.771654,49326613.400817,41.009898,-2.104474,0.740574,0.763033,0.293381,0.064691,0.810792,0.944365,0.679865,0.815582,0.251630,0.233636,0.595509,0.390550,0.884455,0.364172,0.535475,0.801331,0.593548,0.394777,0.300570,0.495570,0.110400,0.496081,0.956944,0.073112,0.152815,0.611587,0.995992,0.976084,0.275137,0.468864,0.263021,0.224220,11.224079,15.702076,0.298693,0.286847,0.825052,0.805454,0.664971,0.682780,0.945722,0.946626,0.878090,0.327118,0.058066,38.990102,0.009922,0.022784,5.582467,0.004617,0.004612,0.000835,0.002014,5338634.996449,0.000000
-10952073.309183,1264737.903286,69028453.765710,55.255137,-1.088002,0.743169,0.976938,0.284005,0.117071,0.805069,0.724368,0.668119,0.337726,0.312748,0.320305,0.572478,0.415606,0.255059,0.369744,0.247956,0.590904,0.651472,0.810087,0.350689,0.714280,0.111623,0.936947,0.407993,0.303543,0.009633,0.693301,0.967662,0.960660,0.289792,0.466101,0.158538,0.252329,9.416376,19.730899,0.278733,0.245598,0.776143,0.826870,0.693947,0.728025,0.862282,0.938546,0.864732,0.337250,0.052061,24.744863,0.007712,0.005898,1.088002,0.004412,0.004437,0.000690,0.002159,10952073.309183,0.000000
-4364158.392490,1346547.123691,35773005.445892,34.369527,-1.735201,0.656221,0.682018,0.282605,0.011631,0.807925,0.692391,0.666677,0.399966,0.335829,0.844968,0.445789,0.460769,0.325674,0.728851,0.397947,0.592691,0.621326,0.700029,0.430049,0.339166,0.113564,0.868743,0.381153,0.027017,0.009500,0.452519,0.945832,0.749545,0.456277,0.467332,0.298092,0.250857,9.461341,19.659691,0.365937,0.296918,0.853462,0.834460,0.745342,0.739792,0.966021,0.960830,0.856167,0.474786,0.040621,45.630473,0.011139,0.014863,1.735201,0.004576,0.004594,0.000785,0.002064,4364158.392490,0.000000
-7592450.769421,1309383.139967,57948678.878793,43.698606,-1.547733,0.721346,0.990430,0.415499,0.010029,0.768941,0.715906,0.441616,0.571158,0.315199,0.311402,0.603320,0.344714,0.885146,0.154813,0.208341,0.769634,0.287809,0.414521,0.312167,0.660724,0.102892,0.000054,0.274211,0.152351,0.012451,0.552130,0.959044,0.739870,0.282956,0.397463,0.156849,0.246447,14.058727,20.378713,0.710810,0.216391,0.749441,0.824291,0.636394,0.705627,0.833095,0.924444,0.787270,0.404107,0.208415,36.301394,0.003931,0.006790,8.070938,0.004995,0.004991,0.000878,0.001971,7592450.769421,0.000000
-4520199.074344,1453407.836336,40512801.733202,32.985953,-2.007551,0.929023,0.972572,0.353398,0.070957,0.767789,0.692242,0.662378,0.339817,0.351160,0.795190,0.569717,0.462705,0.781516,0.307592,0.242622,0.774959,0.600489,0.693867,0.436828,0.496231,0.108642,0.865914,0.965410,0.010312,0.003284,0.612390,0.967643,0.944616,0.453211,0.467332,0.155863,0.255591,9.477600,19.886894,0.634956,0.276951,0.826948,0.826668,0.710779,0.730198,0.890094,0.911642,0.865683,0.406320,0.049562,47.014047,0.008562,0.005186,6.553409,0.004970,0.004979,0.001021,0.001828,4520199.074344,0.000000
-5240982.793333,1464456.563447,41469579.113216,32.869413,-0.222215,0.683370,0.790453,0.233062,0.672331,0.805069,0.930300,0.664813,0.342149,0.335807,0.816879,0.567399,0.430096,0.887620,0.730752,0.451435,0.587638,0.551764,0.421879,0.782797,0.924414,0.457408,0.155417,0.401562,0.008763,0.009633,0.614338,0.853286,0.960188,0.451522,0.438861,0.260501,0.222544,10.946300,20.276322,0.088653,0.278835,0.819252,0.794579,0.698804,0.698479,0.947832,0.940687,0.770776,0.400740,0.060766,47.130587,0.004963,0.016736,0.222215,0.003350,0.003381,0.000190,0.002659,5240982.793333,0.000000
-19059055.316771,1830143.076410,80310760.388407,51.818902,-0.819170,0.686020,0.967249,0.854890,0.059002,0.765665,0.628624,0.667893,0.344011,0.308099,0.772964,0.815211,0.449270,0.923444,0.371671,0.265287,0.788525,0.609585,0.983263,0.283537,0.307414,0.122063,0.025122,0.396288,0.076961,0.617940,0.640770,0.938390,0.978280,0.616566,0.308152,0.164548,0.222332,15.125403,2.164056,0.178381,0.145890,0.643071,0.730137,0.558675,0.631490,0.793436,0.874331,0.559203,0.459303,0.495355,28.181098,0.004525,0.008464,9.076639,0.004138,0.004101,0.000069,0.002780,19059055.316771,0.000000
-5895186.426699,1371048.141497,41736236.327045,37.421260,-1.676170,0.743185,0.753640,0.374374,0.073645,0.805069,0.738748,0.930326,0.338655,0.601738,0.881485,0.572478,0.498765,0.297644,0.371939,0.393953,0.783915,0.590599,0.405303,0.351727,0.287275,0.228595,0.493130,0.954946,0.068427,0.009633,0.612072,0.865429,0.960660,0.714730,0.466390,0.262100,0.253206,11.234678,20.012186,0.627270,0.290743,0.828013,0.790299,0.729195,0.698336,0.958800,0.940324,0.812911,0.503680,0.009489,42.578740,0.007687,0.014255,5.704355,0.004789,0.004806,0.000920,0.001929,5895186.426699,0.000000
-14055345.273942,1391918.839372,69129080.302476,57.533765,-2.054329,0.794180,0.769045,0.693627,0.077496,0.716298,0.973781,0.667952,0.337759,0.402101,0.832252,0.568621,0.382464,0.775436,0.372333,0.227160,0.577780,0.594161,0.372870,0.429095,0.506008,0.256588,0.799734,0.962079,0.319545,0.042644,0.695605,0.983735,0.959762,0.328984,0.466752,0.332093,0.250213,9.518688,18.897081,0.326329,0.247308,0.782594,0.819628,0.695948,0.708308,0.934575,0.953600,0.871821,0.352864,0.057338,22.466235,0.005266,0.004636,11.309823,0.004430,0.004442,0.000836,0.002013,14055345.273942,0.000000
-19999297.351032,2028290.873338,85477025.600706,47.738905,-1.341158,0.909969,0.981693,0.867947,0.677239,0.781929,0.760726,0.633795,0.352811,0.318659,0.776595,0.760222,0.289581,0.911018,0.172296,0.459581,0.777559,0.313751,0.983012,0.292172,0.509621,0.232082,0.582792,0.624007,0.025969,0.668976,0.189027,0.864571,0.973237,0.596034,0.411982,0.299854,0.216691,12.173598,0.165432,0.133463,0.163451,0.686572,0.743734,0.589771,0.594893,0.856982,0.865037,0.738457,0.452990,0.127311,32.261095,0.000336,0.006653,12.454926,0.003362,0.003345,0.000201,0.002648,19999297.351032,0.000000
-10875323.326266,1352903.957354,61410514.613579,53.980001,-1.979625,0.738810,0.768468,0.714886,0.065177,0.780463,0.728430,0.675284,0.492537,0.597479,0.356732,0.620873,0.417970,0.783015,0.752652,0.233839,0.811875,0.572133,0.382366,0.333517,0.707087,0.109947,0.148126,0.297810,0.289674,0.009628,0.612816,0.962353,0.960038,0.453094,0.465364,0.164274,0.252328,12.950855,20.439300,0.351219,0.207696,0.802309,0.831760,0.698286,0.721710,0.871523,0.933927,0.861879,0.401403,0.051375,26.019999,0.006116,0.007176,6.019707,0.004546,0.004559,0.000703,0.002146,10875323.326266,0.000000
-5398188.014246,1586651.477739,48178980.557381,32.679707,-1.663229,0.954793,0.981690,0.341649,0.677164,0.797085,0.154493,0.660601,0.341387,0.323534,0.775085,0.739033,0.634372,0.910807,0.244109,0.899658,0.781878,0.767591,0.433518,0.300810,0.496942,0.465737,0.017986,0.305091,0.004605,0.017158,0.695598,0.957775,0.958239,0.690899,0.415750,0.333590,0.102094,13.455535,20.184983,0.458039,0.293644,0.745233,0.768878,0.604922,0.623542,0.737634,0.768541,0.810474,0.495195,0.160658,47.320293,0.000625,0.006199,6.348516,0.004389,0.004407,0.000738,0.002111,5398188.014246,0.000000
-19081109.983334,1859087.553409,80558982.113452,47.437518,-1.847021,0.909969,0.975766,0.879288,0.084715,0.766741,0.960463,0.651961,0.352871,0.212461,0.775708,0.760222,0.288406,0.290329,0.111430,0.459581,0.777559,0.602263,0.982385,0.296117,0.212213,0.232082,0.584068,0.721235,0.025669,0.655770,0.478981,0.925947,0.952379,0.596034,0.462301,0.299854,0.106830,12.231778,0.519207,0.359890,0.202863,0.644153,0.661136,0.471669,0.483925,0.554746,0.601233,0.842294,0.459981,0.042556,32.562482,0.000550,0.012421,16.120938,0.004135,0.004156,0.000531,0.002318,19081109.983334,0.000000
-12033637.662399,1356754.219102,64073173.610779,56.889007,-1.977350,0.659074,0.780705,0.404689,0.367151,0.330788,0.716907,0.665693,0.345411,0.694114,0.234312,0.588267,0.413941,0.779438,0.365673,0.395490,0.574723,0.500332,0.411714,0.340859,0.178897,0.117438,0.146704,0.400921,0.273354,0.140455,0.741102,0.957953,0.934363,0.194079,0.467356,0.299417,0.275787,11.740180,16.457579,0.068365,0.248522,0.789471,0.835181,0.692908,0.700119,0.938773,0.961015,0.861564,0.307045,0.045543,23.110993,0.003024,0.014362,5.497677,0.004046,0.004044,0.000551,0.002298,12033637.662399,0.000000
-17655696.672707,1464318.402548,93466675.625926,57.933938,-2.073718,0.712344,0.970628,0.854553,0.057612,0.240797,0.580577,0.401928,0.164335,0.343616,0.317064,0.749214,0.390649,0.291377,0.259147,0.468926,0.780763,0.358499,0.990437,0.304840,0.718123,0.211708,0.061643,0.552288,0.277960,0.162323,0.698492,0.990118,0.734696,0.524054,0.466682,0.156056,0.288316,13.945542,15.880692,0.618962,0.188777,0.703607,0.854372,0.595040,0.738662,0.772989,0.949062,0.874282,0.501103,0.060102,22.066062,0.002146,0.008900,9.583541,0.004777,0.004756,0.000621,0.002228,17655696.672707,0.000000
-16797736.986472,1791647.277125,102921059.293057,44.959813,-1.980632,0.904773,0.972307,0.836127,0.063911,0.210962,0.760867,0.441866,0.336858,0.204856,0.390728,0.828405,0.464459,0.357315,0.174061,0.550081,0.760347,0.598641,0.075174,0.294578,0.299044,0.114548,0.149610,0.399855,0.011062,0.611567,0.693647,0.974082,0.952831,0.992789,0.459248,0.271046,0.223262,14.864313,2.171705,0.595973,0.241505,0.672981,0.811606,0.598895,0.713629,0.859670,0.942591,0.862018,0.591721,0.068820,35.040187,0.003223,0.000910,12.375614,0.004426,0.004445,0.000557,0.002292,16797736.986472,0.000000
-12767424.868547,1262102.160178,62981581.414562,65.024619,-1.377685,0.742328,0.986831,0.284255,0.000163,0.806744,0.717836,0.605606,0.335324,0.335482,0.820373,0.563797,0.421269,0.787772,0.752180,0.211531,0.772431,0.337765,0.704039,0.868472,0.344883,0.236026,0.981550,0.374985,0.425406,0.024107,0.491150,0.991867,0.757254,0.268748,0.418347,0.158030,0.226669,9.988943,19.296583,0.063059,0.158223,0.731604,0.832138,0.620749,0.688489,0.796248,0.907919,0.747838,0.392112,0.169689,14.975381,0.008235,0.006676,2.764157,0.004789,0.004799,0.000921,0.001928,12767424.868547,0.000000
-11417427.012101,1292467.602274,68186523.755929,57.312882,-0.785195,0.793366,0.980334,0.284930,0.000269,0.806038,0.786834,0.439579,0.331893,0.355062,0.780765,0.758645,0.418307,0.782166,0.263808,0.423277,0.783800,0.334073,0.399293,0.428886,0.140782,0.236026,0.980571,0.351518,0.324192,0.023969,0.974706,0.991392,0.943976,0.984022,0.284909,0.157922,0.226548,8.705100,19.276227,0.364147,0.188325,0.669470,0.762976,0.594692,0.672927,0.807008,0.892532,0.543969,0.581650,0.631796,22.687118,0.010095,0.014994,1.906748,0.004840,0.004851,0.000962,0.001887,11417427.012101,0.000000
-7143775.970945,1387301.836135,51132027.772602,34.613477,-0.389500,0.690618,0.771735,0.727349,0.063731,0.143056,0.756370,0.671150,0.474521,0.213966,0.214990,0.454429,0.478529,0.280559,0.181675,0.232496,0.780536,0.298606,0.957134,0.853626,0.467608,0.229838,0.242639,0.396369,0.025948,0.030956,0.681098,0.860242,0.960726,0.257194,0.287281,0.150245,0.155082,12.800127,19.575444,0.631139,0.219151,0.710018,0.725375,0.574217,0.602875,0.854355,0.867114,0.322605,0.324464,0.538162,45.386523,0.003114,0.008075,5.344161,0.004276,0.004286,0.000507,0.002342,7143775.970945,0.000000
-10848378.845067,1481612.555208,71496442.034278,38.779070,-1.896265,0.656310,0.853126,0.916601,0.370101,0.366217,0.945113,0.921651,0.523780,0.320782,0.809263,0.828267,0.389102,0.282541,0.264811,0.389139,0.803547,0.579092,0.435363,0.141721,0.292549,0.462575,0.231984,0.274591,0.077577,0.041309,0.441697,0.934511,0.958151,0.712695,0.466106,0.158165,0.215244,12.965533,19.345726,0.761108,0.225509,0.721502,0.772472,0.619732,0.669289,0.755804,0.821631,0.849872,0.503771,0.038428,41.220930,0.001495,0.003981,10.840311,0.004718,0.004730,0.000605,0.002244,10848378.845067,0.000000
-18950378.467360,1366480.152192,91420586.809515,79.064172,-1.767391,0.739779,0.973164,0.493970,0.002356,0.856937,0.723693,0.436610,0.239824,0.317092,0.089043,0.688548,0.417276,0.782166,0.147538,0.222534,0.576504,0.335401,0.138026,0.292864,0.160571,0.104693,0.500551,0.399633,0.478070,0.274027,0.642952,0.890008,0.943761,0.691077,0.468405,0.157935,0.228983,11.276265,12.205933,0.370345,0.154357,0.712275,0.829842,0.629019,0.733006,0.773112,0.938250,0.829222,0.500375,0.015641,0.935828,0.003860,0.003770,8.350727,0.004630,0.004605,0.000484,0.002365,18950378.467360,0.000000
-12864265.391696,1787687.311973,70799274.694058,38.438529,-1.567387,0.739085,0.937344,0.944860,0.677239,0.223566,0.783910,0.934312,0.525387,0.284884,0.804323,0.760230,0.396786,0.909242,0.266686,0.379023,0.777500,0.309347,0.983007,0.453372,0.047871,0.456394,0.948732,0.397312,0.025659,0.212686,0.190272,0.937228,0.959974,0.473667,0.410915,0.332249,0.217047,9.483024,13.592054,0.349010,0.209656,0.742349,0.750555,0.606564,0.615190,0.886177,0.894214,0.791410,0.409483,0.163316,41.561471,0.000733,0.006413,12.286095,0.004444,0.004447,0.000492,0.002357,12864265.391696,0.000000
-17915593.714331,1799433.103598,75579951.959499,52.120336,-0.543308,0.686050,0.972291,0.838334,0.002340,0.765664,0.937095,0.438806,0.489324,0.322951,0.808990,0.764710,0.416872,0.923173,0.371040,0.265287,0.783884,0.609373,0.983268,0.754142,0.151024,0.468380,0.140394,0.396288,0.079672,0.617940,0.641580,0.852602,0.978468,0.290583,0.308152,0.157369,0.222337,14.235247,2.066347,0.175691,0.135741,0.640461,0.723321,0.520942,0.527482,0.795772,0.862525,0.419176,0.332451,0.444670,27.879664,0.003926,0.008484,11.072008,0.004213,0.004178,0.000135,0.002714,17915593.714331,0.000000
-16149578.819361,1721847.800096,72882438.701578,50.668371,-1.827204,0.902917,0.966411,0.503408,0.058131,0.774913,0.723250,0.665224,0.348031,0.309027,0.774210,0.830188,0.449147,0.920027,0.360901,0.248310,0.574252,0.595899,0.980480,0.125367,0.919646,0.200744,0.027034,0.316107,0.076705,0.568520,0.643967,0.996147,0.944527,0.608043,0.422750,0.260062,0.227031,14.146794,3.597016,0.262154,0.215573,0.749540,0.782308,0.662271,0.684513,0.909707,0.930046,0.839137,0.467376,0.160773,29.331629,0.008227,0.004113,11.993866,0.004584,0.004579,0.000786,0.002063,16149578.819361,0.000000
-16093469.430469,1593258.401492,73050517.686963,56.111885,-1.676202,0.678089,0.961175,0.489516,0.001371,0.784583,0.723250,0.439191,0.494372,0.336107,0.835096,0.598774,0.393984,0.788070,0.360269,0.249384,0.580250,0.596676,0.980484,0.121280,0.336130,0.111005,0.142306,0.316107,0.118944,0.616473,0.643019,0.995428,0.944669,0.287570,0.399750,0.156890,0.227031,13.196770,2.073053,0.193077,0.182428,0.741384,0.796338,0.600168,0.608955,0.816139,0.920472,0.812917,0.341020,0.219451,23.888115,0.005481,0.006379,9.980103,0.004426,0.004420,0.000392,0.002457,16093469.430469,0.000000
-12573419.463746,1584986.252483,77709085.048656,42.879993,-1.845519,0.794255,0.846192,0.872435,0.094942,0.234998,0.724135,0.667867,0.236782,0.350993,0.393824,0.572380,0.414953,0.651388,0.368380,0.246912,0.592446,0.594293,0.420474,0.292730,0.304155,0.238789,0.964427,0.380949,0.078725,0.210394,0.660018,0.914177,0.960001,0.454333,0.468513,0.439540,0.252856,9.286686,13.614589,0.477222,0.283311,0.734059,0.809376,0.648697,0.711089,0.906588,0.949562,0.842057,0.401900,0.025317,37.120007,0.004435,0.004994,7.322478,0.004217,0.004229,0.000459,0.002390,12573419.463746,0.000000
-12283327.834226,1535751.166575,65526932.132332,59.258238,-1.606345,0.740716,0.970023,0.882117,0.050872,0.179927,0.783898,0.711131,0.538922,0.341285,0.380302,0.686223,0.313476,0.769847,0.248716,0.468928,0.771433,0.309774,0.983007,0.453365,0.710965,0.455758,0.076370,0.381125,0.272563,0.218141,0.185733,0.991158,0.959577,0.597432,0.391288,0.331916,0.215161,13.640572,14.237617,0.417880,0.182917,0.761881,0.772886,0.672491,0.681923,0.913801,0.920685,0.799381,0.458103,0.240645,20.741762,0.002131,0.006728,11.690627,0.004784,0.004763,0.000630,0.002219,12283327.834226,0.000000
-9707031.449757,1350061.194155,62452457.826756,42.171765,-1.655713,0.910157,0.782423,0.730669,0.057628,0.248837,0.783935,0.667671,0.346296,0.647545,0.135337,0.432224,0.313973,0.318695,0.143201,0.397113,0.775241,0.589467,0.412227,0.314757,0.395863,0.224250,0.638056,0.394174,0.127115,0.021586,0.558324,0.959290,0.735193,0.231671,0.413839,0.262687,0.176661,10.288499,19.588602,0.718488,0.246494,0.768154,0.815529,0.614787,0.632921,0.910567,0.928188,0.809044,0.383691,0.166106,37.828235,0.002405,0.010262,5.234763,0.004121,0.004138,0.000613,0.002236,9707031.449757,0.000000
-6935932.707435,1349193.482567,53502920.301518,42.618479,-1.922570,0.951001,0.962952,0.402162,0.064787,0.151307,0.156860,0.659066,0.571158,0.207604,0.307809,0.585955,0.414657,0.789796,0.401518,0.467237,0.580005,0.457010,0.143761,0.546627,0.338086,0.251088,0.406644,0.708227,0.117760,0.070662,0.684743,0.942907,0.961281,0.196250,0.466067,0.162954,0.216640,11.574470,18.260566,0.397271,0.272697,0.811417,0.843018,0.646226,0.663374,0.898771,0.951084,0.853769,0.300443,0.041958,37.381521,0.010984,0.006437,3.261955,0.004697,0.004695,0.000928,0.001921,6935932.707435,0.000000
-10907991.334890,1299661.161956,65251707.863305,43.599222,-1.667366,0.684492,0.761193,0.702239,0.078545,0.854804,0.788754,0.739857,0.345716,0.318203,0.294753,0.595323,0.474422,0.260692,0.177255,0.215496,0.584404,0.591141,0.064411,0.582527,0.296805,0.235920,0.022711,0.276065,0.147017,0.023891,0.649516,0.860593,0.741345,0.188774,0.467594,0.162297,0.107370,14.001164,20.018193,0.719558,0.234623,0.728743,0.765384,0.497015,0.525564,0.753678,0.816888,0.811256,0.363245,0.005171,36.400778,0.002348,0.000923,5.758503,0.004398,0.004417,0.000467,0.002382,10907991.334890,0.000000
-8638231.524575,1318430.026460,55293386.418192,38.701352,-0.324556,0.739895,0.773285,0.702216,0.057747,0.654282,0.754191,0.744366,0.343109,0.354048,0.801168,0.582784,0.311639,0.282427,0.160911,0.215287,0.793336,0.592323,0.066049,0.588350,0.032303,0.464678,0.471821,0.373330,0.085380,0.009979,0.650271,0.860444,0.741283,0.630575,0.279929,0.162272,0.104017,11.363114,20.043986,0.883849,0.201083,0.688193,0.718791,0.602579,0.628438,0.780572,0.820636,0.277152,0.551423,0.572299,41.298648,0.002193,0.000956,6.801201,0.004523,0.004539,0.000819,0.002030,8638231.524575,0.000000
-13037824.793435,1408782.582291,66982628.877735,58.781661,-0.505193,0.783164,0.763916,0.718555,0.070788,0.799223,0.787519,0.675096,0.492940,0.312655,0.788094,0.555743,0.384537,0.792147,0.752615,0.387846,0.779827,0.583284,0.010318,0.300298,0.711006,0.110302,0.490285,0.549485,0.289411,0.155666,0.642970,0.935385,0.959797,0.677840,0.273332,0.331684,0.127087,11.367082,15.750032,0.256686,0.180541,0.658249,0.708593,0.574328,0.616699,0.792802,0.842836,0.396611,0.489532,0.415664,21.218339,0.005049,0.000135,7.218218,0.004210,0.004229,0.000750,0.002099,13037824.793435,0.000000
-19983363.318746,1590944.937613,89819509.519862,76.404842,-0.685004,0.753230,0.974689,0.726791,0.080400,0.147814,0.749850,0.404928,0.441585,0.177158,0.832631,0.758530,0.662517,0.291608,0.262482,0.430633,0.466703,0.702326,0.405525,0.513479,0.332973,0.219993,0.134592,0.096516,0.322790,0.598865,0.024251,0.851617,0.969228,0.992567,0.405009,0.163291,0.248859,13.141475,2.737364,0.222007,0.106449,0.552405,0.743197,0.472051,0.632665,0.499000,0.804308,0.495912,0.609110,0.138454,3.595158,0.003541,0.008980,11.540679,0.004488,0.004500,0.000503,0.002346,19983363.318746,0.000000
-6148560.035983,1393404.142049,42039500.312344,38.630225,-1.972616,0.741137,0.965016,0.352074,0.010199,0.371352,0.957072,0.737221,0.513191,0.322013,0.811085,0.593435,0.410124,0.290135,0.254970,0.237970,0.811594,0.596060,0.996172,0.306342,0.058775,0.472805,0.000284,0.543285,0.075818,0.042763,0.692052,0.957718,0.962645,0.654655,0.466663,0.260698,0.219094,13.472900,19.418023,0.525901,0.301566,0.838105,0.807216,0.741643,0.716386,0.961281,0.947843,0.860908,0.479467,0.046841,41.369775,0.009391,0.007508,3.550258,0.004717,0.004739,0.000878,0.001971,6148560.035983,0.000000
-11785674.617638,1486077.352262,82900232.618774,39.036623,-0.896157,0.738350,0.990116,0.856185,0.702510,0.820797,0.755032,0.634952,0.562105,0.320746,0.770324,0.740244,0.416861,0.291567,0.265980,0.391496,0.784239,0.621115,0.436190,0.018175,0.296428,0.231755,0.592640,0.274591,0.079704,0.042214,0.175694,0.937410,0.963502,0.712695,0.414233,0.157278,0.107760,10.935244,19.032778,0.801969,0.191634,0.595927,0.758306,0.512643,0.613880,0.538231,0.728010,0.591865,0.501879,0.155132,40.963377,0.000691,0.000168,11.601245,0.004732,0.004740,0.000681,0.002168,11785674.617638,0.000000
-10582002.968122,1466521.240482,69332832.259924,38.975965,-0.201375,0.794235,0.978484,0.806657,0.379483,0.227687,0.724397,0.676827,0.517781,0.194088,0.789224,0.570876,0.311363,0.270600,0.151991,0.241380,0.591970,0.616244,0.995510,0.295613,0.305730,0.124190,0.503700,0.909731,0.079383,0.041437,0.063969,0.850764,0.962376,0.234260,0.269933,0.259315,0.255093,11.560806,19.105327,0.700301,0.198867,0.611886,0.708203,0.530119,0.610723,0.744600,0.845453,0.182394,0.315019,0.265442,41.024035,0.000598,0.005025,10.541674,0.004699,0.004704,0.000800,0.002049,10582002.968122,0.000000
-9312046.992766,1460065.264915,63660375.457834,37.106295,-1.215055,0.707605,0.849013,0.806501,0.041227,0.262756,0.722104,0.663278,0.541925,0.321100,0.884794,0.586185,0.414795,0.300300,0.365674,0.395528,0.592016,0.586049,0.405303,0.320899,0.508970,0.103716,0.024528,0.687502,0.029342,0.141246,0.612922,0.857173,0.735930,0.230427,0.396454,0.147601,0.251728,14.679233,16.449024,0.754620,0.204066,0.726651,0.784000,0.600517,0.657075,0.772914,0.889413,0.703306,0.382908,0.162778,42.893705,0.002521,0.012949,8.030245,0.004546,0.004559,0.000717,0.002132,9312046.992766,0.000000
-6022212.338962,1283404.173722,38875844.518428,41.580265,-0.230516,0.686054,0.780153,0.281641,0.072273,0.150961,0.950840,0.742267,0.280227,0.588685,0.839785,0.568582,0.411045,0.878369,0.152106,0.214712,0.792922,0.594340,0.416192,0.792519,0.495817,0.100537,0.142948,0.970287,0.123775,0.012427,0.563138,0.861508,0.961883,0.228583,0.392570,0.261656,0.104221,12.302916,20.216529,0.202535,0.276118,0.754100,0.784647,0.540057,0.572775,0.807704,0.846993,0.699750,0.312935,0.174999,38.419735,0.002415,0.007344,0.230516,0.004348,0.004348,0.000753,0.002096,6022212.338962,0.000000
-7060505.491293,1429729.953365,56253703.490577,33.120056,-0.685466,0.901257,0.970409,0.870727,0.001268,0.141733,0.601828,0.666383,0.471754,0.221855,0.309007,0.401317,0.392650,0.284407,0.371204,0.324549,0.474593,0.600081,0.138923,0.293075,0.018673,0.111117,0.400491,0.296960,0.005975,0.030956,0.559776,0.933834,0.956224,0.638049,0.294087,0.150611,0.238347,12.099385,19.452459,1.177432,0.223523,0.706216,0.740541,0.620124,0.649060,0.815824,0.879164,0.496145,0.475168,0.553213,46.879944,0.002148,0.002606,6.845829,0.004519,0.004522,0.000769,0.002080,7060505.491293,0.000000
-6974611.773787,1395949.197423,49936135.062271,34.782247,-0.772136,0.690618,0.771735,0.692775,0.063277,0.142388,0.751754,0.671150,0.466365,0.213966,0.389768,0.454429,0.410042,0.291606,0.181219,0.232496,0.780509,0.569831,0.951213,0.853626,0.496369,0.229838,0.199406,0.402332,0.028269,0.030956,0.860058,0.973320,0.954498,0.294720,0.289792,0.150578,0.250979,12.861929,19.609340,0.610022,0.236947,0.736296,0.743998,0.648037,0.654822,0.873414,0.879171,0.537975,0.340968,0.325037,45.217753,0.003439,0.007584,5.528644,0.004330,0.004342,0.000617,0.002232,6974611.773787,0.000000
-17309119.087218,1344496.641690,80158152.512450,77.752371,-1.935307,0.793367,0.986990,0.402942,0.072036,0.806972,0.751835,0.432800,0.329223,0.354387,0.102044,0.586952,0.319390,0.779412,0.365619,0.318968,0.575201,0.334209,0.950965,0.282736,0.171057,0.236021,0.215615,0.373133,0.487182,0.225504,0.551057,0.991392,0.944061,0.668032,0.442615,0.155252,0.121498,11.133043,13.899266,0.056427,0.152772,0.731317,0.802061,0.636744,0.661104,0.766792,0.830599,0.855620,0.491184,0.112167,2.247629,0.004538,0.008008,6.848854,0.004676,0.004669,0.000709,0.002140,17309119.087218,0.000000
-9565947.015849,1576029.063451,61647644.506613,38.372662,-1.493359,0.608756,0.970574,0.410227,0.677246,0.179920,0.814093,0.656461,0.353072,0.291419,0.237641,0.760668,0.309951,0.778487,0.754107,0.222632,0.786504,0.577718,0.996324,0.452854,0.507462,0.220622,0.001773,0.398425,0.025958,0.216704,0.733093,0.852102,0.959572,0.216755,0.442838,0.163234,0.189705,12.473221,14.183536,0.068709,0.228899,0.745510,0.767995,0.544592,0.562479,0.869269,0.888987,0.775383,0.308946,0.051742,41.627338,0.005218,0.008327,5.487585,0.003084,0.003073,0.000130,0.002719,9565947.015849,0.000000
-19260402.351976,1753414.102240,95648488.430076,51.423010,-1.426200,0.794423,0.973744,0.880515,0.059082,0.762176,0.744335,0.188680,0.345437,0.313022,0.762666,0.760445,0.480850,0.280127,0.366997,0.263081,0.769497,0.301921,0.966415,0.301774,0.502833,0.229771,0.591516,0.415864,0.075214,0.603319,0.189755,0.856991,0.737539,0.990858,0.429296,0.262557,0.110376,12.226004,2.100323,0.305643,0.164177,0.638507,0.754599,0.539518,0.633007,0.640414,0.694497,0.759780,0.551236,0.083458,28.576990,0.001553,0.006172,11.205990,0.004208,0.004225,0.000336,0.002513,19260402.351976,0.000000
-12060270.075533,1759549.444834,78598235.019576,38.103336,-1.890616,0.911217,0.975812,0.839309,0.701550,0.765861,0.786039,0.662808,0.313683,0.308762,0.396416,0.756318,0.288495,0.909306,0.249376,0.454980,0.468141,0.625789,0.966767,0.450740,0.907540,0.222578,0.799162,0.894090,0.025786,0.197119,0.977428,0.929328,0.978266,0.612391,0.467973,0.260846,0.120067,10.480920,14.172789,0.360444,0.251875,0.709185,0.725024,0.561792,0.573039,0.718642,0.752543,0.849021,0.457684,0.032583,41.896664,0.000616,0.008949,11.941284,0.004240,0.004220,0.000649,0.002200,12060270.075533,0.000000
-6748163.800267,1521811.066173,68603291.638001,32.960623,-1.997650,0.550318,0.970211,0.869836,0.634480,0.774832,0.742691,0.059589,0.513268,0.314775,0.308865,0.822537,0.473394,0.338410,0.152991,0.545109,0.760749,0.313181,0.569536,0.027152,0.797101,0.247466,0.485444,0.972453,0.011640,0.000374,0.694074,0.966184,0.741228,0.643491,0.466408,0.273435,0.238848,11.420929,20.319537,0.814983,0.276897,0.771204,0.852073,0.685305,0.745678,0.928330,0.962306,0.864346,0.512085,0.050833,47.039377,0.000302,0.000283,6.800885,0.004345,0.004325,0.000240,0.002609,6748163.800267,0.000000
-13171503.209988,1650358.049954,90662721.413914,41.543186,-1.975581,0.697891,0.974013,0.836062,0.063933,0.210962,0.625403,0.441866,0.474813,0.204856,0.392718,0.631520,0.464639,0.331850,0.143739,0.324508,0.581109,0.598641,0.075174,0.292501,0.301648,0.109513,0.797630,0.391117,0.011062,0.433219,0.693647,0.974082,0.952831,0.967087,0.458387,0.297279,0.223262,10.818100,7.003877,0.756416,0.265628,0.704320,0.823577,0.626559,0.725299,0.883441,0.955086,0.861319,0.591721,0.070621,38.456814,0.002318,0.000945,9.192464,0.004311,0.004286,0.000211,0.002638,13171503.209988,0.000000
-9394934.375707,1613860.648349,76567275.541921,37.302815,-2.014677,0.697948,0.990015,0.868045,0.668897,0.192588,0.761219,0.451459,0.796120,0.314775,0.809941,0.625567,0.464661,0.332032,0.172344,0.388746,0.580629,0.318152,0.053140,0.544775,0.341698,0.234887,0.208391,0.282495,0.011405,0.222867,0.694074,0.968102,0.741228,0.653152,0.468320,0.298546,0.103986,13.468861,13.878449,0.617621,0.231897,0.714369,0.737361,0.561585,0.578526,0.671557,0.724048,0.866637,0.511401,0.047761,42.697185,0.000343,0.000137,11.476564,0.004440,0.004453,0.000475,0.002374,9394934.375707,0.000000
-10861566.418391,1274729.815718,66450936.994518,55.373989,-1.937840,0.793367,0.986922,0.307725,0.000269,0.806972,0.751778,0.431318,0.332509,0.354387,0.102044,0.495560,0.391812,0.772834,0.325988,0.225675,0.575201,0.574546,0.950965,0.288286,0.167268,0.106708,0.982379,0.297132,0.306421,0.006255,0.029929,0.992211,0.943761,0.668032,0.442615,0.332975,0.121376,9.085857,19.796815,0.371220,0.244445,0.776389,0.840748,0.691937,0.709737,0.868084,0.888377,0.855985,0.491289,0.112519,24.626011,0.003867,0.004629,4.310475,0.004945,0.004954,0.000898,0.001951,10861566.418391,0.000000
-17394246.797771,1642817.377222,75994197.117624,56.704685,-0.952509,0.682472,0.769045,0.692765,0.058848,0.707923,0.937422,0.667952,0.344336,0.402101,0.773084,0.568621,0.673323,0.775436,0.371669,0.227160,0.579136,0.594234,0.377397,0.744516,0.508286,0.256463,0.142368,0.965083,0.123299,0.622364,0.695322,0.970410,0.959896,0.612324,0.312114,0.260855,0.222434,12.666464,1.917128,0.056541,0.176209,0.663192,0.708608,0.580146,0.618296,0.813907,0.855867,0.614228,0.463830,0.497824,23.295315,0.013205,0.005212,9.195542,0.003302,0.003334,0.000009,0.002840,17394246.797771,0.000000
-11709254.004650,1535441.247887,76914838.346724,38.413239,-1.895518,0.903990,0.854373,0.923190,0.664397,0.357088,0.940206,0.657397,0.523780,0.320752,0.782877,0.753793,0.389102,0.250834,0.158604,0.389255,0.783871,0.579092,0.957716,0.137682,0.298605,0.463301,0.233570,0.316679,0.079368,0.019305,0.562643,0.931553,0.958144,0.709491,0.467600,0.158165,0.110912,12.731104,20.029921,0.605049,0.227432,0.734682,0.751888,0.597244,0.609058,0.682929,0.728703,0.849759,0.502517,0.034235,41.586761,0.000300,0.002533,13.644010,0.004512,0.004526,0.000868,0.001981,11709254.004650,0.000000
-9515978.183436,1421483.904128,61089336.145298,38.971478,-0.512704,0.794235,0.769413,0.806657,0.059251,0.227687,0.724397,0.676777,0.517781,0.194345,0.380387,0.570876,0.408917,0.270600,0.152745,0.241380,0.783443,0.570052,0.995510,0.836592,0.031267,0.124190,0.503700,0.909731,0.079383,0.041241,0.082177,0.947104,0.962376,0.256670,0.270144,0.259315,0.255088,11.368271,19.092504,0.563672,0.213324,0.671445,0.739682,0.588471,0.645694,0.804375,0.869705,0.401126,0.323791,0.280989,41.028522,0.002168,0.006424,5.724609,0.004337,0.004349,0.000690,0.002159,9515978.183436,0.000000
-5710609.095253,1351461.405312,43120890.370826,34.786765,-0.364682,0.690618,0.980792,0.305180,0.383964,0.143056,0.756370,0.671199,0.474521,0.213710,0.795136,0.454429,0.312488,0.291606,0.180920,0.232496,0.589063,0.616517,0.951213,0.312647,0.309009,0.229838,0.202027,0.393438,0.028269,0.031152,0.841910,0.853018,0.970292,0.234784,0.287143,0.150578,0.250985,11.707902,19.579348,0.256440,0.232275,0.739802,0.724700,0.644008,0.631839,0.880358,0.866838,0.305583,0.313016,0.282933,45.213235,0.000797,0.006090,0.781471,0.003363,0.003393,0.000225,0.002624,5710609.095253,0.000000
-12449721.968377,1827495.047400,70392745.324745,38.451682,-1.630686,0.906212,0.978258,0.879672,0.677239,0.223566,0.785968,0.924481,0.535693,0.284884,0.385956,0.756795,0.660143,0.907427,0.744337,0.256508,0.465400,0.579236,0.983006,0.453688,0.392388,0.234212,0.003522,0.395340,0.028305,0.210899,0.693873,0.929305,0.965602,0.478317,0.424776,0.332229,0.216108,14.680983,14.424643,0.300841,0.225520,0.746386,0.749984,0.608667,0.616688,0.885732,0.893069,0.804205,0.409520,0.126002,41.548318,0.005088,0.003565,11.820621,0.004533,0.004534,0.000569,0.002280,12449721.968377,0.000000
-7681468.583369,1415557.558669,51597096.829513,35.194576,-0.546062,0.794312,0.763873,0.834951,0.127630,0.172207,0.947265,0.980674,0.333562,0.354237,0.384827,0.756986,0.318875,0.280594,0.369089,0.387650,0.465842,0.682557,0.418392,0.282985,0.164253,0.271392,0.904990,0.309578,0.036768,0.013441,0.677447,0.855686,0.744024,0.292934,0.307271,0.262574,0.225880,9.070357,19.584137,0.713907,0.221448,0.720072,0.678277,0.626533,0.592145,0.869686,0.831845,0.420774,0.406947,0.443083,44.805424,0.001392,0.009056,10.752445,0.004574,0.004586,0.000708,0.002141,7681468.583369,0.000000
-13169422.450007,1583875.036524,83257587.065261,43.174552,-1.834580,0.882213,0.970046,0.859165,0.001400,0.575147,0.783881,0.667143,0.494509,0.308185,0.381520,0.604773,0.416749,0.347511,0.175017,0.226229,0.772127,0.325149,0.996807,0.086562,0.399049,0.212984,0.459094,0.400026,0.081411,0.217854,0.643967,0.997211,0.975515,0.591602,0.423399,0.328144,0.105410,12.163502,13.832433,0.695620,0.260806,0.715672,0.745951,0.572367,0.585384,0.699251,0.750113,0.840319,0.450508,0.159668,36.825448,0.002943,0.005169,11.122869,0.004573,0.004581,0.000686,0.002163,13169422.450007,0.000000
-17489541.199236,1903966.590127,74455017.427535,48.431160,-1.575087,0.746656,0.977681,0.843329,0.167638,0.780321,0.758284,0.670983,0.486902,0.181921,0.809447,0.757025,0.413901,0.916553,0.361423,0.247688,0.753959,0.570140,0.997380,0.267419,0.040418,0.200255,0.058951,0.315099,0.044143,0.616524,0.443737,0.837559,0.881903,0.634873,0.464688,0.334034,0.221782,14.993296,2.166052,0.197881,0.184299,0.740545,0.781790,0.635753,0.641333,0.892996,0.898623,0.793010,0.500169,0.001328,31.568840,0.003780,0.006557,11.364828,0.004175,0.004189,0.000203,0.002646,17489541.199236,0.000000
-11739099.080863,1657383.141206,66810538.071665,48.629232,-1.878288,0.804107,0.978258,0.817149,0.669397,0.223566,0.788143,0.934312,0.531283,0.284884,0.775088,0.760230,0.396786,0.318829,0.749808,0.379023,0.592697,0.579954,0.983006,0.547062,0.028394,0.230127,0.942639,0.985018,0.151077,0.196552,0.650503,0.930496,0.965661,0.475406,0.465198,0.332229,0.216937,9.648884,14.160446,0.263594,0.216256,0.779799,0.776743,0.633749,0.639048,0.903955,0.907997,0.847149,0.408363,0.038596,31.370768,0.001450,0.009779,12.604396,0.004523,0.004510,0.000654,0.002195,11739099.080863,0.000000
-4000714.348547,1445713.701339,44304829.847985,32.364921,-1.547701,0.731288,0.990430,0.412949,0.010029,0.807899,0.715872,0.441616,0.335059,0.315199,0.311402,0.601549,0.344714,0.885146,0.242744,0.393206,0.824866,0.287809,0.433203,0.311787,0.339105,0.092374,0.000054,0.272799,0.002807,0.008096,0.693782,0.959034,0.959246,0.278243,0.397463,0.335943,0.108084,14.253023,20.441640,0.806372,0.313350,0.728889,0.774580,0.522821,0.560244,0.783891,0.836840,0.787264,0.333132,0.208410,47.635079,0.005224,0.010666,7.427676,0.004989,0.004984,0.000934,0.001915,4000714.348547,0.000000
-3509918.211030,1394207.634660,40675454.081034,32.812451,-1.974005,0.682476,0.973361,0.402254,0.001373,0.151307,0.183498,0.673872,0.811818,0.407579,0.307809,0.598493,0.392956,0.784735,0.178365,0.463189,0.801991,0.591601,0.170019,0.548250,0.336195,0.252353,0.406644,0.734767,0.003952,0.023024,0.693251,0.959044,0.739786,0.275542,0.466184,0.164717,0.224238,11.729238,19.656855,0.649871,0.270706,0.825742,0.834908,0.659498,0.685171,0.906825,0.941554,0.861101,0.400957,0.048351,47.187549,0.005402,0.010142,4.466982,0.004844,0.004842,0.000965,0.001884,3509918.211030,0.000000
-6593054.288753,1554966.408325,48686243.874375,33.479870,-2.024775,0.777215,0.775738,0.692765,0.071099,0.711242,0.973781,0.667952,0.337759,0.405715,0.831223,0.569329,0.680102,0.775436,0.372149,0.227160,0.779249,0.593465,0.372870,0.138276,0.083245,0.235264,0.142368,0.965083,0.008274,0.042644,0.699774,0.974235,0.959762,0.328984,0.466752,0.436131,0.250213,13.467113,19.309914,0.632032,0.319387,0.818201,0.816179,0.684657,0.700905,0.953144,0.952068,0.867976,0.352864,0.053440,46.520130,0.012190,0.006205,11.225027,0.004444,0.004455,0.000836,0.002013,6593054.288753,0.000000
-10107161.683708,1394263.560220,62281979.575406,39.473143,-1.582954,0.791256,0.783999,0.806180,0.059006,0.767739,0.937718,0.658995,0.344903,0.307783,0.773242,0.432224,0.311601,0.276603,0.143201,0.399232,0.783263,0.454876,0.417495,0.314757,0.395154,0.224233,0.637663,0.387743,0.076951,0.070270,0.076003,0.943513,0.960239,0.231671,0.410254,0.261773,0.177187,10.455898,18.096746,0.714259,0.235851,0.755471,0.800750,0.595998,0.617048,0.879663,0.920551,0.794632,0.314604,0.167872,40.526857,0.001731,0.009901,9.359837,0.003990,0.004011,0.000611,0.002238,10107161.683708,0.000000
-3238552.405519,1428721.748738,48070911.689407,32.798004,-1.949793,0.796349,0.855304,0.495307,0.002356,0.571392,0.756065,0.031398,0.792746,0.314462,0.357417,0.905507,0.419659,0.295119,0.175170,0.440760,0.579203,0.572892,0.957447,0.865285,0.147669,0.243813,0.467177,0.624210,0.001481,0.031416,0.861484,0.996309,0.999226,0.255590,0.442496,0.157935,0.104407,11.497300,19.351996,0.729811,0.305215,0.701996,0.751124,0.483828,0.523951,0.716089,0.787883,0.857696,0.313084,0.114551,47.201996,0.005191,0.012907,5.565467,0.004988,0.004990,0.000979,0.001870,3238552.405519,0.000000
-19292042.600021,1894695.399761,82923409.258877,47.565962,-1.341158,0.909969,0.982672,0.683170,0.677239,0.767372,0.785800,0.656878,0.343141,0.307432,0.773762,0.848131,0.418834,0.278287,0.110964,0.459581,0.771309,0.602461,0.983012,0.453688,0.512127,0.232082,0.477956,0.383878,0.025721,0.662734,0.310728,0.864571,0.742021,0.596034,0.411982,0.299854,0.216034,12.157513,0.411438,0.199698,0.162088,0.692474,0.758503,0.602727,0.626565,0.870365,0.892129,0.738457,0.537468,0.127311,32.434038,0.000160,0.012336,13.505299,0.003784,0.003804,0.000417,0.002432,19292042.600021,0.000000
-6246608.203965,1463653.262388,63577917.582437,34.070615,-1.866912,0.606854,0.974221,0.865742,0.159438,0.195993,0.937700,0.357661,0.808828,0.316431,0.824233,0.626731,0.474286,0.330970,0.146047,0.222388,0.786504,0.594444,0.214362,0.293196,0.507462,0.123590,0.003307,0.950063,0.024653,0.011334,0.733093,0.968963,0.961938,0.216755,0.442838,0.162968,0.189705,14.497795,20.407334,1.244384,0.262220,0.768580,0.794906,0.575707,0.596642,0.874478,0.909374,0.845400,0.308290,0.102017,45.929385,0.001363,0.004582,8.573937,0.004709,0.004685,0.000568,0.002281,6246608.203965,0.000000
-8443716.907782,1462487.497980,59799739.170037,36.815010,-1.461552,0.745380,0.976989,0.373077,0.669799,0.779643,0.627347,0.935265,0.526027,0.347560,0.382182,0.762540,0.415060,0.300362,0.253505,0.467505,0.648492,0.590624,0.405658,0.341345,0.496251,0.467726,0.144788,0.393456,0.023739,0.148157,0.181243,0.937936,0.968038,0.456999,0.441046,0.190574,0.108050,12.559539,16.130871,0.357141,0.218401,0.717453,0.750625,0.534667,0.561135,0.707737,0.757232,0.768124,0.400424,0.092621,43.184990,0.000680,0.007743,6.367637,0.003747,0.003792,0.000355,0.002494,8443716.907782,0.000000
-12234317.240295,1499540.379112,77238097.846504,41.287014,-0.777267,0.742495,0.753307,0.882117,0.679240,0.795467,0.784164,0.665391,0.337238,0.281263,0.814840,0.566342,0.314101,0.334960,0.360410,0.453944,0.771433,0.309774,0.983007,0.451004,0.505401,0.099351,0.604562,0.958492,0.118621,0.012143,0.700404,0.937823,0.986426,0.596891,0.303360,0.328289,0.200580,10.809638,19.928020,0.293748,0.233143,0.633254,0.747301,0.556496,0.651713,0.780936,0.887156,0.540339,0.448960,0.443185,38.712986,0.001273,0.007916,6.616002,0.003861,0.003881,0.000572,0.002277,12234317.240295,0.000000
-4814715.155284,1356489.993342,40306608.063617,34.675135,-1.140716,0.795967,0.768960,0.301524,0.058926,0.769310,0.808877,0.657880,0.337725,0.320679,0.121055,0.432224,0.314410,0.295553,0.126500,0.397182,0.772237,0.454887,0.421101,0.042901,0.394314,0.257202,0.638161,0.387894,0.015465,0.070420,0.665736,0.933840,0.953011,0.256528,0.413839,0.261773,0.177773,10.052695,18.011233,0.662636,0.309209,0.821141,0.798643,0.642722,0.678417,0.927713,0.939576,0.793102,0.326398,0.154477,45.324865,0.001935,0.004225,1.140716,0.004381,0.004398,0.000698,0.002151,4814715.155284,0.000000
-10544717.162809,1407214.051961,65414401.507772,43.122364,-1.605317,0.796443,0.781250,0.806180,0.058737,0.252422,0.783935,0.926041,0.344883,0.199885,0.135517,0.432224,0.313461,0.930108,0.143200,0.403086,0.775241,0.455641,0.421101,0.314757,0.395154,0.224233,0.988620,0.387904,0.122688,0.070270,0.107214,0.943265,0.959977,0.231751,0.413839,0.261773,0.177187,8.693572,17.837006,0.472134,0.219602,0.754204,0.781889,0.583302,0.598850,0.879212,0.906231,0.799174,0.314709,0.158783,36.877636,0.002386,0.011134,5.437059,0.003967,0.003978,0.000435,0.002414,10544717.162809,0.000000
-3014413.137235,1383757.928798,43915453.847160,32.861020,-2.001872,0.553015,0.749247,0.401949,0.001084,0.771931,0.790485,0.053437,0.797241,0.314857,0.310862,0.570720,0.474663,0.883463,0.172003,0.894016,0.576212,0.584257,0.149540,0.039239,0.790315,0.245797,0.030281,0.387394,0.005706,0.022070,0.690863,0.967699,0.735208,0.674453,0.466318,0.293933,0.108807,13.821340,19.977624,0.738739,0.312507,0.808668,0.837455,0.669101,0.701280,0.841486,0.878516,0.864918,0.509193,0.051636,47.138980,0.005083,0.002276,3.275826,0.004853,0.004860,0.000790,0.002059,3014413.137235,0.000000
-15140584.822899,1443302.205178,74380024.595788,55.116128,-1.997746,0.743169,0.975613,0.871986,0.117071,0.805069,0.724368,0.668174,0.337726,0.321105,0.320332,0.572454,0.415606,0.915603,0.370289,0.247956,0.581807,0.570981,0.810087,0.350689,0.419439,0.111623,0.594013,0.407993,0.303543,0.008485,0.667974,0.966781,0.960660,0.293088,0.466101,0.158538,0.252329,10.926982,20.127221,0.465974,0.195769,0.772927,0.821384,0.657265,0.661373,0.861761,0.941081,0.864359,0.338541,0.051699,24.883872,0.004171,0.005643,8.783507,0.004659,0.004656,0.000540,0.002309,15140584.822899,0.000000
-7641280.784436,1486074.988239,53099794.228562,37.697205,-2.087924,0.738806,0.977325,0.491837,0.024778,0.798382,0.880135,0.663304,0.337060,0.337545,0.141918,0.753943,0.415392,0.274751,0.186032,0.388181,0.801329,0.768029,0.409947,0.330372,0.029115,0.132774,0.201852,0.309276,0.033257,0.152815,0.837835,0.996199,0.962269,0.291234,0.465885,0.261380,0.225531,13.392103,15.930875,0.888751,0.303149,0.812830,0.814035,0.661817,0.680110,0.941446,0.950710,0.876056,0.337350,0.064231,42.302795,0.004651,0.013491,8.809455,0.004885,0.004877,0.000721,0.002128,7641280.784436,0.000000
-6452016.892190,1409205.594573,43106040.328293,40.122675,-1.965345,0.546664,0.974498,0.297493,0.079145,0.796131,0.938758,0.666166,0.286700,0.274499,0.329328,0.694945,0.677158,0.923799,0.839942,0.892584,0.772775,0.580437,0.998775,0.293776,0.024754,0.229927,0.059079,0.554025,0.105352,0.010235,0.695655,0.959504,0.742735,0.267398,0.464440,0.334499,0.104779,13.162291,20.380699,0.349902,0.285081,0.722098,0.751232,0.511800,0.535434,0.773015,0.805687,0.859892,0.396458,0.052077,39.877325,0.020238,0.026176,4.290525,0.004822,0.004833,0.000830,0.002019,6452016.892190,0.000000
-15025399.466356,1578185.737023,89676098.843650,47.428690,-1.830842,0.794463,0.964402,0.872435,0.094942,0.234998,0.725136,0.667742,0.230614,0.350993,0.393824,0.572380,0.414953,0.651388,0.160824,0.253426,0.581024,0.594293,0.420499,0.292730,0.304155,0.249392,0.964427,0.380949,0.132176,0.211608,0.560126,0.914177,0.955848,0.454333,0.465969,0.439540,0.251115,9.343061,13.612616,0.633564,0.269185,0.702235,0.805827,0.622570,0.708304,0.884437,0.947636,0.839722,0.403207,0.030345,32.571310,0.002303,0.005114,9.944333,0.004540,0.004545,0.000519,0.002330,15025399.466356,0.000000
-12346215.233937,1843719.097976,71283487.015075,37.844035,-1.590451,0.905759,0.966801,0.956674,0.677239,0.223566,0.785968,0.934312,0.558424,0.213930,0.775620,0.760230,0.410052,0.910816,0.749808,0.379023,0.811274,0.579954,0.983006,0.453653,0.058352,0.473091,0.944809,0.396914,0.025659,0.183662,0.650994,0.935754,0.965661,0.475406,0.415219,0.258468,0.220607,9.499550,14.484920,0.348864,0.210760,0.743113,0.750310,0.596062,0.603685,0.875819,0.883248,0.796166,0.408363,0.151942,42.155965,0.003580,0.009802,12.771543,0.004495,0.004494,0.000731,0.002118,12346215.233937,0.000000
-7683149.304259,1445380.108834,50415819.035149,42.680326,-1.500789,0.739038,0.978300,0.340114,0.012358,0.181709,0.957072,0.670449,0.530921,0.285090,0.794157,0.593859,0.396709,0.271529,0.714945,0.231637,0.778444,0.620675,0.982051,0.130657,0.028817,0.233673,0.055408,0.381074,0.079734,0.206078,0.692052,0.916209,0.962645,0.707231,0.410938,0.333572,0.217092,12.737310,14.456443,0.225586,0.276138,0.786481,0.776401,0.691595,0.683531,0.932876,0.926740,0.777046,0.500043,0.153594,37.319674,0.006824,0.006906,1.570815,0.004206,0.004241,0.000583,0.002266,7683149.304259,0.000000
-6221198.366574,1181971.721624,52359790.785948,61.371560,-0.546424,0.783282,0.764557,0.303398,0.001129,0.799255,0.957019,0.675122,0.690264,0.275157,0.391998,0.557263,0.299442,0.310155,0.752974,0.894215,0.591067,0.702604,0.374217,0.293992,0.284265,0.105935,0.136633,0.391031,0.389084,0.007569,0.642685,0.938585,0.963304,0.454456,0.276730,0.161272,0.247917,11.403881,20.490011,0.164167,0.160737,0.723822,0.716045,0.637534,0.631474,0.859333,0.851172,0.420983,0.400912,0.451826,18.628440,0.005695,0.022445,2.274739,0.004522,0.004548,0.000766,0.002083,6221198.366574,0.000000
-6055151.039066,1442496.581541,49789929.712784,32.488259,-0.324903,0.739895,0.962197,0.702216,0.057855,0.654282,0.754191,0.742619,0.328155,0.354048,0.876624,0.582784,0.311639,0.282427,0.160911,0.144091,0.793463,0.610926,0.965364,0.586205,0.032303,0.460858,0.471821,0.373330,0.002870,0.009979,0.650288,0.860551,0.741283,0.634781,0.279929,0.162061,0.104017,11.605212,20.030432,0.897758,0.200028,0.710665,0.710281,0.594048,0.617810,0.721813,0.764781,0.277403,0.551382,0.572368,47.511741,0.002264,0.004015,10.788875,0.004891,0.004895,0.000853,0.001996,6055151.039066,0.000000
-7334357.693126,1345031.417277,44608014.148546,41.128212,-1.690731,0.688356,0.681588,0.399144,0.016379,0.779725,0.941245,0.673553,0.399966,0.335285,0.310111,0.447427,0.429833,0.885840,0.291132,0.469297,0.591126,0.315665,0.998393,0.438435,0.089720,0.124524,0.004375,0.950858,0.119797,0.007490,0.615274,0.863413,0.749490,0.725443,0.470058,0.325955,0.237187,13.559885,20.490965,0.354642,0.275096,0.821868,0.814597,0.724502,0.718746,0.956241,0.952766,0.815615,0.553614,0.001584,38.871788,0.009937,0.013822,6.554409,0.004446,0.004457,0.000775,0.002074,7334357.693126,0.000000
-9063923.234807,1331025.248930,59633652.645848,38.257458,-0.325329,0.739895,0.773285,0.702216,0.378963,0.654184,0.754191,0.673882,0.349971,0.199045,0.789221,0.582784,0.311356,0.270717,0.161020,0.215223,0.793336,0.591101,0.057548,0.588350,0.032303,0.464678,0.471877,0.378850,0.079485,0.009979,0.640586,0.860444,0.741283,0.235473,0.280014,0.162272,0.104017,11.155189,20.047258,0.687757,0.198381,0.671756,0.739696,0.483780,0.516048,0.720055,0.789955,0.277710,0.383274,0.571894,41.742542,0.000662,0.000711,6.831024,0.004360,0.004379,0.000750,0.002099,9063923.234807,0.000000
-12768698.847591,1592951.956569,81658147.177114,39.608307,-1.991528,0.698759,0.858887,0.728950,0.703101,0.213610,0.756268,0.664127,0.339403,0.215769,0.394152,0.828405,0.464639,0.330312,0.143469,0.423462,0.773246,0.572421,0.075204,0.282187,0.301648,0.250825,0.485742,0.411302,0.023079,0.285068,0.663604,0.967331,0.952901,0.462801,0.464731,0.261730,0.223191,11.724392,11.729681,0.489013,0.267267,0.734708,0.815601,0.653687,0.689220,0.905496,0.944426,0.863513,0.407464,0.054712,40.391693,0.000232,0.000449,9.849542,0.004298,0.004304,0.000297,0.002552,12768698.847591,0.000000
-10765967.648732,1564155.424144,68779346.573132,39.608307,-1.867967,0.800741,0.858887,0.728950,0.127870,0.213610,0.761371,0.664127,0.339422,0.215769,0.394152,0.828405,0.464639,0.330312,0.143469,0.423462,0.773246,0.572104,0.075204,0.293823,0.240685,0.250825,0.485742,0.931310,0.023079,0.285068,0.853588,0.939694,0.952901,0.467447,0.458436,0.261730,0.237114,12.102742,11.714384,0.752008,0.276800,0.759436,0.805441,0.672313,0.710547,0.921066,0.946618,0.845563,0.409289,0.056174,40.391693,0.001564,0.001067,9.924467,0.004610,0.004627,0.000651,0.002198,10765967.648732,0.000000
-6608168.813327,1396137.495065,60638178.590306,38.123060,-2.091311,0.738658,0.973088,0.694273,0.001249,0.810792,0.945460,0.677957,0.815582,0.251630,0.319541,0.595509,0.318985,0.254905,0.372070,0.536518,0.573311,0.595376,0.370558,0.299532,0.706882,0.254873,0.926845,0.399282,0.073112,0.021199,0.692980,0.996738,0.976084,0.275137,0.466183,0.159459,0.224220,8.880188,19.364780,1.067882,0.263768,0.799207,0.790223,0.651429,0.667501,0.876848,0.906312,0.876475,0.327118,0.063841,41.876940,0.001738,0.013850,10.871211,0.004939,0.004944,0.000795,0.002054,6608168.813327,0.000000
-8538365.805155,1465135.798291,55472729.646224,45.219954,-2.021310,0.796081,0.986225,0.291873,0.064605,0.706751,0.995721,0.428248,0.329376,0.354498,0.818261,0.568621,0.385762,0.775436,0.364252,0.227160,0.803220,0.652615,0.799099,0.174428,0.515025,0.111989,0.155344,0.965083,0.124920,0.154863,0.704515,0.973123,0.959762,0.328984,0.466753,0.437234,0.250213,12.869699,15.932078,0.302025,0.308490,0.802181,0.816489,0.706481,0.717679,0.945217,0.952231,0.867518,0.352864,0.052982,34.780046,0.007625,0.006147,2.833402,0.004557,0.004575,0.000800,0.002049,8538365.805155,0.000000
-9053729.320780,1333150.117552,57569548.482454,39.319071,-1.900286,0.559313,0.773285,0.702216,0.051973,0.654282,0.752020,0.744366,0.343109,0.352667,0.799925,0.582784,0.311639,0.282427,0.161071,0.215287,0.793336,0.592323,0.066049,0.295327,0.032303,0.464678,0.471821,0.373330,0.085380,0.036665,0.650271,0.925810,0.740943,0.676271,0.471602,0.162272,0.103496,11.318902,19.230731,0.871250,0.256299,0.774485,0.823017,0.657458,0.681350,0.788785,0.831137,0.850474,0.526594,0.024005,40.680929,0.002203,0.000895,5.972860,0.004465,0.004483,0.000490,0.002359,9053729.320780,0.000000
-4344780.239010,1378778.575084,35325450.721605,34.201730,-1.936167,0.743607,0.681588,0.284308,0.009505,0.799700,0.751780,0.667849,0.399966,0.335973,0.819585,0.447427,0.416363,0.780075,0.360149,0.213082,0.591168,0.315090,0.947762,0.428737,0.497628,0.124524,0.963738,0.958160,0.024532,0.009615,0.614989,0.945908,0.944803,0.715729,0.466781,0.297920,0.210426,9.019085,19.583423,0.368243,0.324490,0.851869,0.821869,0.752781,0.728259,0.964410,0.955092,0.855744,0.509721,0.041756,45.798270,0.010146,0.005435,3.641204,0.004668,0.004661,0.000895,0.001954,4344780.239010,0.000000
-5944425.752342,1293573.555079,49910527.013943,38.267081,-0.716353,0.739895,0.775118,0.482531,0.056340,0.654459,0.754391,0.432918,0.243763,0.321702,0.809653,0.582784,0.311639,0.273229,0.161000,0.215221,0.574291,0.591917,0.014932,0.287439,0.054391,0.240561,0.457780,0.373330,0.079599,0.010151,0.186497,0.993179,0.941330,0.630297,0.276644,0.330276,0.105886,11.177269,20.012228,0.939914,0.282105,0.727355,0.766201,0.641832,0.674558,0.840792,0.878839,0.511469,0.477252,0.410589,41.732919,0.002965,0.000239,5.547934,0.004696,0.004698,0.000920,0.001929,5944425.752342,0.000000
-21301006.382200,1973503.522994,91660911.857525,52.613576,-1.921857,0.913774,0.975662,0.880102,0.677155,0.646726,0.774627,0.425178,0.345122,0.354259,0.772292,0.754115,0.356813,0.921548,0.247270,0.384193,0.463497,0.570205,0.979098,0.858350,0.374870,0.447041,0.474881,0.090456,0.081050,0.630279,0.649833,0.939187,0.960316,0.243374,0.467978,0.160200,0.104013,11.663270,1.448922,0.054477,0.144407,0.430362,0.441856,0.139831,0.147514,0.151995,0.243829,0.853665,0.319167,0.036610,27.386424,0.000639,0.006699,11.930166,0.003735,0.003717,0.000347,0.002502,21301006.382200,0.000000
-17219857.921425,1965701.412655,86779212.855858,44.581665,-1.953938,0.914147,0.975651,0.879746,0.091420,0.150350,0.818794,0.390191,0.437329,0.312949,0.848951,0.694474,0.678606,0.770827,0.871897,0.890008,0.777207,0.574733,0.005277,0.434949,0.807614,0.222204,0.158855,0.381856,0.000415,0.648268,0.695478,0.952867,0.743287,0.985252,0.466067,0.331871,0.314310,14.907881,1.071089,0.331699,0.207807,0.721088,0.810879,0.634568,0.708950,0.896792,0.949670,0.858285,0.517665,0.046050,35.418335,0.011581,0.000200,13.237252,0.004196,0.004212,0.000716,0.002133,17219857.921425,0.000000
-21583308.938231,1627136.806372,113452957.039801,73.867874,-1.495996,0.679621,0.975390,0.838531,0.080540,0.694365,0.936027,0.404928,0.232737,0.312921,0.798187,0.757301,0.653919,0.320690,0.258875,0.467716,0.461412,0.598266,0.010625,0.323114,0.335472,0.233916,0.586159,0.306296,0.284692,0.636450,0.639242,0.934171,0.967457,0.983693,0.401476,0.164448,0.225015,11.348976,1.234110,0.258213,0.140920,0.611706,0.779228,0.544574,0.683589,0.697249,0.920406,0.775975,0.606342,0.186061,6.132126,0.002924,0.000085,11.099874,0.004126,0.004102,0.000056,0.002793,21583308.938231,0.000000
-22310490.932541,1656552.319057,116111460.190287,74.668600,-1.408459,0.779893,0.976218,0.871168,0.069348,0.869813,0.765667,0.340233,0.302008,0.186971,0.368410,0.757176,0.472107,0.247245,0.188836,0.394746,0.777111,0.598868,0.411313,0.244011,0.031581,0.218531,0.486410,0.307930,0.294869,0.629572,0.608645,0.865081,0.959869,0.996161,0.422260,0.191210,0.100056,11.638412,1.535206,0.249955,0.138021,0.602155,0.741635,0.533925,0.621365,0.528829,0.621389,0.755480,0.614219,0.103142,5.331400,0.001198,0.010436,11.068116,0.004101,0.004123,0.000095,0.002754,22310490.932541,0.000000
-5816017.142924,1249341.770074,52062312.999431,54.262997,-1.461311,0.743302,0.768468,0.282292,0.063727,0.780463,0.728430,0.937443,0.523165,0.598393,0.374512,0.753522,0.474891,0.333527,0.613214,0.461999,0.783885,0.582867,0.994016,0.265970,0.508917,0.108226,0.147232,0.310431,0.293280,0.010006,0.613217,0.931051,0.975287,0.709992,0.397737,0.161160,0.213161,12.119427,20.390360,0.209962,0.209770,0.791834,0.777368,0.701348,0.689671,0.883790,0.905452,0.768068,0.496687,0.194431,25.737003,0.011911,0.018013,2.904668,0.004533,0.004554,0.000766,0.002083,5816017.142924,0.000000
-17113434.046489,1584935.235688,95048969.281340,56.224615,-1.405824,0.950268,0.964793,0.415018,0.069348,0.115032,0.935812,0.340233,0.247936,0.209695,0.139963,0.840090,0.391552,0.247236,0.163687,0.419390,0.777044,0.598868,0.886790,0.052403,0.336214,0.211252,0.476728,0.275119,0.118717,0.618996,0.561091,0.863569,0.960287,0.986974,0.422622,0.190555,0.216232,9.377950,1.690382,0.165048,0.203425,0.647583,0.779199,0.573350,0.682434,0.791257,0.930490,0.754835,0.610454,0.101623,23.775385,0.002794,0.005105,2.556414,0.003540,0.003574,0.000205,0.002644,17113434.046489,0.000000
-5046609.285523,1306087.047167,50609008.801615,41.474076,-1.973324,0.682476,0.965075,0.402254,0.001373,0.151307,0.155429,0.467911,0.571158,0.649436,0.307809,0.595510,0.390571,0.784735,0.178134,0.465908,0.579987,0.649922,0.165437,0.548250,0.336195,0.250782,0.406644,0.715800,0.118453,0.022020,0.695034,0.959044,0.968102,0.196584,0.466067,0.164693,0.224192,11.453309,19.730015,0.559979,0.284827,0.820615,0.858267,0.665869,0.684267,0.905808,0.960038,0.861006,0.298707,0.048589,38.525924,0.005390,0.010717,3.383874,0.004822,0.004819,0.000952,0.001897,5046609.285523,0.000000
-4824702.032958,1382392.748779,38699693.265730,34.755963,-0.675632,0.687480,0.973637,0.307574,0.079226,0.242628,0.738789,0.674631,0.472854,0.314145,0.386299,0.451126,0.691735,0.291606,0.181675,0.231894,0.780536,0.517863,0.951213,0.853626,0.034540,0.229838,0.056599,0.553476,0.028269,0.030956,0.864772,0.949358,0.954498,0.257194,0.287353,0.331104,0.103063,13.131995,19.698700,0.398299,0.277026,0.747485,0.741346,0.542579,0.581204,0.809698,0.856650,0.491165,0.326235,0.414861,45.244037,0.003141,0.007939,2.334584,0.004542,0.004564,0.000788,0.002061,4824702.032958,0.000000
-18367665.097011,1842383.730993,77183279.821006,51.797870,-0.543308,0.686050,0.966249,0.852226,0.049669,0.753269,0.937467,0.665603,0.345944,0.350542,0.773447,0.638457,0.387919,0.923173,0.371671,0.265287,0.773815,0.609373,0.983010,0.758053,0.911933,0.468380,0.025122,0.396288,0.076756,0.617940,0.641580,0.852602,0.978284,0.611907,0.308152,0.323463,0.222337,14.192513,2.162076,0.156426,0.165326,0.626372,0.664836,0.533534,0.565930,0.781181,0.819311,0.419176,0.457489,0.444670,28.202130,0.003202,0.008327,10.755943,0.004023,0.004040,0.000064,0.002785,18367665.097011,0.000000
-7536028.896255,1638003.465604,48512401.186409,36.078794,-0.863824,0.916425,0.973277,0.371209,0.686840,0.162241,0.950510,0.985238,0.343954,0.308611,0.827718,0.816878,0.680410,0.736075,0.750576,0.868106,0.783274,0.774909,0.983260,0.439664,0.088511,0.235189,0.904876,0.690755,0.013949,0.144399,0.021970,0.952973,0.757286,0.990521,0.307994,0.262992,0.209615,9.637807,15.632632,0.147512,0.193831,0.749447,0.703357,0.639335,0.615084,0.888155,0.850511,0.578453,0.523126,0.504627,43.921206,0.005063,0.016021,7.843257,0.003791,0.003800,0.000459,0.002390,7536028.896255,0.000000
-12557383.463758,1791878.256326,81909034.070839,37.659809,-1.999503,0.907118,0.975667,0.879530,0.677239,0.760981,0.785956,0.660448,0.531501,0.321263,0.767468,0.760221,0.288314,0.909306,0.248716,0.457532,0.748538,0.571046,0.983007,0.450740,0.422186,0.233550,0.593864,0.389948,0.025786,0.177282,0.233095,0.937513,0.965241,0.596536,0.482571,0.332229,0.215152,11.431759,14.961944,0.400707,0.229720,0.741221,0.791135,0.643863,0.651081,0.895348,0.904425,0.864597,0.455852,0.007679,42.340191,0.000646,0.012429,12.675576,0.004308,0.004287,0.000691,0.002158,12557383.463758,0.000000
-4716728.191622,1451540.080418,44799789.500625,32.513782,-1.205151,0.797402,0.961263,0.341649,0.380244,0.797085,0.154493,0.660641,0.339800,0.321877,0.202210,0.739033,0.674138,0.290120,0.153441,0.899658,0.780124,0.770907,0.433610,0.299277,0.214638,0.480141,0.078258,0.305091,0.004617,0.008066,0.038167,0.957775,0.960742,0.690050,0.349424,0.333590,0.112393,13.372653,20.382716,0.726033,0.279243,0.784304,0.802115,0.645317,0.669503,0.806005,0.837859,0.700353,0.493985,0.352128,47.486218,0.000607,0.013017,4.905354,0.004484,0.004510,0.000765,0.002084,4716728.191622,0.000000
-15155989.784952,1248973.940066,72082855.527131,68.368506,-1.876601,0.777861,0.974438,0.399557,0.061275,0.800369,0.755427,0.452651,0.329340,0.315101,0.302360,0.567719,0.415113,0.782605,0.365619,0.318763,0.575422,0.334619,0.141451,0.340543,0.491191,0.245777,0.982379,0.387632,0.478070,0.007787,0.563184,0.927681,0.943761,0.454616,0.466450,0.157922,0.121376,8.789110,19.805779,0.416330,0.186284,0.761778,0.808831,0.640490,0.646473,0.808063,0.859378,0.846890,0.407147,0.034936,11.631494,0.007745,0.005030,6.792071,0.005024,0.005020,0.000920,0.001929,15155989.784952,0.000000
-12110575.211683,1570789.737307,78291795.965311,38.886370,-1.895518,0.903990,0.978826,0.906362,0.664397,0.357088,0.940420,0.657397,0.517816,0.190942,0.782877,0.840763,0.388301,0.236752,0.155886,0.371220,0.593626,0.580144,0.973095,0.295942,0.298653,0.463301,0.233570,0.316679,0.077577,0.046001,0.668425,0.931553,0.958144,0.233964,0.467600,0.158165,0.238511,12.905396,19.219204,0.688344,0.229638,0.746415,0.791181,0.599139,0.609425,0.837160,0.921224,0.849759,0.316090,0.034235,41.113630,0.000291,0.007987,15.577322,0.004817,0.004823,0.000867,0.001982,12110575.211683,0.000000
-14202428.372799,1310488.488787,72123369.239486,77.758245,-2.180749,0.788479,0.970826,0.402942,0.072036,0.778645,0.575795,0.705176,0.329223,0.354387,0.102044,0.586952,0.393907,0.337621,0.177236,0.291675,0.580140,0.334055,0.952059,0.282736,0.171057,0.236021,0.215615,0.373133,0.487182,0.225646,0.551057,0.991392,0.944061,0.668032,0.484837,0.155238,0.121498,10.858008,13.903138,0.167074,0.163062,0.756283,0.807272,0.654428,0.665906,0.797273,0.835220,0.887043,0.491184,0.024799,2.241755,0.003151,0.007094,6.680079,0.004630,0.004643,0.000688,0.002161,14202428.372799,0.000000
-18201329.154339,1512721.492906,115299219.906174,57.958565,-1.931571,0.717232,0.986870,0.854388,0.059849,0.807013,0.756617,0.439110,0.155630,0.190736,0.317064,0.749214,0.316132,0.769375,0.364606,0.322370,0.927080,0.358653,0.996718,0.304840,0.711204,0.211708,0.062097,0.552288,0.277582,0.164067,0.698492,0.990118,0.734696,0.524054,0.442650,0.156070,0.218872,13.781621,15.854206,0.401279,0.176944,0.635672,0.827968,0.540183,0.686864,0.674689,0.931962,0.855080,0.501103,0.111541,22.041435,0.002053,0.008536,10.169926,0.004669,0.004643,0.000526,0.002323,18201329.154339,0.000000
-15078382.234743,1394258.867967,73366431.520875,54.774107,-1.596041,0.741865,0.974644,0.896032,0.042542,0.149244,0.950651,0.404928,0.442420,0.348272,0.385980,0.589874,0.661060,0.291608,0.259331,0.431448,0.464365,0.683467,0.000039,0.872606,0.345694,0.106573,0.476718,0.087222,0.287079,0.037378,0.693406,0.934171,0.959396,0.237099,0.416875,0.261970,0.209615,11.648935,19.320826,0.967922,0.224446,0.742321,0.818989,0.637376,0.643931,0.905490,0.933904,0.797303,0.316967,0.147160,25.225893,0.002820,0.000134,10.914686,0.004841,0.004830,0.000680,0.002169,15078382.234743,0.000000
-7037741.121137,1370642.729717,53181309.178376,39.585404,-1.496915,0.902917,0.853141,0.494192,0.002363,0.574622,0.722904,0.439018,0.532850,0.323413,0.088313,0.828514,0.416749,0.779793,0.175245,0.226077,0.574855,0.333946,0.951137,0.126767,0.161520,0.231547,0.477456,0.399822,0.086114,0.045682,0.650285,0.853757,0.743245,0.285311,0.442531,0.157838,0.105410,11.659478,18.958247,0.664403,0.229848,0.710991,0.744943,0.496405,0.523479,0.723464,0.780019,0.776180,0.403953,0.053105,40.414596,0.005194,0.004059,8.036299,0.004946,0.004940,0.000934,0.001915,7037741.121137,0.000000
-7022433.277178,1289932.362650,57355290.276871,54.677504,-1.977598,0.738810,0.914889,0.282255,0.064794,0.780463,0.730650,0.667023,0.589893,0.595603,0.373564,0.752873,0.472697,0.342113,0.752652,0.234649,0.790290,0.572187,0.999093,0.333517,0.503909,0.109947,0.148452,0.297811,0.298954,0.009628,0.502776,0.962353,0.959711,0.461998,0.465014,0.189319,0.341545,12.250027,20.409059,0.199548,0.220427,0.803751,0.826059,0.700449,0.733587,0.891752,0.934408,0.861599,0.404995,0.052085,25.322496,0.011790,0.007229,2.585703,0.004556,0.004576,0.000778,0.002071,7022433.277178,0.000000
-11208512.059532,1227494.262355,72130015.691696,55.689571,-1.949620,0.796505,0.855401,0.493970,0.002356,0.578591,0.723619,0.439579,0.073965,0.327214,0.093831,0.681278,0.427912,0.284747,0.175210,0.223908,0.792061,0.333957,0.138026,0.288286,0.160571,0.231070,0.457872,0.397525,0.304985,0.023774,0.500422,0.995976,0.960138,0.450988,0.442637,0.157935,0.103397,11.109555,19.689360,0.885497,0.244440,0.730632,0.821650,0.636463,0.651352,0.773312,0.847854,0.857672,0.400547,0.114090,24.310429,0.005082,0.003858,5.530741,0.004973,0.004982,0.000841,0.002008,11208512.059532,0.000000
-15610979.568858,1617037.902493,95044457.066045,46.801383,-0.581974,0.956607,0.983793,0.655546,0.055933,0.146738,0.965648,0.420255,0.400888,0.307346,0.764367,0.595027,0.393577,0.294587,0.262482,0.432462,0.586677,0.675858,0.005870,0.385052,0.068985,0.210352,0.477011,0.922459,0.031087,0.598669,0.613297,0.866367,0.969440,0.255319,0.307402,0.158735,0.200961,12.213060,2.291902,0.485474,0.176733,0.544480,0.719907,0.476339,0.572021,0.685523,0.868518,0.441206,0.321267,0.455829,33.198617,0.003313,0.000203,10.649408,0.004289,0.004308,0.000756,0.002093,15610979.568858,0.000000
-9928600.548289,1243858.450965,57277651.223145,54.501495,-1.634514,0.915002,0.681588,0.277094,0.017462,0.782506,0.902201,0.679261,0.344906,0.335869,0.819585,0.447427,0.430011,0.885346,0.291132,0.213082,0.470268,0.315665,0.989127,0.438435,0.072658,0.124524,0.005031,0.098054,0.298206,0.007252,0.032060,0.930522,0.749545,0.715729,0.470061,0.325955,0.106502,12.182874,20.552783,0.137390,0.218800,0.776088,0.824441,0.678012,0.710389,0.843502,0.861819,0.804953,0.528272,0.028946,25.498505,0.010734,0.003355,3.091174,0.004632,0.004628,0.000909,0.001940,9928600.548289,0.000000
-6700347.478841,1509092.568297,53679361.231700,37.508790,-1.989277,0.659031,0.990433,0.407017,0.078456,0.333014,0.745943,0.443742,0.571158,0.192664,0.772866,0.587250,0.659195,0.779414,0.175144,0.326510,0.790572,0.446391,0.116826,0.291059,0.011906,0.235038,0.202263,0.277627,0.013680,0.223580,0.680600,0.960016,0.934407,0.376669,0.468303,0.299074,0.248686,13.262025,13.773658,0.568058,0.295649,0.806279,0.837007,0.694609,0.711679,0.947566,0.961846,0.863206,0.379288,0.044487,42.491210,0.002961,0.004965,7.119392,0.004791,0.004802,0.000798,0.002051,6700347.478841,0.000000
-9323988.576395,1483867.380926,63519885.863230,35.621354,-0.201375,0.794235,0.978484,0.806657,0.379483,0.790589,0.724397,0.676826,0.517631,0.194088,0.199362,0.570876,0.299583,0.241910,0.124342,0.241380,0.598595,0.613806,0.962454,0.291500,0.305730,0.108225,0.501713,0.911254,0.036863,0.037064,0.063969,0.850764,0.912334,0.234260,0.269933,0.331567,0.222899,11.576591,19.213931,0.757776,0.219863,0.634271,0.699083,0.547425,0.601787,0.770349,0.836839,0.182394,0.329304,0.389763,44.378646,0.000427,0.004870,9.360241,0.004634,0.004640,0.000539,0.002310,9323988.576395,0.000000
-5789327.286017,1353570.625469,39497524.871847,38.900799,-1.748535,0.963346,0.745192,0.307794,0.071664,0.227864,0.741113,0.676881,0.517786,0.307844,0.789325,0.596710,0.311120,0.789902,0.151708,0.225405,0.507470,0.768064,0.995362,0.765104,0.508967,0.124171,0.090473,0.297287,0.079504,0.041443,0.661105,0.930400,0.960259,0.590130,0.443329,0.260321,0.099691,12.487537,19.367777,0.194385,0.302260,0.792318,0.817548,0.642015,0.667610,0.808911,0.838066,0.825971,0.455014,0.084351,41.099201,0.002414,0.003033,2.469651,0.004095,0.004092,0.000630,0.002219,5789327.286017,0.000000
-9688107.053345,1407551.018225,58839625.956527,42.081116,-1.370801,0.794180,0.986225,0.692765,0.000851,0.706751,0.996829,0.664647,0.346608,0.102574,0.818261,0.568621,0.314197,0.774652,0.753226,0.166207,0.803351,0.595573,0.365334,0.174428,0.507626,0.132794,0.140037,0.167724,0.126842,0.023246,0.641330,0.973123,0.959762,0.292159,0.466752,0.090968,0.225633,13.538168,19.959991,0.779780,0.231373,0.730918,0.808314,0.620136,0.663287,0.609046,0.733027,0.746096,0.338437,0.052983,37.918884,0.002797,0.004293,13.129260,0.004919,0.004923,0.000910,0.001939,9688107.053345,0.000000
-14889596.795572,1380565.264239,68823787.542363,68.556939,-1.684735,0.738806,0.977325,0.293381,0.064785,0.799124,0.944783,0.429285,0.329264,0.355539,0.378750,0.694117,0.415456,0.733818,0.371539,0.226616,0.573179,0.687659,0.800155,0.332498,0.712693,0.256500,0.942116,0.959245,0.408262,0.152815,0.706073,0.996199,0.975595,0.375226,0.400678,0.440997,0.249663,9.641375,15.445450,0.101056,0.233945,0.751570,0.798241,0.666263,0.705212,0.908138,0.937058,0.814506,0.366229,0.108989,11.443061,0.009732,0.004960,3.374038,0.004613,0.004629,0.000819,0.002030,14889596.795572,0.000000
-7311884.977087,1541661.599853,50419840.798558,32.933469,-1.569670,0.541534,0.768468,0.855484,0.070970,0.780576,0.728229,0.964740,0.513551,0.598755,0.832114,0.616179,0.414909,0.765876,0.156201,0.544280,0.787894,0.594727,0.996847,0.346046,0.797637,0.246243,0.148280,0.310597,0.012004,0.000651,0.693745,0.962353,0.959897,0.642343,0.399202,0.282822,0.252328,13.172400,20.601673,0.463309,0.267220,0.790501,0.760330,0.695954,0.671254,0.933195,0.914264,0.791886,0.475590,0.205326,47.066531,0.002550,0.025392,4.945640,0.004355,0.004371,0.000519,0.002330,7311884.977087,0.000000
-10531957.125226,1744703.245470,69032939.240573,36.188926,-1.342652,0.909715,0.981735,0.867958,0.677239,0.142543,0.785800,0.998296,0.352790,0.318659,0.778862,0.760222,0.286005,0.911018,0.115663,0.459581,0.777187,0.602896,0.943294,0.453743,0.087105,0.362674,0.572384,0.383878,0.014047,0.152498,0.024627,0.865030,0.966710,0.600024,0.411982,0.299854,0.216691,11.347590,15.709751,0.460194,0.209000,0.729360,0.740066,0.637574,0.646721,0.892714,0.904651,0.738848,0.456724,0.127522,43.811074,0.000171,0.012674,12.684868,0.004287,0.004269,0.000692,0.002157,10531957.125226,0.000000
-17026528.760263,1748786.515059,74867258.730416,52.326532,-1.703635,0.902917,0.970446,0.706142,0.002981,0.574622,0.722911,0.448371,0.493344,0.323235,0.365440,0.828514,0.416739,0.788154,0.751762,0.226077,0.800561,0.331148,0.948820,0.114541,0.161520,0.241857,0.477456,0.399822,0.081336,0.616473,0.650285,0.963490,0.740091,0.286719,0.419276,0.162396,0.250100,12.677218,1.811067,0.245937,0.156709,0.738124,0.766710,0.570899,0.577860,0.818962,0.906716,0.817979,0.405644,0.154568,27.673468,0.004903,0.004950,11.720023,0.004534,0.004544,0.000530,0.002319,17026528.760263,0.000000
-10932463.599489,1323395.069336,61849075.431499,54.339081,-1.638205,0.738810,0.768468,0.714886,0.065177,0.780463,0.728423,0.665932,0.492537,0.597479,0.356637,0.620873,0.417980,0.910823,0.176135,0.233839,0.586169,0.572133,0.384650,0.339104,0.707087,0.109947,0.148126,0.297810,0.294452,0.009628,0.612816,0.852406,0.960038,0.453094,0.467175,0.164274,0.107638,13.025506,20.436195,0.371421,0.199568,0.742287,0.755635,0.572231,0.581375,0.741201,0.770321,0.805671,0.401403,0.002624,25.660919,0.003262,0.005405,5.549460,0.004547,0.004559,0.000668,0.002181,10932463.599489,0.000000
-9821930.137886,1650496.579808,68867010.254745,37.657401,-1.868900,0.796129,0.972726,0.872259,0.099572,0.766804,0.785805,0.662715,0.237121,0.352522,0.772292,0.760222,0.288314,0.656688,0.248716,0.457532,0.750679,0.571046,0.983007,0.450740,0.298278,0.233455,0.593864,0.389930,0.025786,0.177164,0.192406,0.937379,0.960038,0.453522,0.459843,0.333935,0.215152,11.449569,14.921310,0.589490,0.248340,0.764477,0.809197,0.642007,0.653168,0.912546,0.922711,0.845707,0.401571,0.052312,42.342599,0.001484,0.015346,12.002149,0.004706,0.004713,0.000746,0.002103,9821930.137886,0.000000
-14252913.870487,1708643.831684,71325572.405581,42.879993,-1.842833,0.911900,0.849128,0.879706,0.672609,0.234998,0.724135,0.667960,0.525061,0.319733,0.393824,0.572380,0.414953,0.904006,0.368380,0.246912,0.590304,0.594293,0.420474,0.292730,0.429487,0.238884,0.964427,0.380949,0.078725,0.210394,0.660018,0.914311,0.966072,0.597346,0.467972,0.437834,0.252856,9.388178,13.663401,0.259538,0.249671,0.759630,0.806656,0.667152,0.706230,0.922523,0.948167,0.841632,0.455891,0.026436,37.120007,0.001346,0.003931,7.185591,0.003800,0.003809,0.000455,0.002394,14252913.870487,0.000000
-5516301.730100,1314778.886904,52211649.759327,43.241477,-1.981383,0.799274,0.978940,0.298199,0.008238,0.789383,0.128159,0.663353,0.682748,0.275012,0.781740,0.697226,0.288619,0.319961,0.264353,0.995488,0.583888,0.585779,0.368116,0.547172,0.290762,0.230048,0.474842,0.394365,0.147886,0.003532,0.666255,0.959909,0.734263,0.217308,0.466992,0.164286,0.247917,11.022741,20.252092,0.527344,0.247303,0.803528,0.845754,0.677007,0.690648,0.893307,0.948236,0.862122,0.377831,0.047077,36.758523,0.004700,0.014894,2.452598,0.004604,0.004626,0.000814,0.002035,5516301.730100,0.000000
-17370326.495807,1312574.978290,87018765.954984,73.868204,-1.604267,0.708829,0.855531,0.489777,0.064459,0.234988,0.948285,0.435810,0.141970,0.340281,0.138901,0.596369,0.459408,0.781847,0.177760,0.537474,0.803376,0.648950,0.432030,0.292612,0.031288,0.243796,0.203559,0.398284,0.478526,0.148528,0.663412,0.845543,0.958799,0.245726,0.465194,0.151021,0.226320,11.438344,16.211440,0.205460,0.165016,0.715102,0.830605,0.637545,0.676706,0.791896,0.942746,0.798963,0.320516,0.003634,6.131796,0.003331,0.024184,7.523120,0.004699,0.004709,0.000736,0.002113,17370326.495807,0.000000
-12576975.786303,1594653.250011,77755089.899371,42.873202,-1.845519,0.794152,0.845842,0.874184,0.095062,0.226184,0.724135,0.667867,0.236782,0.350993,0.393824,0.572252,0.415343,0.651388,0.368380,0.246912,0.590332,0.594293,0.420474,0.287825,0.304155,0.238789,0.955778,0.381954,0.078725,0.210174,0.851966,0.914177,0.960001,0.454333,0.468513,0.450318,0.251984,9.332155,13.628325,0.477933,0.283980,0.732533,0.806916,0.646790,0.708412,0.905593,0.948349,0.842057,0.401900,0.025317,37.126798,0.004434,0.004980,7.322043,0.004216,0.004228,0.000458,0.002391,12576975.786303,0.000000
-14038632.093826,1347603.332577,70210516.207914,52.620548,-1.921578,0.743762,0.681673,0.724222,0.070957,0.767055,0.748344,0.667867,0.339802,0.336211,0.788166,0.449095,0.312750,0.781013,0.144623,0.322295,0.785546,0.594864,0.402098,0.340921,0.495855,0.111230,0.865914,0.313786,0.261906,0.026600,0.607827,0.940277,0.960184,0.639156,0.467332,0.157462,0.251119,9.110575,19.289773,0.309686,0.222795,0.768939,0.830192,0.666960,0.736474,0.817368,0.921883,0.853624,0.474243,0.038344,27.379452,0.002235,0.010600,3.973918,0.003888,0.003908,0.000568,0.002281,14038632.093826,0.000000
-4025071.144175,1359109.201666,33140596.795588,34.434825,-1.015443,0.794105,0.972841,0.285567,0.007356,0.137562,0.749883,0.983119,0.329340,0.354387,0.822373,0.567719,0.312637,0.732921,0.371892,0.362454,0.577629,0.770512,0.950766,0.291417,0.167268,0.236607,0.904802,0.416294,0.021982,0.031111,0.447902,0.953596,0.750861,0.668032,0.421847,0.150533,0.121804,8.908634,18.994783,0.324379,0.238717,0.793527,0.775603,0.663655,0.649278,0.848173,0.824114,0.663432,0.520377,0.143866,45.565175,0.008148,0.008739,1.015443,0.004424,0.004421,0.000775,0.002074,4025071.144175,0.000000
-4459858.612912,1390733.060368,34356736.137961,34.099598,-1.955345,0.914398,0.681588,0.303311,0.015923,0.826967,0.965237,0.673553,0.396964,0.274744,0.813319,0.447427,0.431527,0.885346,0.291132,0.213082,0.591134,0.247948,0.989127,0.438435,0.072658,0.122942,0.776294,0.949309,0.024270,0.007252,0.624319,0.946003,0.740847,0.455288,0.470061,0.279787,0.201960,9.860440,19.820094,0.382233,0.294510,0.849814,0.825474,0.703643,0.726056,0.948401,0.956940,0.858484,0.477623,0.035259,45.900402,0.010309,0.004026,4.874925,0.004622,0.004619,0.000876,0.001973,4459858.612912,0.000000
-5861770.074699,1213987.785637,51871917.104503,61.329329,-0.544702,0.725865,0.764557,0.276915,0.001129,0.805604,0.957019,0.666087,0.688730,0.335550,0.398264,0.696926,0.371184,0.310155,0.742732,0.894215,0.590391,0.585780,0.374217,0.341673,0.255096,0.231414,0.008432,0.391031,0.389084,0.007569,0.440557,0.938041,0.749840,0.714897,0.276730,0.325393,0.247865,11.315443,20.591856,0.150728,0.171230,0.718874,0.714569,0.630117,0.626926,0.854893,0.849943,0.419986,0.525631,0.320836,18.670671,0.007923,0.022427,1.502696,0.004529,0.004555,0.000782,0.002067,5861770.074699,0.000000
-16295518.825695,1729490.342939,73131154.982042,52.146532,-1.827213,0.709911,0.972372,0.800399,0.071325,0.574799,0.723105,0.656574,0.493344,0.323340,0.809453,0.820493,0.416805,0.920027,0.363916,0.226011,0.574426,0.594323,0.411939,0.343689,0.161520,0.231393,0.457872,0.980919,0.079621,0.616473,0.643967,0.996147,0.944710,0.231178,0.422752,0.158347,0.105410,12.874112,1.842057,0.243561,0.163439,0.536342,0.555324,0.254152,0.268574,0.414835,0.478368,0.839139,0.318783,0.160769,27.853468,0.004187,0.004779,10.760479,0.004249,0.004215,0.000161,0.002688,16295518.825695,0.000000
-14452677.298986,1458549.419795,76643353.373313,44.553463,-0.798457,0.745357,0.758704,0.882117,0.714805,0.772025,0.784164,0.466589,0.525881,0.281432,0.309316,0.760168,0.394563,0.334960,0.248716,0.467235,0.771433,0.309774,0.168002,0.547508,0.453800,0.455758,0.408060,0.389926,0.116844,0.152330,0.195561,0.938098,0.986426,0.198869,0.305779,0.169372,0.183931,11.372071,15.869938,0.310022,0.163939,0.653007,0.764365,0.539906,0.552729,0.674749,0.884680,0.549977,0.294629,0.505078,35.446537,0.000596,0.001235,7.335413,0.003945,0.003974,0.000371,0.002478,14452677.298986,0.000000
-9825178.741841,1470684.952904,62369009.501062,38.022020,-1.041723,0.903990,0.854373,0.908857,0.069399,0.357088,0.940206,0.657397,0.523780,0.235863,0.795215,0.830156,0.389102,0.223986,0.265622,0.196094,0.774994,0.579092,0.973095,0.144927,0.298605,0.463301,0.847393,0.326882,0.077076,0.004249,0.616090,0.967382,0.943952,0.709491,0.324309,0.158165,0.238715,9.280366,19.953066,0.816303,0.214044,0.717375,0.750919,0.633164,0.661385,0.838774,0.894234,0.647154,0.507567,0.447652,41.977980,0.001040,0.004070,14.083079,0.004803,0.004810,0.000935,0.001914,9825178.741841,0.000000
-4377901.706881,1424880.136187,44023608.183072,33.320308,-2.001382,0.548164,0.974503,0.401949,0.052457,0.771931,0.171449,0.680191,0.298514,0.314775,0.329331,0.625652,0.474663,0.904487,0.160510,0.463660,0.580516,0.584257,0.157050,0.435020,0.751113,0.246816,0.088394,0.399431,0.011640,0.022067,0.690888,0.967543,0.956784,0.271786,0.466318,0.333562,0.116507,13.665009,19.943737,0.796104,0.336001,0.752675,0.799221,0.552085,0.590221,0.825280,0.872103,0.864852,0.331308,0.051571,46.679692,0.003030,0.007889,4.292999,0.004792,0.004773,0.000639,0.002210,4377901.706881,0.000000
-5884294.251158,1274821.478079,40483464.655746,41.654008,-0.529197,0.794105,0.773421,0.282001,0.006758,0.773293,0.749304,0.983119,0.329204,0.354387,0.839138,0.433795,0.311965,0.732921,0.371892,0.243859,0.575201,0.770512,0.950965,0.291782,0.408125,0.235292,0.904802,0.387978,0.123076,0.010697,0.070183,0.953596,0.963335,0.668032,0.440724,0.157922,0.179161,9.192194,19.650830,0.331760,0.223562,0.739558,0.699803,0.639530,0.606777,0.786530,0.714637,0.410922,0.484463,0.100100,38.345992,0.005357,0.005031,3.802214,0.004597,0.004589,0.000858,0.001991,5884294.251158,0.000000
-7987006.912806,1560226.366455,53798813.812960,34.209104,-1.939895,0.743607,0.678963,0.943785,0.015923,0.768934,0.728939,0.667849,0.399966,0.335295,0.776167,0.751981,0.398052,0.885346,0.360149,0.212901,0.589543,0.314842,0.980546,0.428619,0.416165,0.124524,0.968822,0.958160,0.024532,0.009931,0.651693,0.946296,0.749545,0.712941,0.467216,0.335275,0.201907,8.795596,19.642923,0.329353,0.271226,0.806715,0.830319,0.712567,0.728619,0.936087,0.943009,0.856281,0.522505,0.041044,45.790896,0.004356,0.005135,4.509868,0.004220,0.004231,0.000675,0.002174,7987006.912806,0.000000
-7500676.647721,1417291.363745,48955931.664792,41.099603,-2.087578,0.760479,0.973088,0.293383,0.064748,0.810284,0.944365,0.679195,0.335540,0.251630,0.319541,0.595509,0.314712,0.934403,0.151385,0.536420,0.801122,0.452035,0.799561,0.299532,0.713620,0.255072,0.939900,0.387892,0.073112,0.152815,0.693150,0.995528,0.976084,0.275137,0.466184,0.131966,0.224220,9.402225,15.326216,0.361285,0.265635,0.815621,0.808664,0.654601,0.671666,0.848991,0.876494,0.876013,0.327118,0.063343,38.900397,0.002518,0.022382,3.916583,0.004630,0.004645,0.000840,0.002009,7500676.647721,0.000000
-12837393.048620,1862069.442175,68709924.959900,38.437414,-1.548194,0.905481,0.978258,0.944860,0.677239,0.810584,0.785968,0.934312,0.532148,0.284884,0.775088,0.760230,0.415348,0.916909,0.749808,0.379023,0.777552,0.650507,0.983006,0.453653,0.028394,0.233920,0.942639,0.397333,0.025659,0.212686,0.650694,0.930496,0.960656,0.290063,0.411244,0.270140,0.217047,9.959638,13.606891,0.318133,0.204301,0.701951,0.713628,0.515376,0.524473,0.843703,0.853596,0.787368,0.337357,0.159399,41.562586,0.003639,0.009372,12.525019,0.004420,0.004419,0.000690,0.002159,12837393.048620,0.000000
-6526413.666608,1399710.001628,50486362.592572,38.148063,-1.828758,0.905843,0.972407,0.493156,0.001354,0.574799,0.778665,0.439191,0.493872,0.323235,0.809453,0.836000,0.424733,0.336526,0.175245,0.226011,0.574855,0.595899,0.980510,0.295381,0.161520,0.231393,0.457872,0.972208,0.079621,0.004878,0.643967,0.996647,0.944710,0.978854,0.422752,0.158895,0.105410,11.546521,20.213693,0.905030,0.267828,0.810063,0.830434,0.698229,0.712745,0.780010,0.799644,0.839387,0.579941,0.160993,41.851937,0.005239,0.003839,9.127158,0.005040,0.005043,0.001067,0.001782,6526413.666608,0.000000
-12070400.012175,1511499.803542,78812479.615156,39.102104,-1.887320,0.656310,0.858789,0.863107,0.706444,0.214165,0.949148,0.657555,0.523780,0.220852,0.782877,0.833784,0.389102,0.251854,0.264811,0.424122,0.783871,0.579092,0.435363,0.141721,0.296428,0.462575,0.233570,0.281404,0.077577,0.055465,0.694760,0.931687,0.957894,0.712695,0.466106,0.160705,0.238511,12.803634,18.919998,0.646474,0.242531,0.741122,0.808086,0.659461,0.714983,0.836879,0.933701,0.848523,0.503862,0.037268,40.897896,0.000680,0.001847,11.088737,0.004632,0.004646,0.000566,0.002283,12070400.012175,0.000000
-10608710.851557,1548281.743879,68876651.237037,39.557208,-1.865840,0.697177,0.854471,0.728950,0.085829,0.365662,0.757692,0.663969,0.299838,0.315699,0.394152,0.828415,0.464639,0.329782,0.143469,0.388594,0.773246,0.572100,0.075204,0.293770,0.301648,0.250825,0.485742,0.389469,0.023079,0.282556,0.853588,0.938947,0.953151,0.462916,0.458476,0.259189,0.222992,12.122047,11.787091,0.762431,0.278784,0.759013,0.804590,0.672235,0.705148,0.920828,0.946199,0.845234,0.407430,0.055781,40.442792,0.002004,0.001116,9.664396,0.004610,0.004591,0.000473,0.002376,10608710.851557,0.000000
-12680683.751769,1828799.705059,70816573.991738,37.967852,-1.551262,0.658325,0.978258,0.944860,0.677239,0.223566,0.785968,0.933748,0.532034,0.284884,0.775088,0.571550,0.396786,0.910816,0.749808,0.379023,0.777552,0.579954,0.983006,0.453653,0.162632,0.232671,0.944794,0.397215,0.020105,0.212686,0.650994,0.930496,0.935102,0.471316,0.411718,0.330686,0.217047,9.850201,13.593582,0.322452,0.219661,0.739227,0.743588,0.604979,0.613405,0.884737,0.892518,0.788020,0.416518,0.158214,42.032148,0.003055,0.015387,10.418658,0.004228,0.004222,0.000241,0.002608,12680683.751769,0.000000
-8858523.174044,1512479.432977,62171748.214698,33.745785,-1.607175,0.757590,0.978484,0.807235,0.635243,0.227687,0.724397,0.698459,0.517781,0.194088,0.805106,0.570876,0.311363,0.270600,0.151991,0.241380,0.591970,0.616244,0.581640,0.289854,0.791438,0.124190,0.572434,0.974789,0.011062,0.041437,0.063969,0.847748,0.962376,0.234260,0.464449,0.259619,0.255093,11.176418,19.013077,0.724671,0.233517,0.752590,0.803518,0.638855,0.656091,0.877042,0.919845,0.799547,0.315019,0.005991,46.254215,0.000298,0.005361,10.524248,0.004560,0.004554,0.000729,0.002120,8858523.174044,0.000000
-13911082.474669,1227988.422724,83695088.488952,68.740431,-1.422038,0.796505,0.855304,0.302523,0.063475,0.578591,0.723276,0.439450,0.065930,0.207897,0.089727,0.689875,0.416749,0.782166,0.165342,0.222824,0.578981,0.333957,0.971110,0.282936,0.160706,0.229840,0.197748,0.399633,0.478070,0.023914,0.778262,0.995223,0.943761,0.675168,0.442637,0.157935,0.103397,10.859708,19.942194,0.115859,0.224640,0.732203,0.843333,0.658784,0.705315,0.799248,0.850990,0.857340,0.494103,0.113766,11.259569,0.002956,0.004924,1.422038,0.004694,0.004701,0.000883,0.001966,13911082.474669,0.000000
-5650399.664525,1317367.919434,42793823.443673,34.827722,-0.678530,0.690618,0.771735,0.496627,0.002663,0.143056,0.756713,0.671280,0.474521,0.321966,0.386299,0.454429,0.410042,0.291606,0.181694,0.232206,0.776410,0.570325,0.116406,0.858977,0.034405,0.231068,0.462151,0.393438,0.028269,0.030815,0.860058,0.950278,0.954498,0.257194,0.287353,0.150578,0.250979,11.265528,19.367801,0.689196,0.250356,0.756962,0.746147,0.665507,0.656881,0.890779,0.881169,0.492638,0.326235,0.298691,45.172278,0.005519,0.003228,5.129077,0.004526,0.004540,0.000780,0.002069,5650399.664525,0.000000
-7958227.520193,1414013.566453,57784435.925616,35.588199,-1.605032,0.796448,0.778367,0.806180,0.064940,0.252422,0.783935,0.667734,0.344912,0.653689,0.130326,0.742961,0.313461,0.313143,0.143080,0.397360,0.572873,0.337793,0.421101,0.314757,0.395154,0.224072,0.636924,0.727669,0.027541,0.068971,0.076003,0.943175,0.959967,0.231671,0.413839,0.261773,0.177187,10.682127,18.116010,0.755355,0.241384,0.766622,0.810239,0.587562,0.613659,0.889278,0.921135,0.799117,0.314680,0.158742,44.411801,0.001953,0.009399,7.476256,0.004559,0.004574,0.000637,0.002212,7958227.520193,0.000000
-7323936.640576,1328503.704924,52077116.631938,41.415745,-1.756685,0.794457,0.967008,0.398853,0.058810,0.649785,0.938838,0.501063,0.583446,0.198035,0.356320,0.442598,0.414657,0.865192,0.159527,0.466990,0.782953,0.448710,0.424158,0.321733,0.332588,0.249501,0.407382,0.374732,0.121233,0.011145,0.560318,0.959022,0.736507,0.196271,0.466067,0.164418,0.102303,11.667975,20.074873,0.624883,0.235359,0.697817,0.733060,0.457889,0.486184,0.711341,0.768101,0.827384,0.368049,0.048581,38.584255,0.002869,0.016821,8.161457,0.004924,0.004920,0.000988,0.001861,7323936.640576,0.000000
-19017328.147267,1434389.043349,99104062.625880,63.998355,-0.803283,0.741205,0.993086,0.730326,0.126763,0.176366,0.745500,0.325597,0.155358,0.313276,0.217790,0.740353,0.478485,0.280516,0.995720,0.395845,0.462350,0.300541,0.071122,0.865655,0.470286,0.230074,0.828382,0.931241,0.300246,0.284541,0.682099,0.934418,0.960660,0.292168,0.307752,0.261729,0.107542,10.310338,11.567671,0.265460,0.180682,0.571951,0.723293,0.503088,0.510536,0.692004,0.765027,0.552144,0.338180,0.494663,16.001645,0.001914,0.000220,9.337207,0.004641,0.004619,0.000498,0.002351,19017328.147267,0.000000
-5440299.890033,1297863.960342,38697998.775817,38.057760,-1.858742,0.793505,0.678166,0.307582,0.000267,0.807680,0.751778,0.668177,0.332509,0.354347,0.106141,0.495560,0.393590,0.772834,0.325006,0.225675,0.575201,0.574546,0.702438,0.288286,0.167268,0.111671,0.982025,0.297132,0.076580,0.006255,0.029929,0.968161,0.943761,0.451720,0.441903,0.331151,0.121376,8.767730,19.687127,0.414148,0.289904,0.808928,0.830159,0.645926,0.676749,0.873436,0.902117,0.844131,0.406004,0.103755,41.942240,0.004072,0.004665,4.023235,0.004682,0.004677,0.000869,0.001980,5440299.890033,0.000000
-10734476.875967,1300195.820100,66287550.838124,55.409283,-1.998511,0.743047,0.989863,0.265801,0.072194,0.766326,0.693027,0.431007,0.339802,0.347021,0.787780,0.449245,0.457904,0.781013,0.365495,0.346623,0.788753,0.594864,0.947863,0.340921,0.460688,0.106661,0.866267,0.313786,0.305873,0.009609,0.612390,0.991693,0.960184,0.669523,0.468044,0.159910,0.251119,9.915561,19.794325,0.226091,0.237208,0.780520,0.847148,0.679397,0.753340,0.836226,0.935887,0.875873,0.486139,0.057973,24.590717,0.006959,0.011950,1.998511,0.004666,0.004680,0.000847,0.002002,10734476.875967,0.000000
-9331896.921558,1664951.794195,65683371.389232,34.629037,-1.637465,0.909969,0.981693,0.879288,0.677239,0.766727,0.771448,0.658562,0.352811,0.323540,0.775708,0.760222,0.674184,0.315724,0.110964,0.902287,0.777559,0.767842,0.983012,0.453688,0.505090,0.234188,0.582792,0.304544,0.026717,0.025817,0.189027,0.956051,0.958212,0.592732,0.412583,0.299854,0.216691,11.078615,19.527991,0.741017,0.239095,0.756404,0.804443,0.667349,0.678289,0.913757,0.922815,0.805528,0.456720,0.167770,45.370963,0.000160,0.015218,12.493879,0.004746,0.004750,0.000958,0.001891,9331896.921558,0.000000
-16831568.317399,1764030.073626,75191727.119330,46.744873,-1.424562,0.686733,0.981400,0.805942,0.146877,0.250579,0.722104,0.664834,0.344964,0.594301,0.884794,0.568714,0.414868,0.899734,0.365674,0.393909,0.594534,0.609492,0.383748,0.340949,0.496231,0.470029,0.144766,0.406625,0.028079,0.613787,0.641853,0.861386,0.960469,0.611963,0.426735,0.147601,0.221876,14.383987,2.137323,0.291531,0.176263,0.723927,0.766698,0.631419,0.659850,0.786995,0.887818,0.759386,0.463495,0.091199,33.255127,0.003791,0.012063,10.728640,0.004095,0.004109,0.000222,0.002627,16831568.317399,0.000000
-11730796.156641,1516875.050386,67765454.784192,41.206917,-0.543308,0.706923,0.766196,0.852785,0.059002,0.777842,0.937095,0.664354,0.344021,0.307400,0.773747,0.815211,0.449270,0.323734,0.371671,0.266907,0.783280,0.621236,0.995633,0.758865,0.915808,0.098833,0.025122,0.954623,0.078773,0.145399,0.612116,0.852602,0.978247,0.230338,0.308152,0.260490,0.252189,14.356094,16.353793,0.376080,0.213647,0.655663,0.722050,0.569859,0.625409,0.811125,0.871046,0.419176,0.309080,0.274758,38.793083,0.002249,0.008645,10.635205,0.004435,0.004453,0.000620,0.002229,11730796.156641,0.000000
-19807806.969932,1677950.695952,94235484.904102,51.998444,-2.002289,0.799274,0.972530,0.812310,0.008221,0.770015,0.128907,0.399428,0.328584,0.275568,0.781740,0.595534,0.389930,0.319962,0.363330,0.534567,0.583888,0.649269,0.118288,0.638546,0.297378,0.230048,0.488789,0.967094,0.073384,0.637953,0.666255,0.968123,0.734263,0.275451,0.466162,0.164286,0.248092,12.360610,1.122062,0.401453,0.184346,0.682359,0.800937,0.563184,0.611927,0.754727,0.929401,0.864974,0.402819,0.052128,28.001556,0.002047,0.001668,3.821338,0.003989,0.004010,0.000434,0.002415,19807806.969932,0.000000
-4762033.654116,1337835.815316,34945324.969965,38.119919,-1.017571,0.794105,0.972841,0.285567,0.006758,0.137562,0.749883,0.983119,0.339618,0.351046,0.822151,0.567719,0.311965,0.732921,0.372515,0.362126,0.781294,0.770512,0.950965,0.339723,0.167268,0.235184,0.904802,0.373133,0.076592,0.009636,0.612076,0.953596,0.746135,0.672868,0.442615,0.164207,0.121804,8.971862,19.670714,0.293192,0.254192,0.811267,0.804321,0.672864,0.693784,0.856050,0.868963,0.837557,0.518521,0.095899,41.880081,0.008150,0.011046,1.017571,0.004458,0.004454,0.000791,0.002058,4762033.654116,0.000000
-4261290.481481,1344890.141262,36141741.486839,33.976956,-2.007551,0.743185,0.681673,0.284000,0.070957,0.767034,0.692242,0.667867,0.329539,0.354334,0.795497,0.400585,0.460177,0.781516,0.361359,0.245558,0.568866,0.594864,0.699337,0.292615,0.496231,0.111624,0.865914,0.965410,0.021499,0.010695,0.563497,0.967643,0.964910,0.448375,0.467332,0.158001,0.252329,9.354586,19.627814,0.367302,0.295208,0.833243,0.834079,0.720488,0.741390,0.900144,0.916595,0.865683,0.398031,0.049562,46.023044,0.009749,0.005873,3.013849,0.004526,0.004534,0.000866,0.001983,4261290.481481,0.000000
-6765455.388463,1456721.286317,53944445.035002,33.306549,-1.384672,0.926824,0.999514,0.796975,0.074303,0.262756,0.148641,0.883351,0.538593,0.593519,0.326282,0.625722,0.318279,0.333590,0.176751,0.389434,0.593188,0.594286,0.405303,0.340948,0.475998,0.103107,0.196693,0.965083,0.011639,0.020409,0.609390,0.907334,0.741673,0.229437,0.397572,0.151485,0.251360,13.432955,19.955642,1.156196,0.219580,0.762890,0.784661,0.633186,0.657670,0.824947,0.888170,0.749594,0.380558,0.183640,46.693451,0.002370,0.008317,5.072281,0.004931,0.004936,0.000944,0.001905,6765455.388463,0.000000
-8158041.456205,1656107.838081,51469841.466250,36.931447,-1.885136,0.916425,0.848229,0.371209,0.665119,0.149845,0.950882,0.986207,0.523938,0.350410,0.827417,0.600216,0.680410,0.736075,0.750576,0.868106,0.783814,0.774909,0.983006,0.438852,0.087630,0.235189,0.903464,0.690755,0.017586,0.172088,0.691249,0.931459,0.957644,0.990521,0.465853,0.329193,0.210472,9.704294,14.801233,0.095130,0.267532,0.807070,0.781251,0.709458,0.688402,0.941667,0.934405,0.848192,0.610374,0.037680,43.068553,0.005311,0.016621,6.711665,0.003798,0.003805,0.000443,0.002406,8158041.456205,0.000000
-10586167.873473,1482396.011172,69531598.274143,38.964727,-0.122825,0.794235,0.978484,0.806657,0.379483,0.233738,0.724397,0.660351,0.517781,0.197361,0.775318,0.570876,0.311363,0.270600,0.151991,0.241380,0.591970,0.616244,0.998848,0.295613,0.303731,0.124190,0.503700,0.909731,0.079383,0.040946,0.076390,0.850764,0.962376,0.244812,0.261597,0.332549,0.257513,11.558738,19.120481,0.700283,0.216442,0.597405,0.700965,0.514710,0.601388,0.721509,0.834778,0.115582,0.319150,0.262823,41.035273,0.000598,0.005022,10.526085,0.004699,0.004704,0.000797,0.002052,10586167.873473,0.000000
-4133893.230292,1498123.943481,41444623.651498,32.441981,-2.017193,0.954793,0.975762,0.341649,0.145380,0.791033,0.154493,0.660601,0.341447,0.320261,0.788991,0.739033,0.674138,0.290120,0.244109,0.899658,0.781878,0.767591,0.413531,0.300987,0.205465,0.465737,0.002816,0.305091,0.004617,0.005060,0.683194,0.957775,0.958182,0.680346,0.474406,0.260356,0.104387,13.984720,20.539879,0.838496,0.313715,0.767417,0.796370,0.626280,0.649527,0.771517,0.803200,0.866972,0.491078,0.031484,47.558019,0.003619,0.026486,4.646846,0.004776,0.004795,0.000924,0.001925,4133893.230292,0.000000
-13562628.464951,1223286.851739,68578911.758535,64.866872,-0.631312,0.793382,0.986831,0.284909,0.000294,0.806038,0.724560,0.439579,0.336502,0.355747,0.134805,0.431912,0.418307,0.782915,0.142105,0.319760,0.772428,0.334073,0.399370,0.292614,0.140782,0.235886,0.647578,0.378665,0.424843,0.024107,0.565516,0.944465,0.943976,0.457419,0.284093,0.158934,0.228934,9.681199,19.567493,0.349227,0.156009,0.667945,0.768896,0.592790,0.677233,0.807914,0.898655,0.468107,0.408183,0.551954,15.133128,0.003686,0.009969,2.016199,0.004836,0.004847,0.000953,0.001896,13562628.464951,0.000000
-6697101.594891,1274519.286422,44899587.031417,43.118761,-0.727793,0.795952,0.768961,0.282012,0.059718,0.769310,0.783684,0.924926,0.337696,0.198791,0.102756,0.565203,0.313461,0.312394,0.175773,0.246204,0.772237,0.454876,0.421023,0.314720,0.395154,0.222491,0.982218,0.953799,0.122612,0.070420,0.158064,0.990102,0.959967,0.269961,0.413839,0.260761,0.177773,8.426899,17.773466,0.432384,0.264006,0.817716,0.792814,0.657429,0.681561,0.929207,0.923361,0.826526,0.329681,0.180186,36.881239,0.003373,0.006842,0.727793,0.004333,0.004349,0.000670,0.002179,6697101.594891,0.000000
-8981472.065397,1577050.763746,61498859.083208,35.679723,-2.023877,0.791041,0.774406,0.683170,0.677239,0.767372,0.785800,0.667638,0.337854,0.307432,0.773762,0.573176,0.418834,0.278287,0.371967,0.459581,0.771388,0.593522,0.990309,0.453688,0.517954,0.232082,0.477956,0.383878,0.025721,0.081808,0.310728,0.973712,0.742021,0.596034,0.466879,0.435271,0.216034,11.348876,17.877283,0.362380,0.271931,0.789338,0.825788,0.698880,0.716350,0.938433,0.947935,0.867858,0.509718,0.019960,44.320277,0.001357,0.015841,7.586769,0.004058,0.004077,0.000672,0.002177,8981472.065397,0.000000
-8953690.925273,1288006.274131,57309909.454351,64.021246,-1.990360,0.738707,0.977325,0.288214,0.064785,0.871442,0.944783,0.666923,0.569263,0.103616,0.375646,0.694117,0.415456,0.733034,0.752615,0.465181,0.801331,0.687659,0.806152,0.332498,0.712033,0.132831,0.939900,0.719345,0.410184,0.028602,0.642888,0.961711,0.975595,0.199694,0.467569,0.166046,0.225083,10.353080,19.204664,0.125031,0.200321,0.814615,0.816417,0.651347,0.656949,0.901512,0.931354,0.863354,0.297880,0.046653,15.978754,0.009351,0.018230,4.855133,0.004766,0.004778,0.000902,0.001947,8953690.925273,0.000000
-11605245.652516,1628128.952787,76123864.755416,37.846350,-1.874999,0.739592,0.961187,0.793602,0.369416,0.811269,0.783898,0.660429,0.520739,0.341285,0.380302,0.628387,0.313476,0.298411,0.360756,0.467235,0.771433,0.309774,0.983051,0.453365,0.392387,0.137084,0.585605,0.389275,0.018136,0.218141,0.189372,0.937446,0.959577,0.597432,0.460850,0.332488,0.215155,11.552373,13.686600,0.480142,0.246977,0.743167,0.803268,0.658235,0.696714,0.911179,0.935944,0.846645,0.458103,0.050277,42.153650,0.001390,0.007361,10.732412,0.004451,0.004461,0.000481,0.002368,11605245.652516,0.000000
-14632455.097537,1441037.687023,108740443.521399,52.925693,-0.701002,0.794940,0.970092,0.881910,0.677726,0.167505,0.691363,0.655490,0.133183,0.196356,0.205399,0.760693,0.303518,0.770061,0.249535,0.245277,0.574796,0.601734,0.414410,0.822709,0.910255,0.443334,0.923025,0.931874,0.272236,0.010817,0.027367,0.852709,0.960186,0.252567,0.397229,0.171045,0.220778,9.117531,19.780842,0.397780,0.140019,0.474619,0.770585,0.413082,0.618804,0.365730,0.840531,0.503912,0.322805,0.158659,27.074307,0.000649,0.004783,10.427270,0.004600,0.004589,0.000536,0.002313,14632455.097537,0.000000
-6159214.709827,1416756.372694,41793721.553413,40.122675,-1.973374,0.802866,0.986273,0.297493,0.000965,0.796131,0.938758,0.666166,0.286700,0.274499,0.326365,0.694945,0.677158,0.923799,0.161567,0.892584,0.772775,0.580437,0.998775,0.292646,0.024754,0.229927,0.059079,0.376061,0.105352,0.010235,0.565535,0.959504,0.742735,0.267398,0.465826,0.334499,0.104779,13.515006,20.384452,0.592828,0.277120,0.709093,0.737366,0.494778,0.517766,0.753000,0.785018,0.861013,0.396458,0.049265,39.877325,0.004565,0.025375,4.143158,0.004921,0.004932,0.001005,0.001844,6159214.709827,0.000000
-13961735.565600,1216289.374219,68725486.352379,64.866872,-0.618941,0.537180,0.975057,0.284909,0.079112,0.806038,0.724560,0.439579,0.336502,0.355747,0.137768,0.431912,0.418307,0.782915,0.820480,0.319760,0.772428,0.334073,0.399370,0.293744,0.140782,0.235886,0.647578,0.556630,0.424843,0.024107,0.695636,0.944465,0.943976,0.457419,0.282707,0.158934,0.228934,10.048994,19.568505,0.068126,0.159443,0.666440,0.771144,0.591396,0.678977,0.805708,0.900025,0.461486,0.408183,0.551954,15.133128,0.006812,0.017545,2.017797,0.004614,0.004593,0.000476,0.002373,13961735.565600,0.000000
-8801735.479271,1386557.979561,53337343.182935,45.429274,-1.526582,0.738806,0.977495,0.292418,0.064785,0.799124,0.944783,0.666923,0.346495,0.105754,0.306260,0.694117,0.444784,0.731448,0.752615,0.168939,0.801331,0.687870,0.795392,0.548648,0.712033,0.132831,0.940986,0.208164,0.125960,0.152815,0.642888,0.995583,0.975595,0.198147,0.468511,0.094731,0.225083,10.485325,15.347737,0.211310,0.238573,0.751891,0.805956,0.632656,0.647490,0.673235,0.743481,0.782723,0.297278,0.058617,34.570726,0.011030,0.004664,3.788856,0.004559,0.004576,0.000797,0.002052,8801735.479271,0.000000
-6289152.456708,1198995.724430,67255582.416823,63.051314,-1.554795,0.682476,0.964866,0.403217,0.001373,0.151307,0.155429,0.467911,0.571158,0.656571,0.380299,0.598493,0.383473,0.786321,0.175374,0.465908,0.580227,0.591389,0.165437,0.332100,0.336195,0.252353,0.405548,0.715800,0.403052,0.022020,0.560662,0.959659,0.736507,0.289670,0.398234,0.164691,0.238105,10.807199,19.844657,0.394151,0.166676,0.735417,0.848566,0.629386,0.710590,0.823743,0.952487,0.788767,0.408150,0.206640,16.948686,0.005245,0.011114,3.423384,0.004812,0.004809,0.000969,0.001880,6289152.456708,0.000000
-14145862.064470,1577893.391414,65710257.370523,53.195350,-1.825988,0.902917,0.766294,0.489876,0.001400,0.575147,0.771772,0.666633,0.496164,0.307372,0.809453,0.739368,0.417440,0.278847,0.166446,0.393288,0.574568,0.300758,0.956765,0.086562,0.920427,0.229883,0.457872,0.411990,0.088789,0.621112,0.681989,0.996147,0.975515,0.286281,0.422558,0.269661,0.105410,10.635912,1.650065,0.220233,0.225856,0.665837,0.691285,0.426990,0.446796,0.663026,0.711465,0.838942,0.331618,0.161243,26.804650,0.004619,0.009114,8.225812,0.004137,0.004139,0.000657,0.002192,14145862.064470,0.000000
-18931208.920569,1423784.788906,98395860.154970,63.350520,-0.551375,0.794312,0.966864,0.730326,0.126763,0.176366,0.778575,0.326107,0.154164,0.313178,0.217790,0.605758,0.477794,0.349186,0.994971,0.230138,0.462637,0.324933,0.104129,0.866939,0.470286,0.252208,0.828382,0.919070,0.292869,0.284541,0.644076,0.856086,0.960660,0.292605,0.307752,0.262080,0.107542,10.318414,11.562676,0.245764,0.173171,0.549019,0.728051,0.484312,0.514850,0.692279,0.770292,0.423843,0.338351,0.448332,16.649480,0.003230,0.000759,10.028070,0.004552,0.004561,0.000454,0.002395,18931208.920569,0.000000
-7941152.309785,1434354.324889,66648552.374084,38.364067,-1.956659,0.682476,0.976466,0.809355,0.008824,0.871107,0.155429,0.659771,0.571158,0.658708,0.748032,0.598583,0.392965,0.786091,0.175374,0.465908,0.580126,0.591425,0.165437,0.291679,0.335773,0.252353,0.406644,0.715800,0.079385,0.015550,0.608710,0.960580,0.736507,0.199830,0.466067,0.164691,0.256901,12.034806,19.973601,0.889043,0.225542,0.746884,0.832269,0.624585,0.651048,0.819441,0.935944,0.858670,0.369578,0.049221,41.635933,0.003880,0.003164,3.264908,0.004808,0.004812,0.000760,0.002089,7941152.309785,0.000000
-11772208.892566,1324128.644789,63488234.489351,53.956140,-1.199662,0.738810,0.768468,0.714886,0.065177,0.780463,0.728423,0.658001,0.515706,0.319563,0.356637,0.627796,0.418112,0.919497,0.176184,0.198502,0.586169,0.597213,0.550009,0.339104,0.707087,0.110050,0.148126,0.954919,0.292885,0.001468,0.610432,0.854508,0.960038,0.453094,0.395454,0.164274,0.107638,12.922344,20.677983,0.353044,0.184762,0.741389,0.754783,0.571692,0.580769,0.738202,0.769177,0.698704,0.401403,0.164106,26.043860,0.003264,0.004225,5.571589,0.004563,0.004574,0.000661,0.002188,11772208.892566,0.000000
-7595152.100556,1466927.446624,81663358.995446,38.175520,-1.985156,0.697518,0.970160,0.868045,0.651002,0.154095,0.761219,0.045906,0.493076,0.594401,0.809941,0.621017,0.330404,0.317009,0.153290,0.580446,0.558299,0.572138,0.049891,0.295667,0.761532,0.122401,0.163300,0.308210,0.079295,0.009783,0.612675,0.959360,0.782406,0.967350,0.467945,0.262637,0.238462,13.281004,20.353350,0.923902,0.257199,0.737216,0.841342,0.657233,0.743425,0.907398,0.963683,0.862641,0.530659,0.044936,41.824480,0.000291,0.000258,9.452977,0.004706,0.004714,0.000763,0.002086,7595152.100556,0.000000
-19238546.323951,1852174.334629,81903174.611488,46.128529,-0.378774,0.909969,0.773369,0.879288,0.378394,0.654688,0.785800,0.658562,0.352731,0.318659,0.775708,0.762975,0.288406,0.911018,0.110998,0.460018,0.777559,0.602461,0.094207,0.453688,0.505090,0.232082,0.582792,0.383878,0.011815,0.662734,0.189027,0.864571,0.966710,0.596034,0.284479,0.299854,0.216691,11.526891,0.306544,0.135079,0.168053,0.581381,0.675862,0.494386,0.573452,0.716559,0.819702,0.315299,0.455165,0.547683,33.871471,0.000355,0.001052,8.895396,0.003162,0.003185,0.000130,0.002719,19238546.323951,0.000000
-14264170.234360,1374677.938984,74343352.121380,63.219702,-2.028094,0.743185,0.850899,0.850386,0.070957,0.799194,0.945494,0.666909,0.337942,0.350993,0.795190,0.575329,0.415463,0.884609,0.364800,0.138876,0.598497,0.594282,0.406477,0.350017,0.713740,0.111624,0.948349,0.283702,0.409589,0.008496,0.613648,0.968120,0.975615,0.455726,0.470645,0.164286,0.252329,8.898279,19.852242,0.317147,0.179538,0.774946,0.824320,0.679177,0.713722,0.841341,0.929023,0.868414,0.397567,0.043112,16.780298,0.004828,0.002653,10.615836,0.004526,0.004533,0.000715,0.002134,14264170.234360,0.000000
-7517480.430671,1624072.869112,48704060.535072,36.042823,-0.880421,0.916425,0.973500,0.371209,0.686840,0.162241,0.950510,0.985238,0.343954,0.308611,0.827718,0.816878,0.680410,0.736075,0.749170,0.868106,0.783274,0.774909,0.983260,0.048434,0.297611,0.235262,0.904876,0.686880,0.013508,0.144399,0.021970,0.958259,0.757286,0.981701,0.307994,0.262992,0.209615,9.570354,15.629227,0.182072,0.196185,0.749376,0.699973,0.638861,0.612942,0.887182,0.847209,0.585392,0.521213,0.507752,43.957177,0.005045,0.000496,7.844728,0.003815,0.003826,0.000473,0.002376,7517480.430671,0.000000
-4548707.823221,1406020.533072,36423336.210452,34.083827,-1.817426,0.794105,0.972841,0.404665,0.006758,0.137194,0.749883,0.997021,0.329340,0.356597,0.219726,0.567719,0.686131,0.779241,0.372294,0.389119,0.575201,0.770512,0.963060,0.291417,0.167268,0.319832,0.186031,0.373133,0.022060,0.019955,0.744932,0.953596,0.750861,0.668032,0.442615,0.153502,0.121804,12.885535,19.946276,0.576075,0.260383,0.793333,0.794736,0.652226,0.676198,0.833638,0.852010,0.837557,0.520377,0.095899,45.916173,0.009573,0.009466,7.167650,0.005005,0.005015,0.000976,0.001873,4548707.823221,0.000000
-11614628.606795,1531441.341334,72740249.597141,41.003012,-1.831554,0.950268,0.976198,0.871168,0.069498,0.869813,0.729349,0.679456,0.296395,0.258111,0.137381,0.597981,0.474316,0.247245,0.188836,0.387792,0.777044,0.598868,0.886790,0.299577,0.733959,0.109932,0.915872,0.298019,0.076905,0.135139,0.609139,0.998443,0.739564,0.288365,0.422316,0.190555,0.215465,9.379020,15.937216,0.809075,0.219039,0.748976,0.800803,0.609031,0.621120,0.855752,0.920871,0.839835,0.406531,0.162864,38.996988,0.001496,0.009121,10.236542,0.004635,0.004643,0.000776,0.002073,11614628.606795,0.000000
-19580826.309002,2161153.245995,121812427.490683,44.205406,-1.906367,0.902910,0.975662,0.879746,0.667972,0.635251,0.818794,0.427196,0.270657,0.349840,0.772225,0.754323,0.678642,0.770827,0.871897,0.887923,0.777207,0.574780,0.936543,0.434249,0.807614,0.228942,0.477349,0.299731,0.000450,0.625757,0.697369,0.937775,0.747942,0.235194,0.466067,0.331871,0.313872,12.889439,1.536063,0.131314,0.183145,0.624857,0.736653,0.541120,0.545623,0.821671,0.902654,0.851381,0.380927,0.039848,35.794594,0.007056,0.014572,13.242547,0.003847,0.003860,0.000519,0.002330,19580826.309002,0.000000
-10350739.312862,1679897.958562,73329904.527007,37.237476,-1.964599,0.914155,0.975651,0.880102,0.677239,0.259156,0.774627,0.977786,0.245017,0.321769,0.849018,0.694265,0.356813,0.908540,0.247270,0.456098,0.463497,0.570158,0.008944,0.859051,0.396940,0.233389,0.156387,0.090456,0.024403,0.166112,0.190486,0.952750,0.960316,0.989004,0.467978,0.332229,0.105881,13.660558,15.628525,0.445787,0.248492,0.752924,0.768575,0.639826,0.651066,0.672557,0.698621,0.859788,0.602972,0.042164,42.762524,0.000639,0.000072,11.836749,0.004443,0.004433,0.000785,0.002064,10350739.312862,0.000000
-9473720.739555,1442010.645891,59827438.724922,39.521213,-1.968301,0.742359,0.974696,0.726791,0.080224,0.147814,0.935293,0.652089,0.438185,0.312535,0.399646,0.841168,0.653919,0.291608,0.258950,0.431448,0.466703,0.576601,0.010700,0.868310,0.339079,0.222309,0.230173,0.087222,0.084028,0.052061,0.640524,0.934171,0.969223,0.978151,0.478904,0.158026,0.225015,13.214813,18.990963,1.019765,0.260339,0.795717,0.808446,0.689003,0.717194,0.862209,0.911721,0.860306,0.603485,0.013290,40.478787,0.003769,0.000152,11.656042,0.004984,0.004966,0.000802,0.002047,9473720.739555,0.000000
-11746324.202850,1627418.941662,75302611.180228,42.874955,-1.845519,0.794255,0.977577,0.872435,0.094873,0.234998,0.940695,0.667889,0.233094,0.099109,0.393824,0.572380,0.414956,0.649894,0.368380,0.163624,0.592446,0.689408,0.807396,0.292549,0.315172,0.238789,0.939780,0.211007,0.078725,0.210394,0.660018,0.914177,0.960001,0.454333,0.468513,0.439540,0.253224,9.574625,13.646628,0.585380,0.276474,0.741345,0.790744,0.654003,0.695009,0.911278,0.940029,0.842057,0.401900,0.025317,37.125045,0.004140,0.002495,10.856150,0.004552,0.004555,0.000472,0.002377,11746324.202850,0.000000
-8020643.006956,1594053.696923,57888972.749216,33.493300,-1.559555,0.901257,0.970409,0.870727,0.064949,0.838610,0.624524,0.666756,0.544510,0.405482,0.323176,0.572669,0.668738,0.876516,0.371204,0.324549,0.465043,0.600081,0.979873,0.293075,0.022936,0.154219,0.206137,0.296960,0.011334,0.030915,0.681711,0.934154,0.954555,0.638049,0.411208,0.146214,0.236703,13.351934,19.652512,0.687591,0.229815,0.775178,0.805455,0.683561,0.708904,0.863598,0.929607,0.789770,0.475741,0.161170,46.506700,0.011278,0.005603,7.739627,0.004676,0.004670,0.000775,0.002074,8020643.006956,0.000000
-5039631.789931,1283122.845275,49577444.817863,38.266908,-0.446549,0.707376,0.775118,0.482531,0.074883,0.468633,0.754391,0.432918,0.129690,0.321702,0.809653,0.567594,0.311628,0.273229,0.358659,0.209767,0.574508,0.591900,0.014932,0.287439,0.482621,0.240561,0.457780,0.373330,0.079599,0.010143,0.186439,0.907427,0.941330,0.630297,0.276644,0.330276,0.105886,11.202693,20.005811,0.741982,0.277149,0.712003,0.744121,0.624003,0.651131,0.844805,0.877725,0.360167,0.477252,0.410589,41.733092,0.003510,0.000247,4.438129,0.004628,0.004630,0.000888,0.001961,5039631.789931,0.000000
-5581887.272064,1428719.539933,58792300.517473,34.081769,-1.653110,0.737966,0.999514,0.796975,0.055761,0.259886,0.159339,0.476018,0.242952,0.592959,0.884794,0.582919,0.314319,0.300300,0.168258,0.394798,0.594317,0.594304,0.405303,0.340948,0.050446,0.102275,0.196693,0.965083,0.021800,0.020729,0.612448,0.992642,0.960432,0.229437,0.397572,0.147601,0.251728,13.280666,19.930115,1.184713,0.262864,0.775317,0.850441,0.658748,0.677894,0.816125,0.939592,0.808546,0.313675,0.224030,45.918231,0.002173,0.011658,5.397761,0.004925,0.004930,0.000903,0.001946,5581887.272064,0.000000
-10624789.604236,1245086.238645,64307114.114835,55.052151,-0.911098,0.738855,0.849892,0.282255,0.064794,0.780783,0.728430,0.667023,0.329072,0.351239,0.373558,0.618981,0.414593,0.342113,0.370109,0.234473,0.778365,0.572255,0.404764,0.333517,0.510317,0.110031,0.158439,0.297810,0.303892,0.009644,0.612822,0.962413,0.975281,0.453094,0.465364,0.162079,0.252328,12.168101,20.361828,0.334478,0.247558,0.786327,0.829800,0.687543,0.738611,0.845306,0.924097,0.861905,0.396646,0.051399,24.947849,0.012048,0.007119,0.911098,0.004486,0.004511,0.000759,0.002090,10624789.604236,0.000000
-5486748.379938,1228061.315372,51292261.007135,62.848974,-2.011419,0.743140,0.768706,0.274957,0.070957,0.798874,0.945494,0.666941,0.598757,0.597233,0.795190,0.575329,0.415463,0.884609,0.747500,0.138241,0.594565,0.594214,0.994775,0.340921,0.706831,0.111539,0.938216,0.283702,0.404727,0.008481,0.612384,0.968060,0.975607,0.453211,0.467777,0.164286,0.252329,10.909183,19.805274,0.011801,0.206220,0.827354,0.822117,0.722402,0.731792,0.896159,0.921889,0.866201,0.396590,0.048836,17.151026,0.010870,0.002876,4.145497,0.004713,0.004720,0.000847,0.002002,5486748.379938,0.000000
-6187984.057575,1385459.883470,44443151.244043,38.068782,-2.007551,0.743420,0.972025,0.265658,0.227061,0.769386,0.750119,0.667867,0.339968,0.345697,0.787780,0.449245,0.459681,0.781013,0.371940,0.322267,0.788753,0.594864,0.951652,0.340921,0.496231,0.112823,0.865914,0.372187,0.076031,0.009597,0.612390,0.967643,0.960184,0.453211,0.467332,0.158086,0.251119,9.814332,19.714927,0.319835,0.273559,0.826034,0.826636,0.714192,0.734423,0.889331,0.915070,0.865683,0.401403,0.049562,41.931218,0.005315,0.010770,2.553291,0.004403,0.004421,0.000701,0.002148,6187984.057575,0.000000
-19392870.587174,1879668.091151,84594897.173257,47.567005,-1.342722,0.803613,0.982672,0.683170,0.751127,0.135343,0.787372,0.656878,0.329706,0.307194,0.773762,0.848131,0.418650,0.278287,0.111470,0.459581,0.771309,0.602461,0.983012,0.453688,0.521053,0.232122,0.483654,0.383878,0.025721,0.662734,0.447793,0.865052,0.742021,0.596034,0.411982,0.299854,0.215803,11.571345,0.403605,0.146275,0.167970,0.686374,0.764380,0.597757,0.632388,0.865577,0.896773,0.738866,0.537468,0.127532,32.432995,0.000138,0.014110,13.238657,0.003451,0.003452,0.000276,0.002573,19392870.587174,0.000000
-15867690.093610,1873936.274078,70482558.002718,44.983202,-1.927865,0.655387,0.969937,0.887786,0.001190,0.146450,0.745003,0.667748,0.524452,0.246177,0.367990,0.697038,0.696109,0.735609,0.744428,0.893619,0.586009,0.536346,0.977464,0.299748,0.064909,0.134003,0.939998,0.205033,0.009162,0.615536,0.206331,0.937574,0.975475,0.471405,0.469909,0.297047,0.098509,11.001809,1.432332,0.306073,0.180599,0.565151,0.584756,0.354244,0.369143,0.390790,0.450560,0.854542,0.403716,0.032122,35.016798,0.011570,0.012324,11.173029,0.004226,0.004203,0.000130,0.002719,15867690.093610,0.000000
-9106331.128629,1622596.080898,60667208.405751,37.659809,-2.020140,0.905673,0.975667,0.359584,0.675998,0.717518,0.785956,0.731685,0.531073,0.321263,0.767468,0.593964,0.288314,0.909306,0.248716,0.457504,0.748538,0.621340,0.983032,0.450740,0.058019,0.232683,0.593864,0.390861,0.025786,0.177282,0.700254,0.949086,0.965274,0.596536,0.479747,0.263750,0.220772,10.830790,14.906177,0.172829,0.265556,0.793497,0.813000,0.691525,0.701920,0.931425,0.938487,0.867363,0.455841,0.017657,42.340191,0.000648,0.012509,7.896565,0.003760,0.003746,0.000420,0.002429,9106331.128629,0.000000
-19839856.232766,2056328.297267,84395016.401010,47.576950,-1.552031,0.909969,0.981693,0.879292,0.677239,0.766720,0.785955,0.658562,0.355747,0.318659,0.767619,0.760222,0.288403,0.911018,0.249458,0.459628,0.748955,0.602461,0.983012,0.453688,0.422262,0.232082,0.576501,0.383878,0.025654,0.662734,0.189027,0.939619,0.966710,0.596528,0.407388,0.299854,0.215144,12.139741,0.362180,0.124326,0.163390,0.703565,0.735484,0.581266,0.586273,0.848748,0.856658,0.788183,0.455358,0.173343,32.423050,0.000646,0.012018,12.786101,0.003387,0.003366,0.000218,0.002631,19839856.232766,0.000000
-6880616.561631,1548892.078438,55730959.150835,32.979143,-2.079393,0.730755,0.975342,0.900721,0.005705,0.805985,0.750637,0.664506,0.289300,0.417848,0.678631,0.564902,0.479755,0.889431,0.371694,0.900143,0.591270,0.322238,0.702003,0.435371,0.157617,0.231703,0.880710,0.306587,0.010448,0.002289,0.690911,0.993499,0.944503,0.275221,0.465853,0.157098,0.113085,9.234409,19.954756,0.751371,0.259551,0.651860,0.684035,0.429782,0.455651,0.653403,0.709263,0.874994,0.336202,0.063186,47.020857,0.005308,0.006255,9.582716,0.004673,0.004673,0.000830,0.002019,6880616.561631,0.000000
-12559981.959103,1385987.402681,65868741.254122,68.822764,-2.084495,0.738806,0.977325,0.491837,0.024856,0.847445,0.944562,0.746457,0.339067,0.337545,0.191559,0.694117,0.415392,0.877862,0.186032,0.527184,0.789927,0.687659,0.423617,0.484350,0.029115,0.104226,0.202078,0.714975,0.414575,0.152815,0.564655,0.996199,0.957941,0.291234,0.465292,0.258711,0.225418,12.653094,16.103414,0.407640,0.195630,0.795626,0.812831,0.654483,0.658342,0.935235,0.938271,0.875630,0.338601,0.065449,11.177236,0.004803,0.021619,10.987820,0.004938,0.004919,0.000760,0.002089,12559981.959103,0.000000
-14350754.468344,1336442.131954,70872456.987087,54.922215,-1.574307,0.742359,0.978772,0.726791,0.080224,0.146687,0.935293,0.404928,0.447130,0.310134,0.239355,0.757301,0.653919,0.291608,0.258950,0.432092,0.466703,0.682557,0.010625,0.331479,0.337937,0.222309,0.199006,0.087683,0.291085,0.034971,0.739439,0.959026,0.969223,0.212047,0.401476,0.161444,0.225233,13.004967,19.608214,1.065459,0.214786,0.747301,0.818541,0.653543,0.660892,0.871178,0.945867,0.792849,0.304438,0.197728,25.077785,0.003783,0.000111,10.753936,0.004939,0.004920,0.000758,0.002091,14350754.468344,0.000000
-5867733.382239,1451650.617181,72729474.357458,32.995292,-1.173564,0.697765,0.974577,0.866395,0.668454,0.796658,0.761219,0.024802,0.796120,0.203065,0.809941,0.626729,0.464661,0.332032,0.171592,0.545109,0.465696,0.318152,0.053140,0.293312,0.751113,0.246080,0.914902,0.933215,0.010856,0.001253,0.054703,0.940820,0.740728,0.641736,0.465508,0.261683,0.103986,8.952151,19.946864,0.891912,0.220650,0.673179,0.778405,0.576616,0.621736,0.705490,0.772156,0.690737,0.521019,0.042223,47.004708,0.000340,0.000292,9.140628,0.004705,0.004711,0.000710,0.002139,5867733.382239,0.000000
-1686322.330314,1333060.516040,50232793.415503,32.863691,-1.950312,0.548374,0.855304,0.493970,0.003478,0.578591,0.723619,0.046390,0.064290,0.315897,0.089727,0.567838,0.474833,0.782449,0.172024,0.222534,0.574827,0.333957,0.138026,0.288286,0.152232,0.230762,0.457872,0.399633,0.004317,0.023774,0.690108,0.996200,0.943761,0.675176,0.442637,0.157935,0.101561,10.695583,19.446785,0.833299,0.324843,0.807554,0.844423,0.675973,0.725317,0.813625,0.885666,0.857770,0.494106,0.114186,47.136309,0.004982,0.004098,2.982826,0.004395,0.004370,0.000280,0.002569,1686322.330314,0.000000
-16216341.875092,1457390.054012,83101110.666608,51.834789,-1.546226,0.635285,0.986892,0.885135,0.696434,0.769604,0.728882,0.452651,0.331017,0.354469,0.302360,0.567719,0.682807,0.885004,0.371946,0.348934,0.575373,0.334371,0.415551,0.137549,0.154997,0.102723,0.027462,0.387632,0.262332,0.007806,0.562659,0.959947,0.748502,0.454979,0.396813,0.160164,0.121376,13.824737,20.611171,0.385164,0.157339,0.700041,0.720701,0.540399,0.546447,0.712057,0.755042,0.786950,0.474621,0.210592,28.165211,0.001301,0.001932,7.133830,0.004299,0.004267,0.000195,0.002654,16216341.875092,0.000000
-18996744.267544,1781251.591212,84600142.895511,51.802196,-1.829403,0.900753,0.976198,0.843946,0.167861,0.784010,0.750405,0.336375,0.488922,0.209824,0.124569,0.752337,0.414687,0.256551,0.175411,0.387792,0.777044,0.598868,0.995914,0.270321,0.335619,0.217945,0.134706,0.258734,0.076905,0.616480,0.463591,0.997101,0.881663,0.995598,0.422632,0.190555,0.216232,14.111344,2.108204,0.327055,0.174282,0.709646,0.816191,0.598553,0.717476,0.790133,0.922368,0.839491,0.555424,0.161490,28.197804,0.001287,0.009518,11.401069,0.004182,0.004200,0.000270,0.002579,18996744.267544,0.000000
-16228211.188195,1316178.403072,76343855.533169,68.831192,-1.947555,0.795898,0.855304,0.493970,0.018132,0.578591,0.735619,0.439579,0.284434,0.315897,0.337250,0.690064,0.675689,0.782166,0.175709,0.222534,0.574855,0.333957,0.138026,0.288286,0.158034,0.231070,0.461890,0.549463,0.478070,0.023774,0.778262,0.996147,0.943761,0.675168,0.442209,0.334723,0.103397,10.997102,19.761542,0.518305,0.234365,0.756307,0.828180,0.675102,0.691696,0.828618,0.856000,0.857378,0.494103,0.115128,11.168808,0.004582,0.004033,8.428436,0.004972,0.004978,0.000878,0.001971,16228211.188195,0.000000
-20048697.963401,1928648.847444,128553381.563536,45.032178,-1.920933,0.913969,0.975662,0.896513,0.672172,0.646726,0.774627,0.423283,0.245776,0.321199,0.816635,0.758279,0.356306,0.908540,0.235838,0.451465,0.466126,0.570205,0.007615,0.858350,0.919036,0.456528,0.474881,0.090456,0.008061,0.627940,0.127206,0.938895,0.942255,0.243374,0.467978,0.332229,0.105697,12.084174,1.449359,0.175939,0.175215,0.504071,0.526000,0.217397,0.231225,0.295087,0.449185,0.853530,0.324291,0.036491,34.967822,0.000593,0.000010,11.987787,0.003754,0.003746,0.000385,0.002464,20048697.963401,0.000000
-7719295.355900,1578974.365873,65788712.290636,37.215504,-2.080817,0.712151,0.970707,0.854388,0.059849,0.779297,0.580577,0.711965,0.155138,0.190736,0.777075,0.754382,0.389352,0.886385,0.176223,0.456146,0.446414,0.356466,0.990437,0.853074,0.711204,0.211708,0.058402,0.552288,0.029872,0.144153,0.698492,0.989957,0.736208,0.236991,0.467999,0.156056,0.222486,14.312101,16.348126,0.507308,0.228109,0.767661,0.786197,0.580570,0.595142,0.846176,0.914134,0.875172,0.385634,0.057355,42.784496,0.003385,0.006138,7.711373,0.004773,0.004777,0.000666,0.002183,7719295.355900,0.000000
-5389800.516395,1313930.858072,38127330.364785,38.135978,-1.559234,0.686418,0.681673,0.265658,0.070957,0.769933,0.694283,0.667867,0.339802,0.309278,0.787780,0.449245,0.449376,0.781013,0.364650,0.322364,0.783153,0.594619,0.699337,0.770700,0.920111,0.112000,0.032946,0.313786,0.076759,0.017589,0.612390,0.854597,0.960184,0.453211,0.452462,0.157232,0.251119,13.203162,20.127563,0.245682,0.272377,0.835347,0.816454,0.724246,0.721577,0.899414,0.917283,0.789703,0.401403,0.032755,41.864022,0.011626,0.012156,2.162545,0.004585,0.004601,0.000822,0.002027,5389800.516395,0.000000
-18616322.435815,1862489.868770,77951440.116779,51.757619,-1.026036,0.742817,0.966330,0.852226,0.059002,0.765665,0.935838,0.664839,0.344011,0.345084,0.773747,0.815211,0.459575,0.923173,0.371535,0.265287,0.788880,0.609617,0.983263,0.329086,0.491927,0.468004,0.859239,0.396288,0.076029,0.611989,0.641580,0.965648,0.978284,0.611907,0.323022,0.261344,0.222337,10.728916,1.654780,0.189666,0.168920,0.667457,0.706635,0.580766,0.613715,0.822360,0.857642,0.641575,0.457489,0.451629,28.242381,0.004817,0.007509,12.217347,0.004233,0.004245,0.000193,0.002656,18616322.435815,0.000000
-15891855.624493,1432768.797534,77557512.619761,68.048329,-1.529677,0.738806,0.859138,0.722797,0.064825,0.799124,0.759055,0.666923,0.346495,0.214260,0.378750,0.818706,0.415456,0.733034,0.752615,0.417207,0.773520,0.569236,0.795392,0.333569,0.712033,0.132831,0.482110,0.208164,0.403937,0.152815,0.644498,0.996199,0.975595,0.470094,0.458042,0.094731,0.224914,11.522567,15.895617,0.193229,0.145393,0.698428,0.821438,0.592501,0.676496,0.543798,0.810885,0.783394,0.403168,0.080576,11.951671,0.005167,0.015227,9.323197,0.004724,0.004733,0.000656,0.002193,15891855.624493,0.000000
-7043845.709084,1565983.811117,48154713.214603,38.571708,-1.885675,0.908237,0.978182,0.404643,0.076935,0.223566,0.785968,0.949453,0.521385,0.284884,0.739310,0.758780,0.307936,0.907427,0.744337,0.256508,0.777614,0.577357,0.983006,0.545779,0.392388,0.233544,0.003241,0.277971,0.026643,0.223579,0.650994,0.929338,0.935198,0.475406,0.467111,0.298790,0.216866,13.594843,13.966163,0.213428,0.270687,0.818045,0.780700,0.675039,0.688817,0.933341,0.934239,0.848273,0.418105,0.034300,41.428292,0.006093,0.005743,5.862585,0.004382,0.004376,0.000774,0.002075,7043845.709084,0.000000
-15930831.057706,1297562.428550,88397131.129087,68.762403,-1.955109,0.796505,0.855304,0.494245,0.001738,0.780990,0.715352,0.439579,0.071273,0.315897,0.091212,0.689875,0.429500,0.882642,0.175245,0.222534,0.574855,0.333957,0.985848,0.292256,0.159411,0.231070,0.006867,0.399633,0.479356,0.023774,0.778262,0.996147,0.943761,0.724646,0.443457,0.157935,0.236588,13.025516,20.123524,0.349422,0.198566,0.727822,0.844795,0.653656,0.750625,0.837151,0.960917,0.858451,0.513610,0.112323,11.237597,0.005011,0.004793,8.166406,0.004987,0.004965,0.000799,0.002050,15930831.057706,0.000000
-7186812.990495,1299303.777246,44263022.919049,41.131664,-1.686024,0.688356,0.681588,0.398870,0.016997,0.577326,0.949513,0.673553,0.394622,0.335285,0.308626,0.447427,0.450600,0.785364,0.291132,0.469297,0.591126,0.315665,0.142554,0.434465,0.090880,0.124524,0.457733,0.950858,0.118510,0.007490,0.615274,0.863413,0.749490,0.675965,0.469238,0.325955,0.103997,11.336393,20.104947,0.470892,0.291672,0.823412,0.815174,0.691903,0.715563,0.859332,0.882323,0.814745,0.553614,0.003157,38.868336,0.011445,0.004749,6.458331,0.004414,0.004428,0.000765,0.002084,7186812.990495,0.000000
-6346631.307418,1561256.089181,54734730.712494,32.441981,-1.977892,0.954793,0.970056,0.886004,0.001011,0.757865,0.154493,0.660601,0.341447,0.320177,0.788562,0.738950,0.674324,0.290120,0.243925,0.899658,0.781878,0.767591,0.413531,0.298741,0.064005,0.465737,0.002816,0.305091,0.004617,0.005060,0.196751,0.957775,0.958182,0.680346,0.467547,0.257770,0.099515,14.561382,20.579748,1.232140,0.259321,0.719497,0.744604,0.573684,0.593170,0.654326,0.701861,0.861639,0.491078,0.045086,47.558019,0.002295,0.011553,5.609274,0.004944,0.004949,0.001069,0.001780,6346631.307418,0.000000
-6505249.668193,1460517.350240,48670055.826170,33.910041,-1.643721,0.954699,0.685728,0.724449,0.070743,0.767034,0.692242,0.663852,0.329539,0.356723,0.795497,0.411593,0.460140,0.781516,0.351851,0.245558,0.561065,0.594864,0.702864,0.292610,0.496231,0.111624,0.496882,0.965410,0.021499,0.010695,0.685430,0.967643,0.964609,0.443418,0.407946,0.163763,0.254855,11.161812,19.983573,0.456171,0.263357,0.804252,0.812078,0.710109,0.718209,0.907270,0.942735,0.806740,0.396187,0.184890,46.089959,0.007710,0.003833,3.561908,0.003837,0.003851,0.000544,0.002305,6505249.668193,0.000000
-17391101.068418,1723459.667941,75943624.912796,52.069486,-0.821956,0.900753,0.976198,0.869701,0.069337,0.141123,0.756333,0.671351,0.474476,0.209824,0.140247,0.641687,0.389263,0.257081,0.181694,0.387233,0.776990,0.598868,0.886790,0.038884,0.036701,0.217945,0.476728,0.258233,0.076830,0.625503,0.606403,0.996138,0.960287,0.968850,0.287402,0.191073,0.216232,12.385826,1.548775,0.415227,0.160651,0.647361,0.692437,0.565181,0.603130,0.784511,0.830097,0.560429,0.586151,0.622805,27.930514,0.001491,0.003490,11.212348,0.004113,0.004131,0.000293,0.002556,17391101.068418,0.000000
-14417169.407000,1367376.032368,70478486.631976,52.381006,-1.921578,0.743762,0.755026,0.724222,0.071236,0.769371,0.941468,0.578795,0.354764,0.336211,0.788166,0.453562,0.475032,0.781013,0.758625,0.222650,0.785546,0.315830,0.222269,0.340921,0.495855,0.114675,0.004810,0.396343,0.261906,0.026600,0.693452,0.940277,0.960184,0.639156,0.467332,0.157462,0.251119,13.587992,20.012341,0.336336,0.225496,0.774438,0.827061,0.689743,0.733447,0.863675,0.942996,0.853624,0.474243,0.038344,27.618994,0.007553,0.003561,8.801318,0.004147,0.004164,0.000708,0.002141,14417169.407000,0.000000
-21673563.870281,1595103.473424,118178023.866382,75.507254,-0.851542,0.848501,0.973951,0.732987,0.077391,0.156530,0.786577,0.402839,0.157999,0.209869,0.779426,0.832923,0.388676,0.291723,0.262240,0.389401,0.783888,0.577849,0.041840,0.431883,0.294336,0.478268,0.231633,0.095982,0.322790,0.575926,0.974702,0.931881,0.739174,0.713124,0.314579,0.261608,0.248832,11.456965,3.338695,0.332800,0.130899,0.504010,0.753068,0.446708,0.654114,0.632139,0.894747,0.573244,0.523664,0.465405,4.492746,0.002340,0.000676,11.186588,0.004531,0.004533,0.000667,0.002182,21673563.870281,0.000000
-17417491.540994,1847369.174514,77963146.519809,52.006300,-2.063507,0.903990,0.854965,0.900282,0.664397,0.357088,0.940206,0.657397,0.494869,0.320752,0.782923,0.755178,0.389102,0.236538,0.265639,0.424178,0.783333,0.773151,0.973095,0.140523,0.510258,0.207342,0.832132,0.316679,0.077577,0.616174,0.694760,0.985117,0.961596,0.992967,0.467600,0.158165,0.238511,10.334725,1.573224,0.141802,0.172636,0.760330,0.788355,0.659416,0.694941,0.842253,0.916702,0.872992,0.590875,0.056183,27.993700,0.000416,0.002622,13.652658,0.003430,0.003461,0.000363,0.002486,17417491.540994,0.000000
-4587061.341887,1359554.794536,38830451.225807,34.565210,-2.007497,0.743185,0.849900,0.284105,0.070957,0.768030,0.693410,0.667862,0.337883,0.350815,0.795497,0.400585,0.459520,0.883481,0.361359,0.247293,0.568866,0.594864,0.506013,0.292615,0.496231,0.111624,0.868748,0.965410,0.029286,0.010688,0.532431,0.967635,0.964910,0.448375,0.467327,0.158001,0.252329,9.459737,19.642702,0.441637,0.286209,0.823432,0.829989,0.714765,0.735142,0.899256,0.911106,0.865676,0.398031,0.049570,45.434790,0.006937,0.005915,2.959035,0.004724,0.004736,0.000892,0.001957,4587061.341887,0.000000
-11347004.699035,1224581.868244,59575809.593237,62.640465,-2.011659,0.743185,0.681903,0.274852,0.070957,0.798198,0.944326,0.666946,0.329592,0.354512,0.795190,0.575329,0.416119,0.782645,0.364957,0.137140,0.592385,0.594282,0.707439,0.358831,0.713238,0.111624,0.945515,0.283702,0.401918,0.008504,0.612474,0.968128,0.975615,0.453211,0.467782,0.164286,0.252329,9.670718,19.768169,0.077823,0.222775,0.805745,0.827796,0.704281,0.737338,0.870637,0.924535,0.866233,0.396588,0.048854,17.359535,0.011764,0.002848,2.848428,0.004658,0.004654,0.000862,0.001987,11347004.699035,0.000000
-13490273.129207,1291811.544501,66381290.847495,68.752192,-1.292468,0.745430,0.977326,0.293381,0.055063,0.799124,0.944783,0.655589,0.340326,0.103616,0.382169,0.696541,0.415061,0.305581,0.752615,0.243052,0.798279,0.593514,0.712983,0.332761,0.712033,0.128571,0.932478,0.208164,0.410675,0.152838,0.642888,0.997566,0.975595,0.291230,0.427267,0.094731,0.228310,10.494550,15.454022,0.027327,0.170771,0.720484,0.803143,0.617397,0.685860,0.594306,0.746546,0.773710,0.333522,0.150478,11.247808,0.007981,0.007367,1.292468,0.004264,0.004295,0.000618,0.002231,13490273.129207,0.000000
-8422676.863299,1496806.504977,59362148.147683,36.784002,-1.459593,0.738757,0.976987,0.373077,0.679574,0.779643,0.627347,0.946598,0.532197,0.347560,0.378763,0.760116,0.415455,0.745287,0.253505,0.467505,0.651543,0.671549,0.403290,0.341082,0.496251,0.471985,0.152131,0.393456,0.023347,0.148135,0.181243,0.936485,0.968038,0.457003,0.441046,0.190574,0.104823,12.639322,16.131929,0.330149,0.211321,0.696231,0.727134,0.510111,0.534726,0.664000,0.714157,0.767669,0.400426,0.091994,43.215998,0.000665,0.007428,8.839832,0.004139,0.004153,0.000659,0.002190,8422676.863299,0.000000
-16631762.529633,1489993.590161,89917638.842572,59.445067,-2.070036,0.793910,0.970707,0.853965,0.094906,0.778686,0.580750,0.711486,0.155630,0.351675,0.317064,0.571238,0.390836,0.352258,0.197550,0.468926,0.780763,0.593761,0.990437,0.293037,0.711204,0.211990,0.064679,0.552288,0.277582,0.210782,0.696438,0.990118,0.734696,0.524990,0.466045,0.157899,0.163127,13.649703,14.447560,0.459935,0.173691,0.720338,0.784656,0.607329,0.631022,0.783584,0.870450,0.873819,0.501103,0.061404,20.554933,0.002681,0.016167,7.647998,0.004445,0.004456,0.000579,0.002270,16631762.529633,0.000000
-10983014.270831,1346778.475596,62014917.436894,55.535549,-1.638205,0.738346,0.766437,0.714886,0.065177,0.780463,0.754819,0.665932,0.492537,0.597479,0.356637,0.620873,0.416854,0.910823,0.174672,0.233839,0.784471,0.619787,0.435522,0.339104,0.707087,0.109947,0.582888,0.297810,0.294452,0.042481,0.612816,0.852406,0.960038,0.447239,0.467175,0.164274,0.107638,10.899141,19.086501,0.350322,0.193264,0.731600,0.744267,0.558651,0.567298,0.726250,0.755031,0.805671,0.399109,0.002624,24.464451,0.003215,0.006833,6.330351,0.004495,0.004505,0.000662,0.002187,10983014.270831,0.000000
-11155029.404545,1454294.757148,79137493.950247,38.195522,-0.896910,0.738813,0.991838,0.856185,0.702510,0.820797,0.728637,0.634952,0.562105,0.320746,0.770324,0.740244,0.417987,0.291567,0.267443,0.391496,0.585937,0.573461,0.385317,0.012448,0.296428,0.231755,0.157878,0.274591,0.079704,0.009361,0.175694,0.937410,0.963502,0.718551,0.414233,0.157278,0.107760,13.381549,20.380184,0.839584,0.197910,0.610721,0.770092,0.526263,0.627146,0.566448,0.745965,0.592172,0.504170,0.155132,41.804478,0.000698,0.000127,10.834134,0.004774,0.004782,0.000693,0.002156,11155029.404545,0.000000
-2007215.207164,1206402.525641,48696182.465137,54.264015,-0.611484,0.743302,0.768468,0.281985,0.063727,0.769181,0.728430,0.939217,0.739579,0.598393,0.374512,0.753522,0.316900,0.333527,0.729354,0.456080,0.780545,0.774649,0.990959,0.316581,0.502095,0.223535,0.148452,0.310597,0.293280,0.010026,0.071348,0.962353,0.975214,0.461901,0.397722,0.161199,0.177640,11.270858,20.400032,0.129365,0.164603,0.721451,0.710768,0.625035,0.616591,0.764242,0.735241,0.457455,0.400097,0.209287,25.735985,0.006646,0.017069,1.530060,0.004395,0.004406,0.000709,0.002140,2007215.207164,0.000000
-16336016.387312,1351378.660921,77701099.967054,73.855672,-1.302896,0.911620,0.856534,0.277729,0.064811,0.771419,0.948285,0.435810,0.141970,0.340281,0.825856,0.448339,0.459798,0.885379,0.177760,0.537474,0.801261,0.647450,0.432030,0.280786,0.031288,0.243796,0.193844,0.967263,0.478526,0.148309,0.616849,0.865515,0.949937,0.241841,0.470062,0.325919,0.225448,9.778119,16.212749,0.046446,0.203743,0.742839,0.825544,0.659002,0.682422,0.913328,0.954370,0.816877,0.321499,0.002433,6.144328,0.003323,0.016523,1.302896,0.004504,0.004521,0.000791,0.002058,16336016.387312,0.000000
-5254134.233934,1370256.499444,39055658.345764,33.959108,-1.602080,0.661776,0.680235,0.490891,0.015691,0.234479,0.965237,0.673553,0.399966,0.335285,0.132630,0.595330,0.444058,0.781814,0.291132,0.213082,0.591134,0.317165,0.989127,0.445356,0.072658,0.124524,0.006240,0.380999,0.024270,0.007252,0.853786,0.844879,0.758407,0.719614,0.465193,0.161836,0.201907,13.911233,20.459359,0.429310,0.269182,0.834981,0.813067,0.718274,0.717618,0.921115,0.949127,0.798523,0.564524,0.003363,46.040892,0.007916,0.006157,5.746119,0.004544,0.004557,0.000590,0.002259,5254134.233934,0.000000
-14687075.816487,1269704.548691,70164026.152736,64.565140,-1.927438,0.792161,0.976938,0.367977,0.117071,0.805069,0.724368,0.441057,0.336499,0.311500,0.318219,0.572478,0.415606,0.255059,0.369744,0.247956,0.590904,0.655076,0.810087,0.291275,0.722455,0.110479,0.651235,0.407993,0.427975,0.010082,0.693249,0.944386,0.960660,0.289792,0.466101,0.158543,0.228924,10.383826,19.994779,0.327744,0.209914,0.778101,0.841068,0.694652,0.706345,0.866716,0.951187,0.854479,0.337250,0.042496,15.434860,0.005500,0.005317,4.296435,0.004657,0.004678,0.000832,0.002017,14687075.816487,0.000000
-10615768.996465,1236545.919324,66009492.858346,55.478157,-0.704372,0.744390,0.986831,0.284908,0.000294,0.806038,0.724560,0.666642,0.337728,0.356995,0.136891,0.431912,0.418307,0.782915,0.142105,0.319760,0.772428,0.330470,0.399370,0.352029,0.132608,0.237031,0.933290,0.378665,0.300411,0.023657,0.565568,0.967741,0.943976,0.457419,0.284093,0.158929,0.252338,8.767711,19.306912,0.426844,0.186061,0.673526,0.745678,0.598243,0.658685,0.810377,0.878943,0.505581,0.408183,0.432852,24.521843,0.003686,0.010987,2.560781,0.004848,0.004859,0.000901,0.001948,10615768.996465,0.000000
-21111013.136012,1858875.329656,92348715.519179,51.871848,-1.820283,0.900753,0.976198,0.869701,0.373534,0.566399,0.750405,0.475968,0.330917,0.206885,0.140247,0.645557,0.389066,0.786432,0.356695,0.387792,0.575532,0.598868,0.886790,0.051104,0.349599,0.218244,0.476728,0.258233,0.076905,0.616480,0.609139,0.995046,0.960414,0.995598,0.422194,0.185759,0.251154,12.266836,1.829992,0.177861,0.178248,0.700549,0.806279,0.620173,0.707963,0.816344,0.938000,0.838020,0.586616,0.161639,28.128152,0.002827,0.001225,10.508636,0.003807,0.003822,0.000083,0.002766,21111013.136012,0.000000
-9477102.470866,1322814.166969,67991325.714218,52.432303,-1.996167,0.659074,0.990433,0.404643,0.066324,0.299852,0.146923,0.339289,0.241904,0.406986,0.234312,0.568548,0.681200,0.249557,0.191011,0.389306,0.776200,0.501063,0.411714,0.141874,0.155609,0.258943,0.197061,0.400921,0.264619,0.019930,0.741102,0.960979,0.934237,0.193122,0.468976,0.441830,0.215255,12.319084,20.004400,0.749605,0.311886,0.771350,0.862093,0.686457,0.705798,0.928733,0.967631,0.864145,0.306702,0.043532,27.567697,0.003732,0.016826,4.069466,0.004823,0.004841,0.000848,0.002001,9477102.470866,0.000000
-5498200.311524,1302497.612812,38419263.655489,37.886056,-0.464016,0.740558,0.771579,0.293381,0.064748,0.653663,0.944365,0.678773,0.341044,0.260903,0.367411,0.513177,0.291541,0.282091,0.361413,0.536518,0.787961,0.594111,0.799561,0.299532,0.713620,0.111970,0.939900,0.399282,0.073487,0.009342,0.558609,0.991848,0.744483,0.275137,0.466184,0.165642,0.238132,8.968643,19.629532,0.374323,0.267256,0.815803,0.828323,0.689472,0.709067,0.899709,0.910115,0.850505,0.399174,0.061831,42.113944,0.006199,0.022765,0.464016,0.004308,0.004322,0.000663,0.002186,5498200.311524,0.000000
-4263242.224357,1422992.984912,45744407.948036,33.340262,-2.003130,0.547430,0.970605,0.401949,0.052457,0.779073,0.162585,0.653867,0.802271,0.208904,0.309798,0.625652,0.411355,0.331634,0.172169,0.463660,0.478930,0.584257,0.990752,0.029691,0.037242,0.243652,0.199257,0.399356,0.011644,0.022067,0.690863,0.968102,0.966710,0.676574,0.466318,0.298295,0.239014,13.022695,19.861081,0.850833,0.320640,0.826312,0.826213,0.731464,0.731621,0.956988,0.956842,0.865088,0.486635,0.051801,46.659738,0.003422,0.002879,3.847537,0.004785,0.004768,0.000629,0.002220,4263242.224357,0.000000
-5348325.407007,1414568.505165,61938912.521530,33.599020,-0.686481,0.906842,0.974346,0.870727,0.064949,0.009305,0.625221,0.072497,0.471754,0.310848,0.384798,0.479824,0.428678,0.284407,0.371204,0.324549,0.576180,0.600081,0.137998,0.298780,0.737691,0.172467,0.799792,0.296960,0.011330,0.030956,0.728151,0.934154,0.724292,0.638091,0.294087,0.150578,0.103297,9.726860,19.109390,1.194648,0.220759,0.687811,0.781332,0.606545,0.638275,0.729535,0.792659,0.496656,0.516944,0.553410,46.400980,0.002245,0.002498,8.285446,0.004722,0.004724,0.000884,0.001965,5348325.407007,0.000000
-6944225.223938,1622478.933746,63257418.668906,32.972748,-2.079331,0.753200,0.975025,0.900721,0.392662,0.798686,0.757330,0.425159,0.289300,0.417363,0.677884,0.569162,0.479507,0.886788,0.371694,0.903787,0.590219,0.332395,0.702196,0.431651,0.774603,0.386161,0.880710,0.306587,0.010448,0.001966,0.691567,0.993479,0.975446,0.668625,0.465853,0.286880,0.113957,9.140305,19.971841,0.622038,0.289758,0.739120,0.759862,0.598112,0.613762,0.742624,0.777840,0.874986,0.480523,0.063177,47.027252,0.002869,0.006721,9.962007,0.004579,0.004579,0.000808,0.002041,6944225.223938,0.000000
-12439755.243501,1375503.084779,63717825.072383,68.926709,-1.684827,0.738806,0.977319,0.293381,0.064785,0.814345,0.938007,0.668632,0.329264,0.355838,0.378750,0.694117,0.415456,0.737214,0.371539,0.226616,0.574230,0.677547,0.799963,0.336497,0.712693,0.256500,0.942116,0.959245,0.408262,0.162626,0.705418,0.996229,0.944647,0.375226,0.400678,0.451938,0.249663,9.630812,15.160542,0.095876,0.227843,0.765916,0.778007,0.677751,0.688058,0.917625,0.925027,0.814524,0.375575,0.071869,11.073291,0.009597,0.004969,3.941875,0.004605,0.004621,0.000816,0.002033,12439755.243501,0.000000
-18837664.766324,1759009.365134,79782468.005805,51.953411,-1.877643,0.902131,0.855218,0.908857,0.012380,0.358057,0.947075,0.660765,0.342074,0.276202,0.782869,0.830156,0.284952,0.317882,0.265622,0.389255,0.783871,0.585847,0.990897,0.140371,0.298605,0.461159,0.225281,0.316679,0.078268,0.616174,0.665642,0.931553,0.719147,0.710165,0.464509,0.158165,0.238498,13.255381,2.037983,0.254877,0.162487,0.724827,0.787146,0.588054,0.676025,0.803038,0.903554,0.847050,0.515851,0.040416,28.046589,0.000614,0.009890,14.382628,0.004008,0.004035,0.000550,0.002299,18837664.766324,0.000000
-18362874.522945,1471740.643886,81465686.494370,68.651786,-1.893871,0.739369,0.974584,0.494492,0.000170,0.819908,0.725473,0.448069,0.346136,0.311284,0.365924,0.572286,0.413635,0.333139,0.372458,0.390014,0.780371,0.651733,0.871837,0.027388,0.715109,0.113170,0.795073,0.408078,0.299425,0.428964,0.693325,0.933328,0.959176,0.314759,0.466340,0.158586,0.238860,10.195098,7.250765,0.278004,0.182859,0.745286,0.826895,0.655554,0.659853,0.832470,0.941314,0.849512,0.347462,0.037475,11.348214,0.005585,0.003967,9.663648,0.004695,0.004703,0.000576,0.002273,18362874.522945,0.000000
-1890690.526973,1189280.775830,48526631.342516,54.263352,-0.563932,0.739877,0.768468,0.282292,0.063727,0.780463,0.754468,0.939217,0.743024,0.598393,0.374512,0.753522,0.473210,0.333527,0.747901,0.217061,0.573577,0.593571,0.994016,0.265923,0.502095,0.105444,0.148452,0.310597,0.293280,0.010006,0.612822,0.942217,0.975287,0.461583,0.277394,0.164323,0.107727,12.054197,20.396341,0.175212,0.178322,0.738199,0.690592,0.610125,0.610473,0.799600,0.811604,0.431033,0.399950,0.637192,25.736648,0.011203,0.004940,2.551025,0.004544,0.004564,0.000770,0.002079,1890690.526973,0.000000
-11481242.925242,1749750.151144,74124097.861660,38.197566,-1.953938,0.913133,0.975492,0.879222,0.656951,0.171120,0.818794,0.980354,0.334069,0.350410,0.380030,0.694474,0.678642,0.272705,0.885762,0.862213,0.478029,0.586724,0.925599,0.434949,0.807614,0.228932,0.158855,0.309884,0.037075,0.162199,0.695478,0.952867,0.743965,0.959680,0.466067,0.331871,0.313872,13.742988,15.762218,0.411829,0.231595,0.753197,0.765319,0.664890,0.675139,0.917719,0.924922,0.858285,0.517932,0.046050,41.802434,0.001322,0.010243,12.181600,0.004494,0.004500,0.000775,0.002074,11481242.925242,0.000000
-6334237.364698,1511430.004670,47943441.130365,32.476090,-0.546062,0.795326,0.764029,0.835475,0.138651,0.248768,0.947265,0.980674,0.269392,0.354237,0.853749,0.756986,0.318875,0.778717,0.355223,0.413360,0.765020,0.682557,0.418392,0.282985,0.164253,0.271401,0.904990,0.381550,0.000381,0.015178,0.677447,0.855686,0.748001,0.316961,0.307271,0.262574,0.225880,9.154589,19.529282,0.610475,0.217273,0.734879,0.684421,0.636410,0.594827,0.881828,0.837536,0.420774,0.415842,0.450029,47.523910,0.002714,0.012881,11.858841,0.004559,0.004570,0.000861,0.001988,6334237.364698,0.000000
-10377769.838003,1416476.073235,61861491.104944,42.295374,-2.022625,0.737481,0.760489,0.692765,0.071053,0.707923,0.986610,0.635178,0.337759,0.401324,0.831223,0.567038,0.415353,0.299066,0.266387,0.227160,0.786734,0.593766,0.372870,0.014302,0.514488,0.256463,0.142368,0.965083,0.123299,0.042644,0.695605,0.973546,0.959762,0.328984,0.466752,0.436131,0.107071,13.174712,19.342867,0.746580,0.323541,0.766364,0.794439,0.580569,0.602315,0.821160,0.857389,0.867692,0.352864,0.053157,37.704626,0.002968,0.001322,11.219268,0.004413,0.004433,0.000796,0.002053,10377769.838003,0.000000
-14350130.603726,1581737.260985,66560207.137856,52.912403,-1.816662,0.902917,0.968172,0.489876,0.001400,0.575147,0.772037,0.667143,0.493340,0.307372,0.807920,0.604773,0.416749,0.357831,0.175245,0.227581,0.574855,0.307827,0.951141,0.086562,0.920427,0.212984,0.457872,0.399822,0.086037,0.621112,0.643941,0.996076,0.975515,0.286719,0.421118,0.158371,0.105410,11.546876,1.656131,0.303591,0.194185,0.635710,0.660775,0.388114,0.407637,0.589627,0.643283,0.837433,0.331789,0.164741,27.087597,0.005237,0.003963,9.764390,0.004441,0.004446,0.000746,0.002103,14350130.603726,0.000000
-13709727.447375,1408723.890912,67920611.441750,62.217747,-0.823458,0.848919,0.975657,0.721110,0.077391,0.156530,0.786578,0.644222,0.532675,0.208104,0.779472,0.757908,0.388169,0.291509,0.262257,0.424324,0.782204,0.579183,0.041840,0.430684,0.506475,0.222309,0.589654,0.088146,0.322790,0.175560,0.974702,0.936996,0.742625,0.587396,0.309199,0.261608,0.248586,10.892545,15.088453,0.743650,0.157913,0.690305,0.737118,0.605758,0.645067,0.840482,0.880569,0.561089,0.523161,0.490206,17.782253,0.002879,0.000805,12.802500,0.004920,0.004926,0.000939,0.001910,13709727.447375,0.000000
-18178820.004553,2030843.542923,124378643.501583,45.896832,-2.181252,0.899210,0.974553,0.882831,0.677239,0.760981,0.785955,0.419064,0.156825,0.320924,0.767468,0.760258,0.288822,0.909306,0.248716,0.457532,0.749685,0.763769,0.983007,0.450740,0.421700,0.233550,0.834406,0.398448,0.025786,0.577647,0.233095,0.985963,0.965241,0.998944,0.487951,0.332229,0.215398,10.865086,2.686885,0.159160,0.212497,0.643431,0.813635,0.574497,0.702852,0.839863,0.906397,0.887100,0.591964,0.016755,34.103168,0.000646,0.011878,12.582739,0.003528,0.003509,0.000299,0.002550,18178820.004553,0.000000
-3879443.222358,1358401.217316,32392998.026222,34.028841,-1.016773,0.794105,0.972841,0.285567,0.007347,0.137562,0.749883,0.983119,0.329340,0.354387,0.822373,0.567719,0.312637,0.732921,0.371892,0.362117,0.577629,0.770512,0.950765,0.291417,0.167268,0.236642,0.904802,0.415594,0.022059,0.010819,0.565105,0.953596,0.750861,0.668032,0.421847,0.150533,0.121804,8.893151,19.610425,0.340645,0.251110,0.805354,0.794924,0.665138,0.683307,0.849552,0.866517,0.806589,0.520377,0.143866,45.971159,0.008181,0.008735,1.016773,0.004457,0.004453,0.000792,0.002057,3879443.222358,0.000000
-11543275.678841,1489102.918279,72200970.442519,42.815783,-1.514243,0.796446,0.783080,0.805445,0.094042,0.252488,0.784206,0.667867,0.236782,0.199663,0.393824,0.571681,0.414953,0.651388,0.368380,0.246912,0.592446,0.454176,0.420474,0.314891,0.304060,0.238789,0.649518,0.380949,0.078725,0.210401,0.660018,0.914884,0.960002,0.230456,0.413678,0.265244,0.177606,10.841129,13.858709,0.395983,0.255459,0.727566,0.796326,0.582488,0.599922,0.888850,0.909617,0.780025,0.314195,0.146210,37.184217,0.005065,0.005246,6.699339,0.004031,0.004050,0.000487,0.002362,11543275.678841,0.000000
-8447390.459789,1494810.256304,60229168.902004,35.672740,-1.936224,0.794252,0.844360,0.873171,0.059636,0.234933,0.723864,0.658995,0.344912,0.350805,0.135517,0.432922,0.313461,0.313143,0.143201,0.397113,0.782356,0.594992,0.421101,0.292596,0.395250,0.224233,0.952566,0.387894,0.027541,0.070263,0.076003,0.942468,0.959966,0.455548,0.468673,0.436069,0.252438,8.793538,17.819831,0.846062,0.298965,0.787452,0.820522,0.696914,0.724439,0.938001,0.954604,0.855752,0.402387,0.036568,44.327260,0.002054,0.011629,6.217896,0.004176,0.004185,0.000503,0.002346,8447390.459789,0.000000
-8976066.187694,1640567.640524,62017343.540957,34.376786,-1.689549,0.798413,0.972841,0.885097,0.674694,0.133026,0.749883,0.983119,0.329340,0.354387,0.822373,0.756622,0.312637,0.732692,0.373157,0.458023,0.577629,0.770512,0.982725,0.454251,0.147318,0.236607,0.585060,0.416294,0.021982,0.031111,0.447902,0.953799,0.966604,0.599353,0.421847,0.150533,0.216639,10.986244,19.358418,0.542007,0.210432,0.749856,0.773912,0.637253,0.675596,0.782767,0.835520,0.815397,0.456497,0.143958,45.623214,0.001373,0.011877,11.952991,0.004590,0.004573,0.000784,0.002065,8976066.187694,0.000000
-12441745.301019,1751072.113367,70759414.329564,38.504022,-0.538606,0.904986,0.978152,0.879672,0.668689,0.192047,0.786685,0.935583,0.535693,0.277949,0.366338,0.760225,0.307709,0.907427,0.172105,0.256508,0.777552,0.579236,0.983006,0.453688,0.392388,0.233354,0.003241,0.397215,0.026643,0.220278,0.650994,0.929338,0.965602,0.475406,0.279095,0.261369,0.216098,14.603676,14.135891,0.382954,0.186944,0.641742,0.642488,0.554441,0.555488,0.778165,0.777743,0.416439,0.408382,0.620521,41.495978,0.000342,0.005386,12.581373,0.004353,0.004338,0.000620,0.002229,12441745.301019,0.000000
-11997368.106582,1367310.776830,65228596.448661,68.692925,-2.049868,0.799281,0.977325,0.491837,0.024778,0.799124,0.944732,0.761783,0.339103,0.336901,0.784295,0.694117,0.415054,0.325006,0.262916,0.996476,0.845519,0.687659,0.427604,0.330093,0.029115,0.132831,0.484308,0.961367,0.411814,0.152815,0.668354,0.983955,0.731252,0.291234,0.465863,0.164292,0.225418,11.105732,15.870981,0.544997,0.157388,0.787438,0.815222,0.643854,0.647808,0.877050,0.929175,0.871248,0.410651,0.059243,11.307075,0.005754,0.029959,9.438454,0.004926,0.004933,0.000998,0.001851,11997368.106582,0.000000
-10686656.265343,1232802.771056,69817585.911867,55.253770,-0.107667,0.683412,0.976938,0.284005,0.117071,0.852045,0.725165,0.740878,0.337726,0.318249,0.320305,0.594929,0.415606,0.255059,0.369744,0.247956,0.590904,0.589560,0.090362,0.350689,0.707709,0.237241,0.932313,0.409040,0.303543,0.009633,0.693301,0.967662,0.960660,0.290637,0.466101,0.162346,0.106699,8.794033,19.732102,0.391552,0.256248,0.773465,0.796487,0.581465,0.597747,0.790348,0.837559,0.864732,0.337581,0.052061,24.746230,0.007463,0.005515,0.107667,0.004398,0.004425,0.000708,0.002141,10686656.265343,0.000000
-10962586.827573,1348181.060949,64318988.613028,43.600664,-0.324886,0.744249,0.761193,0.702239,0.078545,0.805027,0.787957,0.667098,0.345716,0.312702,0.796589,0.572872,0.474422,0.260692,0.177194,0.215496,0.787746,0.653011,0.786258,0.582527,0.303376,0.110299,0.028930,0.307004,0.147017,0.023891,0.649516,0.860593,0.741345,0.452645,0.279912,0.158489,0.253001,13.966311,20.026510,0.572933,0.176273,0.650881,0.729716,0.569968,0.635974,0.793160,0.868325,0.277390,0.476304,0.426416,36.399336,0.002376,0.006165,6.955920,0.004424,0.004440,0.000798,0.002051,10962586.827573,0.000000
-7788256.052170,1322894.005374,56288460.255581,44.388205,-1.994661,0.801422,0.984283,0.361014,0.008221,0.770015,0.627611,0.394209,0.337726,0.275568,0.781740,0.583206,0.288619,0.318933,0.263280,0.890841,0.454010,0.600813,0.118288,0.545996,0.290762,0.235199,0.488789,0.985347,0.148502,0.045750,0.666255,0.967858,0.928356,0.449042,0.464987,0.162429,0.247911,11.132680,18.948913,0.632652,0.275216,0.806593,0.847568,0.704567,0.752302,0.888259,0.950006,0.863940,0.409867,0.054406,35.611795,0.004131,0.006184,2.310359,0.004671,0.004684,0.000876,0.001973,7788256.052170,0.000000
-10485973.734234,1404660.548113,61651422.806864,42.466834,-1.604749,0.798482,0.855142,0.705941,0.058992,0.706959,0.954314,0.659074,0.344284,0.203140,0.100914,0.747975,0.416637,0.893552,0.147381,0.234495,0.781312,0.454190,0.404329,0.137465,0.027516,0.222796,0.240322,0.388460,0.124437,0.045152,0.694386,0.943095,0.967242,0.229947,0.413834,0.157975,0.101368,12.948554,19.205495,0.666132,0.242458,0.677825,0.706216,0.447821,0.469938,0.658884,0.719102,0.799060,0.311976,0.158717,37.533166,0.002502,0.006258,10.057425,0.004794,0.004802,0.000671,0.002178,10485973.734234,0.000000
-17394877.792539,1466128.793161,108266814.456737,57.871423,-1.597671,0.848251,0.974734,0.724424,0.078528,0.792091,0.587280,0.402919,0.155151,0.314930,0.779678,0.757994,0.389851,0.291669,0.176398,0.424742,0.780381,0.768275,0.967229,0.307134,0.518918,0.190755,0.804300,0.106562,0.277914,0.153832,0.698492,0.985227,0.733007,0.524054,0.466045,0.114506,0.249001,9.933081,15.539484,0.644345,0.179159,0.594638,0.853227,0.488440,0.710906,0.434958,0.894313,0.797633,0.502158,0.059393,22.128577,0.002553,0.012343,9.559868,0.004896,0.004902,0.000907,0.001942,17394877.792539,0.000000
-20834349.023808,1494639.310633,101457279.768438,76.126482,-1.037388,0.712594,0.974543,0.490341,0.056287,0.157376,0.779875,0.448838,0.158069,0.209869,0.328257,0.749164,0.388676,0.327425,0.262257,0.468508,0.783338,0.362131,0.061004,0.430684,0.507193,0.221987,0.830195,0.542372,0.322790,0.584417,0.974702,0.991213,0.742625,0.998825,0.314579,0.261608,0.219317,7.361216,2.539694,0.111288,0.153564,0.581334,0.749250,0.517222,0.657201,0.724649,0.889898,0.645621,0.503790,0.499846,3.873518,0.005812,0.001011,4.062245,0.004057,0.004079,0.000508,0.002341,20834349.023808,0.000000
-10721942.690102,1348559.507855,71856038.575884,43.426666,-1.953630,0.796511,0.854777,0.812310,0.002319,0.774543,0.729657,0.399430,0.344118,0.327011,0.770319,0.583206,0.288619,0.320130,0.265677,0.235075,0.789516,0.580965,0.118224,0.288072,0.338495,0.230048,0.488918,0.974667,0.148502,0.008754,0.502803,0.996305,0.951270,0.208176,0.443131,0.164286,0.247911,11.242684,20.102213,0.974366,0.251397,0.735954,0.849914,0.640945,0.686090,0.793878,0.933212,0.858241,0.307887,0.113121,36.573334,0.001698,0.001781,8.083822,0.004615,0.004628,0.000855,0.001994,10721942.690102,0.000000
-21754473.372632,1503154.011883,118013292.995754,75.796298,-1.988947,0.799268,0.984905,0.493970,0.008258,0.578591,0.122121,0.439577,0.067574,0.275771,0.105255,0.681278,0.427912,0.284579,0.173886,0.979175,0.520222,0.338728,0.116445,0.547386,0.160919,0.231070,0.457743,0.389366,0.304985,0.632358,0.663874,0.967794,0.743130,0.450988,0.464037,0.186473,0.103397,9.287954,1.399069,0.197414,0.166176,0.643522,0.731362,0.528735,0.533516,0.618666,0.735460,0.863161,0.474924,0.056319,4.203702,0.004876,0.002379,4.994805,0.004300,0.004331,0.000629,0.002220,21754473.372632,0.000000
-20525078.436228,1682174.003728,97084270.740446,59.780937,-1.992845,0.799274,0.984283,0.812310,0.005307,0.770015,0.165488,0.399428,0.343263,0.347957,0.781740,0.760782,0.422601,0.300489,0.253304,0.921348,0.647950,0.585735,0.118288,0.545214,0.505880,0.233569,0.492756,0.967094,0.148502,0.637953,0.666255,0.968123,0.734263,0.230638,0.464531,0.164286,0.245056,12.355546,1.189342,0.413228,0.162435,0.685160,0.770749,0.564292,0.571669,0.757091,0.910306,0.863693,0.383560,0.055445,20.219063,0.002068,0.001591,5.117355,0.004316,0.004336,0.000586,0.002263,20525078.436228,0.000000
-8405689.246425,1438762.544200,59464306.466750,36.814287,-1.475211,0.745380,0.976989,0.373077,0.680154,0.779643,0.590017,0.935265,0.520490,0.275171,0.382182,0.584965,0.281078,0.305583,0.264554,0.467505,0.584430,0.590624,0.405658,0.343302,0.281133,0.464204,0.140821,0.393456,0.023739,0.148157,0.181243,0.937936,0.972141,0.452650,0.441046,0.190574,0.110905,12.162958,16.125338,0.292256,0.223524,0.723264,0.761363,0.551785,0.579914,0.739291,0.788463,0.771269,0.397448,0.092621,43.185713,0.000718,0.007647,4.992750,0.003370,0.003403,0.000223,0.002626,8405689.246425,0.000000
-13291534.931141,1274445.772202,68877986.592990,52.400829,-0.324556,0.739895,0.774611,0.702216,0.057747,0.655428,0.754191,0.744366,0.343109,0.354048,0.801168,0.670646,0.303336,0.282427,0.160911,0.245412,0.796841,0.592323,0.066049,0.588350,0.010710,0.464678,0.433145,0.929916,0.267108,0.010807,0.669384,0.860444,0.958283,0.630575,0.279929,0.171766,0.099548,11.308570,20.126215,0.753412,0.181655,0.642219,0.718333,0.564401,0.628194,0.756316,0.796079,0.277152,0.471531,0.572299,27.599171,0.002048,0.000955,7.318351,0.004640,0.004656,0.000837,0.002012,13291534.931141,0.000000
-14336474.584474,1599024.727263,66328859.818699,52.443739,-1.748021,0.902917,0.968105,0.489876,0.001449,0.575147,0.772037,0.664830,0.494969,0.307372,0.331340,0.572129,0.416749,0.347511,0.175245,0.881132,0.574855,0.325149,0.996807,0.086562,0.920427,0.235119,0.457872,0.396497,0.081411,0.621415,0.678342,0.996147,0.975127,0.286719,0.410367,0.157550,0.105608,11.479854,1.645098,0.297640,0.194060,0.629003,0.653545,0.381205,0.400329,0.579178,0.632353,0.825882,0.331899,0.191818,27.556261,0.005235,0.009296,9.743608,0.004439,0.004451,0.000739,0.002110,14336474.584474,0.000000
-7794321.589286,1651493.059149,51477422.909496,35.936901,-0.890290,0.916425,0.973196,0.371209,0.672265,0.801466,0.951513,0.986207,0.345886,0.328563,0.827417,0.594729,0.680410,0.886401,0.750725,0.466742,0.777210,0.774909,0.996864,0.438852,0.084637,0.455681,0.139220,0.690755,0.008788,0.165409,0.021970,0.952973,0.757286,0.457421,0.311190,0.325965,0.209615,12.417094,15.635183,0.211116,0.194727,0.742692,0.695664,0.624551,0.608407,0.885611,0.844642,0.589463,0.472391,0.323032,44.063099,0.005230,0.012610,9.053827,0.004341,0.004360,0.000695,0.002154,7794321.589286,0.000000
-5439374.084828,1450400.447046,42030136.921082,34.735134,-1.479794,0.927165,0.973062,0.373059,0.001688,0.835137,0.624540,0.886421,0.540023,0.403873,0.325841,0.570612,0.668808,0.901145,0.141555,0.478187,0.797443,0.600516,0.902989,0.340974,0.769997,0.235170,0.475131,0.380342,0.023670,0.043364,0.186914,0.931483,0.944580,0.450226,0.440736,0.195657,0.100751,11.685534,19.014316,0.746413,0.228949,0.703185,0.736635,0.517848,0.545263,0.681344,0.720221,0.772316,0.405155,0.090519,45.264866,0.003619,0.013485,9.520682,0.005096,0.005102,0.001086,0.001763,5439374.084828,0.000000
-12624637.828159,1808989.269531,71739566.610213,38.451656,-1.623800,0.906212,0.974614,0.879672,0.677239,0.223536,0.783900,0.891186,0.536443,0.282229,0.392737,0.566572,0.649321,0.907427,0.744065,0.256652,0.465400,0.579236,0.983006,0.453811,0.392157,0.234212,0.003381,0.395310,0.028305,0.210899,0.693873,0.929391,0.965538,0.477229,0.423639,0.332229,0.216108,14.534653,14.421998,0.290996,0.227375,0.741357,0.754231,0.613892,0.622114,0.889663,0.897385,0.802852,0.409115,0.128731,41.548344,0.005084,0.003556,10.455455,0.004228,0.004226,0.000529,0.002320,12624637.828159,0.000000
-6321316.032696,1478813.388495,48358440.341160,34.186416,-1.449638,0.743779,0.979646,0.273324,0.676264,0.780688,0.787487,0.649895,0.593963,0.284899,0.776546,0.753522,0.415428,0.277083,0.194422,0.892075,0.777461,0.653848,0.975244,0.307712,0.485523,0.107176,0.941317,0.392884,0.023829,0.011665,0.497960,0.931148,0.960724,0.465835,0.395943,0.272020,0.174218,9.280056,19.595682,0.310551,0.270076,0.793909,0.791443,0.651050,0.669208,0.904493,0.919001,0.765345,0.406178,0.199255,45.813584,0.000416,0.010279,2.123655,0.003399,0.003440,0.000097,0.002752,6321316.032696,0.000000
-6354122.848991,1248068.173863,53161293.451572,53.976915,-1.689577,0.738777,0.768468,0.292056,0.063727,0.780463,0.728430,0.937180,0.493288,0.598393,0.373946,0.619908,0.418042,0.328277,0.729354,0.469557,0.811402,0.567908,0.996567,0.266642,0.502095,0.109958,0.148452,0.297476,0.289632,0.009628,0.612822,0.962353,0.975501,0.461901,0.417627,0.161199,0.252326,12.024470,20.397382,0.173947,0.219851,0.801453,0.794003,0.711226,0.706009,0.880664,0.907697,0.815402,0.400008,0.158100,26.023085,0.009609,0.019022,2.827850,0.004511,0.004533,0.000752,0.002097,6354122.848991,0.000000
-8915934.451516,1334167.346686,56875483.901348,39.017159,-0.324556,0.740390,0.773285,0.702216,0.063283,0.654282,0.754191,0.744366,0.343109,0.445112,0.789114,0.691140,0.311639,0.282427,0.160911,0.215260,0.795802,0.591340,0.137526,0.588350,0.158071,0.464678,0.472259,0.399345,0.085380,0.023619,0.650271,0.860444,0.741283,0.631005,0.279929,0.162272,0.103390,11.436983,19.642321,0.842633,0.197023,0.681428,0.715839,0.596352,0.625385,0.766644,0.807634,0.277152,0.551423,0.572299,40.982841,0.002085,0.002424,7.368436,0.004637,0.004653,0.000817,0.002032,8915934.451516,0.000000
-15736373.303159,1230862.797793,88035197.615718,69.058677,-1.950150,0.796009,0.855304,0.493970,0.000040,0.578591,0.723619,0.439579,0.065930,0.354198,0.101787,0.581519,0.416749,0.782166,0.175245,0.222562,0.572389,0.334940,0.066550,0.288286,0.034804,0.231070,0.457433,0.373618,0.488509,0.010135,0.778262,0.996147,0.943761,0.674738,0.442637,0.157935,0.104025,10.871268,20.146354,0.540563,0.220494,0.728198,0.841320,0.655401,0.703355,0.794122,0.849958,0.857747,0.493933,0.114164,10.941323,0.004485,0.001506,7.441854,0.004887,0.004894,0.000799,0.002050,15736373.303159,0.000000
-6468845.985651,1273155.040525,43738006.611817,43.055235,-0.735599,0.795967,0.768961,0.281991,0.007156,0.769310,0.784625,0.924926,0.337696,0.188622,0.135517,0.574207,0.313461,0.313143,0.142753,0.245824,0.771924,0.454876,0.432601,0.314757,0.393405,0.222352,0.653889,0.373014,0.122842,0.070074,0.076003,0.943175,0.959967,0.456223,0.413839,0.261857,0.177881,10.031129,18.053796,0.493225,0.259137,0.809246,0.782557,0.706863,0.696123,0.922507,0.908024,0.799117,0.402651,0.158742,36.944765,0.003505,0.006842,0.735599,0.004411,0.004428,0.000715,0.002134,6468845.985651,0.000000
-9145283.996602,1609202.944180,58260843.595730,34.133819,-0.283404,0.905541,0.681588,0.874742,0.659184,0.779725,0.786856,0.930913,0.535776,0.335104,0.819585,0.447427,0.304293,0.885346,0.740645,0.211789,0.593910,0.315665,0.982927,0.453740,0.072658,0.233545,0.004375,0.949309,0.026604,0.007252,0.614797,0.864448,0.966140,0.476326,0.273975,0.332207,0.216040,13.136048,20.548530,0.189953,0.214363,0.663515,0.667959,0.568801,0.572918,0.803171,0.806668,0.246784,0.408572,0.417254,45.866181,0.001873,0.003766,4.775998,0.003316,0.003334,0.000313,0.002536,9145283.996602,0.000000
-6085009.267626,1511414.644801,41805911.569945,38.284777,-0.721594,0.914401,0.978258,0.282024,0.035222,0.223566,0.964348,0.678223,0.399882,0.285064,0.382880,0.760225,0.433654,0.907427,0.294824,0.257801,0.774776,0.579236,0.989206,0.438383,0.392388,0.124529,0.003241,0.397215,0.024308,0.219209,0.651471,0.929741,0.749007,0.714809,0.473060,0.325977,0.201965,13.213325,14.065270,0.195387,0.276747,0.835528,0.803034,0.729806,0.709701,0.946181,0.946513,0.853554,0.528347,0.022757,41.715223,0.010173,0.005702,0.721594,0.004213,0.004236,0.000616,0.002233,6085009.267626,0.000000
-12138569.264727,1490942.966995,75566662.487160,41.093393,-1.180461,0.685766,0.975019,0.924762,0.392662,0.813907,0.750555,0.664506,0.348311,0.293433,0.838827,0.569162,0.475695,0.890184,0.176819,0.202487,0.583993,0.322283,0.424060,0.436934,0.516939,0.104071,0.029550,0.306587,0.121047,0.002069,0.564798,0.847847,0.748755,0.250789,0.395843,0.297821,0.104595,14.198803,20.716096,0.571448,0.215943,0.657473,0.680048,0.431262,0.447988,0.645346,0.707325,0.692863,0.387316,0.159929,38.906607,0.000745,0.005268,9.393942,0.004561,0.004566,0.000578,0.002271,12138569.264727,0.000000
-3902601.425214,1388020.408615,28708763.266902,33.958768,-1.004966,0.905595,0.685019,0.277094,0.015236,0.207876,0.970158,0.932840,0.399966,0.285026,0.819585,0.760468,0.430011,0.886067,0.291132,0.214625,0.591134,0.315665,0.989127,0.438435,0.072658,0.227061,0.004375,0.952142,0.024270,0.007252,0.615274,0.865819,0.749545,0.708925,0.470061,0.325955,0.216343,12.862758,20.447142,0.266264,0.294563,0.863747,0.800458,0.758585,0.706624,0.965527,0.945828,0.817057,0.552704,0.002559,46.041232,0.011609,0.004083,1.004966,0.004430,0.004428,0.000816,0.002033,3902601.425214,0.000000
-14542835.944092,1724861.274060,70612416.838246,43.074704,-1.439555,0.740716,0.970023,0.882117,0.677239,0.179927,0.783898,0.660345,0.524941,0.341119,0.767341,0.760168,0.313476,0.780269,0.248715,0.389082,0.771433,0.309774,0.983007,0.453365,0.392819,0.236747,0.593864,0.389275,0.079862,0.218014,0.175592,0.937446,0.959577,0.597432,0.391476,0.331916,0.215155,11.385362,13.751464,0.333890,0.202721,0.734593,0.784295,0.644344,0.657976,0.896310,0.909029,0.762967,0.458103,0.214341,36.925296,0.000646,0.007024,12.804270,0.004322,0.004305,0.000545,0.002304,14542835.944092,0.000000
-10094907.124200,1522751.654824,71257147.901025,34.917346,-0.898211,0.738350,0.989894,0.856185,0.702510,0.820797,0.755032,0.635019,0.562564,0.320913,0.383285,0.740244,0.416861,0.291567,0.267388,0.469649,0.784239,0.621115,0.436190,0.409634,0.087328,0.450693,0.592640,0.278467,0.026035,0.042341,0.185835,0.952950,0.963502,0.721234,0.414045,0.157278,0.087599,10.846201,19.000821,0.744470,0.199778,0.641748,0.723530,0.550300,0.571996,0.487440,0.574164,0.592702,0.505219,0.162694,45.082654,0.000698,0.008809,11.027434,0.004714,0.004707,0.000572,0.002277,10094907.124200,0.000000
-4659985.996547,1440997.213651,35858232.310300,33.147152,-2.028263,0.655387,0.773951,0.343431,0.147277,0.180493,0.728859,0.696932,0.521203,0.230835,0.784446,0.693603,0.703653,0.901670,0.040228,0.882252,0.775973,0.544961,0.977464,0.300956,0.201413,0.199641,0.471804,0.395993,0.011041,0.012185,0.692774,0.962585,0.758517,0.472563,0.473703,0.289764,0.104378,11.123167,19.930808,0.437163,0.300641,0.753734,0.791879,0.582406,0.613675,0.788118,0.826768,0.868436,0.478375,0.034811,46.852848,0.000214,0.045232,5.827113,0.004692,0.004706,0.000876,0.001973,4659985.996547,0.000000
-19476951.487815,1615413.928438,86878036.435900,76.212847,-0.278828,0.661547,0.975654,0.726791,0.080224,0.647592,0.786605,0.404928,0.441671,0.312689,0.772271,0.723285,0.388621,0.910507,0.262931,0.430665,0.466703,0.583565,0.010625,0.451071,0.397603,0.222706,0.474894,0.096516,0.319995,0.598557,0.024251,0.852403,0.969354,0.992567,0.277778,0.332221,0.254417,12.090369,2.467925,0.105687,0.136174,0.549613,0.699461,0.469034,0.594238,0.673117,0.840370,0.243330,0.609061,0.418985,3.787153,0.003973,0.000375,10.252108,0.004268,0.004241,0.000177,0.002672,19476951.487815,0.000000
-9676645.628399,1410396.153944,61822772.384650,38.975965,-0.216893,0.794235,0.755890,0.806657,0.127546,0.173014,0.723675,0.675903,0.517781,0.194088,0.789224,0.570876,0.472057,0.270600,0.151991,0.241380,0.464910,0.614813,0.995510,0.282809,0.703090,0.124190,0.503700,0.909731,0.079383,0.041437,0.063969,0.855508,0.969844,0.234260,0.269933,0.259275,0.255093,11.444940,19.080163,0.537080,0.209680,0.645654,0.710592,0.560366,0.614838,0.782613,0.847514,0.194984,0.312936,0.265442,41.024035,0.001728,0.004276,5.000476,0.004293,0.004306,0.000771,0.002078,9676645.628399,0.000000
-6694977.852888,1362417.512760,45035649.521633,38.964727,-0.478846,0.794235,0.978484,0.279510,0.379483,0.233738,0.724397,0.940353,0.517557,0.197361,0.775318,0.748227,0.473333,0.270795,0.710332,0.241380,0.591970,0.618603,0.993914,0.295775,0.303731,0.108419,0.503700,0.316158,0.079383,0.040946,0.627988,0.961956,0.962339,0.240598,0.261597,0.152223,0.257513,11.009482,19.071957,0.130269,0.211133,0.736198,0.698593,0.645213,0.614285,0.863536,0.825919,0.380502,0.317511,0.259926,41.035273,0.006651,0.005234,1.344844,0.003457,0.003495,0.000151,0.002698,6694977.852888,0.000000
-8550350.210863,1429581.061366,54408774.773556,38.250408,-1.914120,0.743185,0.681673,0.730956,0.129319,0.767034,0.729004,0.667895,0.339802,0.202962,0.758193,0.449245,0.459681,0.781013,0.365253,0.323250,0.788715,0.594864,0.699337,0.292971,0.494175,0.111122,0.865914,0.313786,0.076031,0.017588,0.680103,0.937917,0.955990,0.291126,0.467332,0.157770,0.251119,9.291115,19.497765,0.373505,0.263068,0.808652,0.833339,0.678776,0.692626,0.893619,0.944447,0.852529,0.339124,0.037376,41.749592,0.007763,0.010668,3.526779,0.003833,0.003851,0.000543,0.002306,8550350.210863,0.000000
-6194156.567408,1591388.821118,46757473.410158,32.486615,-1.933954,0.914318,0.686321,0.879746,0.064438,0.264614,0.818794,0.980327,0.270260,0.350458,0.848951,0.694474,0.683109,0.770655,0.360644,0.887923,0.788795,0.595789,0.925599,0.434949,0.493686,0.228942,0.159113,0.381856,0.003060,0.011959,0.612382,0.952867,0.747942,0.985234,0.467321,0.160062,0.313872,13.270435,20.249462,0.457143,0.229216,0.795840,0.794267,0.656359,0.677226,0.872091,0.883801,0.855425,0.519494,0.043528,47.513385,0.012017,0.026042,6.311787,0.004210,0.004227,0.000795,0.002054,6194156.567408,0.000000
-10377864.882512,1426259.965395,63854749.137510,42.102913,-1.594361,0.952029,0.856456,0.706074,0.063676,0.708066,0.952904,0.669296,0.480415,0.364653,0.099801,0.749817,0.416637,0.893552,0.181917,0.232566,0.781312,0.579245,0.404329,0.130503,0.027516,0.192383,0.200874,0.307205,0.124437,0.030893,0.692302,0.929293,0.954824,0.253588,0.419037,0.157852,0.101368,13.180678,19.681253,0.707803,0.233194,0.666919,0.692673,0.440885,0.460726,0.634510,0.694523,0.796962,0.324727,0.139698,37.897087,0.003487,0.004581,12.929649,0.004845,0.004852,0.000876,0.001973,10377864.882512,0.000000
-15298080.417604,1628554.741245,73119979.509948,52.167037,-0.733633,0.740019,0.972372,0.489516,0.001354,0.654563,0.754919,0.439171,0.493344,0.323235,0.809453,0.828404,0.416749,0.920027,0.187397,0.225896,0.572654,0.591929,0.980510,0.120127,0.161520,0.231393,0.457872,0.373734,0.079621,0.617369,0.645117,0.996179,0.944710,0.623335,0.277524,0.158371,0.105410,11.990329,1.763137,0.254465,0.163117,0.647973,0.714238,0.532283,0.544664,0.618656,0.669910,0.519839,0.473340,0.671387,27.832963,0.005892,0.004781,10.257770,0.004491,0.004485,0.000544,0.002305,15298080.417604,0.000000
-5898552.900564,1293409.635853,49763345.986838,38.287877,-1.608010,0.746668,0.775118,0.482531,0.056340,0.574695,0.722576,0.432939,0.243763,0.321702,0.809653,0.582894,0.311639,0.273229,0.161000,0.215336,0.574289,0.595886,0.014932,0.287439,0.054391,0.240561,0.434090,0.399418,0.079599,0.011271,0.185346,0.993148,0.941330,0.293681,0.390623,0.330276,0.105886,11.294857,19.998020,0.923713,0.297468,0.768844,0.816772,0.569817,0.608555,0.814530,0.871498,0.799714,0.344409,0.243463,41.712123,0.002965,0.000235,5.333948,0.004677,0.004680,0.000911,0.001938,5898552.900564,0.000000
-6294323.233198,1482301.699442,42737765.855748,35.468406,-0.277377,0.933576,0.960414,0.285440,0.379632,0.798364,0.950955,0.796418,0.517814,0.210876,0.795218,0.754596,0.298140,0.282660,0.827570,0.400305,0.806376,0.765010,0.962339,0.747825,0.508519,0.113193,0.021399,0.923797,0.034847,0.041428,0.641987,0.851583,0.962235,0.282684,0.277914,0.258534,0.255717,13.164991,19.457051,0.146650,0.222548,0.733902,0.665126,0.631863,0.575024,0.872496,0.806603,0.242231,0.334013,0.296357,44.531594,0.003497,0.010048,0.835295,0.003447,0.003499,0.000144,0.002705,6294323.233198,0.000000
-10544353.901242,1423799.749183,69255401.913766,38.975965,-0.201375,0.794235,0.978484,0.806657,0.368964,0.227687,0.724397,0.677666,0.514455,0.193387,0.192890,0.570876,0.311572,0.270600,0.151991,0.236085,0.586854,0.619248,0.995368,0.295613,0.300874,0.124190,0.503700,0.294029,0.079383,0.041437,0.063969,0.850764,0.962376,0.234260,0.269933,0.156115,0.214648,11.548681,19.101851,0.696738,0.167679,0.610226,0.712331,0.526344,0.617975,0.583393,0.777054,0.182394,0.315019,0.456931,41.024035,0.000619,0.004631,9.880809,0.004675,0.004679,0.000583,0.002266,10544353.901242,0.000000
-14182601.474655,1692605.745279,65721407.090457,51.855262,-1.844530,0.902917,0.972372,0.489516,0.001354,0.574799,0.723105,0.663614,0.491258,0.348931,0.809453,0.639401,0.416749,0.920009,0.140383,0.264942,0.574855,0.595899,0.980454,0.747937,0.908752,0.231393,0.457872,0.399822,0.076782,0.616473,0.643928,0.998370,0.944710,0.286719,0.424411,0.326576,0.105410,12.007192,1.804276,0.180773,0.219179,0.620892,0.641702,0.376503,0.392660,0.601552,0.644656,0.841900,0.340673,0.157726,28.144738,0.003578,0.004554,11.101976,0.004387,0.004379,0.000765,0.002084,14182601.474655,0.000000
-9903287.144003,1739883.129978,64293676.646273,34.752576,-1.964599,0.914522,0.975651,0.883712,0.677239,0.262543,0.774627,0.977786,0.539668,0.321769,0.851201,0.612122,0.356813,0.882674,0.247270,0.456098,0.752619,0.570539,0.930343,0.859051,0.396889,0.233389,0.476419,0.090456,0.024403,0.041449,0.190486,0.952750,0.960983,0.989004,0.467978,0.444793,0.105881,11.648599,19.150933,0.491010,0.267951,0.743217,0.756716,0.631286,0.641265,0.679296,0.693525,0.859788,0.603235,0.042164,45.247424,0.000639,0.012342,11.899496,0.004564,0.004564,0.000845,0.002004,9903287.144003,0.000000
-3853611.015040,1327276.203320,36278129.510502,33.977033,-1.158447,0.743185,0.681673,0.284000,0.070957,0.651696,0.692242,0.651797,0.245768,0.321515,0.795497,0.579117,0.459705,0.782703,0.161170,0.242658,0.568866,0.591946,0.024710,0.287433,0.058038,0.240431,0.866973,0.945090,0.021499,0.010689,0.563497,0.967643,0.940977,0.448375,0.467332,0.157882,0.248097,8.824038,19.625175,0.526847,0.298279,0.829295,0.841088,0.716059,0.747481,0.897374,0.921353,0.865683,0.405570,0.049562,46.022967,0.002691,0.000736,1.158447,0.004624,0.004624,0.000873,0.001976,3853611.015040,0.000000
-4694158.093807,1313101.334136,34867385.724814,36.026749,-0.583762,0.686054,0.846089,0.300774,0.042623,0.150961,0.950840,0.741196,0.342964,0.316826,0.839785,0.586053,0.410972,0.878369,0.152106,0.213065,0.469665,0.586102,0.015476,0.774044,0.508556,0.103771,0.458811,0.692717,0.049195,0.012427,0.563671,0.876304,0.967913,0.228617,0.397554,0.261656,0.104229,11.296041,19.923080,0.360834,0.295053,0.747346,0.781811,0.530341,0.575800,0.802352,0.854768,0.723247,0.311269,0.168996,43.973251,0.002964,0.001036,0.583762,0.004506,0.004506,0.000835,0.002014,4694158.093807,0.000000
-16536716.350834,1570237.203293,73023217.851467,56.234863,-0.095289,0.741234,0.976476,0.638238,0.057414,0.646673,0.933697,0.425963,0.542475,0.311219,0.782321,0.754269,0.291097,0.291608,0.262482,0.434109,0.787442,0.682557,0.405954,0.857127,0.064719,0.212426,0.040793,0.095108,0.124693,0.598669,0.155355,0.932038,0.738907,0.255319,0.302432,0.158085,0.105617,13.795219,2.718395,0.264131,0.101923,0.575532,0.613691,0.323809,0.338298,0.517561,0.581975,0.090890,0.392585,0.515631,23.765137,0.001330,0.015740,11.226927,0.004328,0.004347,0.000518,0.002331,16536716.350834,0.000000
-19975528.423401,1584420.032699,121360401.329097,75.588541,-1.548851,0.848501,0.974543,0.724412,0.152587,0.156530,0.731308,0.133959,0.157999,0.596386,0.385123,0.757945,0.473174,0.291509,0.187613,0.424324,0.790267,0.771907,0.051770,0.269957,0.514888,0.222309,0.002318,0.096646,0.322790,0.575926,0.980196,0.962723,0.742625,0.998825,0.395904,0.261608,0.173451,13.923568,3.499482,0.375566,0.165066,0.588751,0.808896,0.527326,0.709964,0.768805,0.918373,0.787508,0.513867,0.214363,4.411459,0.002178,0.000153,11.214491,0.004451,0.004469,0.000532,0.002317,19975528.423401,0.000000
-14817646.344238,1870996.085449,95087320.220078,44.748805,-1.926945,0.907148,0.974609,0.747672,0.001249,0.162107,0.784584,0.397410,0.443399,0.319082,0.795518,0.756834,0.699774,0.910796,0.072622,0.893619,0.585565,0.602517,0.983021,0.299071,0.337804,0.232103,0.474567,0.399719,0.010912,0.598774,0.247941,0.941864,0.965086,0.471405,0.467394,0.288456,0.215824,13.054349,2.313054,0.334982,0.204054,0.697159,0.765896,0.593080,0.600986,0.859880,0.890002,0.854408,0.406981,0.038871,35.251195,0.001255,0.015579,12.415489,0.004480,0.004487,0.000800,0.002049,14817646.344238,0.000000
-11756739.695567,1357415.344191,71347824.194742,43.000647,-1.607454,0.795967,0.773244,0.694326,0.380127,0.769310,0.784625,0.661628,0.350173,0.199479,0.807095,0.432224,0.313457,0.313143,0.143559,0.245824,0.741985,0.454876,0.056767,0.314757,0.395154,0.222352,0.648552,0.387894,0.122049,0.070420,0.076003,0.943943,0.959967,0.458632,0.413839,0.261773,0.177773,10.201269,18.092619,0.606557,0.241726,0.726946,0.806195,0.640786,0.700495,0.853508,0.927238,0.799603,0.403595,0.159093,36.999353,0.000542,0.000671,6.531616,0.003908,0.003933,0.000573,0.002276,11756739.695567,0.000000
-5215684.363461,1244851.191200,38104703.031662,38.257423,-0.321960,0.739895,0.769002,0.289880,0.057761,0.654184,0.754191,0.937180,0.337495,0.199042,0.117644,0.582784,0.311361,0.270717,0.160215,0.215223,0.792880,0.591101,0.421882,0.588350,0.032303,0.464678,0.471706,0.378850,0.079485,0.009979,0.640586,0.859676,0.741283,0.235473,0.280014,0.162272,0.104017,10.513947,20.003386,0.440353,0.215779,0.749208,0.706766,0.530516,0.573909,0.793339,0.845682,0.275898,0.383274,0.571402,41.742577,0.002911,0.006414,0.321960,0.004293,0.004311,0.000652,0.002197,5215684.363461,0.000000
-14954182.139164,1363108.744080,76356633.010803,55.162934,-1.493359,0.695875,0.683030,0.866460,0.145623,0.193766,0.745911,0.357263,0.403155,0.357265,0.237641,0.593991,0.312676,0.902504,0.140106,0.323188,0.781256,0.579520,0.393844,0.428858,0.507698,0.215519,0.881012,0.314845,0.303289,0.007917,0.608984,0.852102,0.960200,0.649975,0.442838,0.163234,0.200767,9.150050,19.882991,0.256076,0.192929,0.733676,0.840950,0.650807,0.730811,0.819444,0.943278,0.775383,0.478476,0.051742,24.837066,0.001364,0.009673,4.071691,0.004086,0.004101,0.000442,0.002407,14954182.139164,0.000000
-10099955.928512,1378467.907500,62047719.019762,42.463123,-1.573012,0.960547,0.856286,0.708707,0.058922,0.708066,0.952904,0.669693,0.236777,0.405824,0.100914,0.747975,0.415961,0.263641,0.147344,0.234495,0.789975,0.596944,0.404407,0.134434,0.028879,0.192482,0.227814,0.308378,0.124437,0.045115,0.694386,0.929293,0.967285,0.278169,0.415692,0.157975,0.101368,13.024688,19.210464,1.004951,0.250050,0.704014,0.733545,0.490327,0.513245,0.690428,0.748940,0.792580,0.330801,0.147838,37.536877,0.002384,0.004578,13.103812,0.004817,0.004828,0.000869,0.001980,10099955.928512,0.000000
-17587100.818361,2006893.513866,75421426.845925,46.791416,-1.918088,0.919391,0.969822,0.896470,0.677314,0.182538,0.774387,0.660412,0.525400,0.321227,0.811161,0.760165,0.313476,0.776883,0.250686,0.451784,0.771433,0.309774,0.983007,0.456641,0.392819,0.455758,0.475416,0.088342,0.025575,0.625638,0.126256,0.937453,0.959577,0.597432,0.468275,0.332229,0.212319,11.909901,1.563711,0.143406,0.172456,0.734810,0.742831,0.587843,0.593537,0.855259,0.862367,0.853112,0.458103,0.035309,33.208584,0.000655,0.006630,12.645654,0.003621,0.003606,0.000351,0.002498,17587100.818361,0.000000
-17645547.535566,1745331.263940,76973850.481187,52.373096,-0.822224,0.900468,0.970683,0.854233,0.069537,0.775685,0.736835,0.671351,0.472262,0.210372,0.140247,0.641687,0.389263,0.257081,0.197697,0.387261,0.776997,0.598868,0.991720,0.298160,0.019425,0.212098,0.476728,0.258233,0.079776,0.625503,0.606403,0.996225,0.960287,0.959068,0.287402,0.189844,0.215508,12.398110,1.559647,0.328087,0.156033,0.644253,0.694004,0.562154,0.603998,0.781083,0.831604,0.560547,0.586118,0.622859,27.626904,0.001277,0.009488,10.414242,0.003965,0.003983,0.000233,0.002616,17645547.535566,0.000000
-15409127.429865,1636826.349115,70637933.018381,52.634020,-1.830568,0.902917,0.972372,0.489516,0.001354,0.574799,0.934064,0.439191,0.493344,0.323235,0.809453,0.828514,0.416749,0.920027,0.175245,0.214540,0.574855,0.595899,0.019512,0.870505,0.161520,0.231393,0.457872,0.399822,0.079621,0.637771,0.643967,0.997233,0.969009,0.286740,0.422752,0.158371,0.105410,11.923959,1.148638,0.250314,0.192259,0.619277,0.642642,0.368437,0.386263,0.556300,0.619593,0.839678,0.333655,0.161256,27.365980,0.005239,0.000408,10.011396,0.004435,0.004433,0.000772,0.002077,15409127.429865,0.000000
-21754891.552794,1635413.713928,124486215.021810,75.496881,-1.019230,0.848862,0.974543,0.724412,0.076325,0.160785,0.149160,0.402839,0.157999,0.209869,0.781847,0.566489,0.676439,0.303115,0.262257,0.388050,0.783351,0.764093,0.410425,0.430684,0.505989,0.222309,0.803668,0.096646,0.322790,0.575926,0.974702,0.985355,0.932780,0.993640,0.314579,0.256744,0.248832,9.621526,2.870793,0.269376,0.145271,0.498850,0.788932,0.445174,0.686744,0.619961,0.919227,0.639127,0.579606,0.496445,4.503119,0.003808,0.010567,4.927453,0.004195,0.004210,0.000651,0.002198,21754891.552794,0.000000
-17894513.675990,1595119.513707,86137248.000666,48.816051,-0.785964,0.742987,0.984458,0.657371,0.057471,0.769447,0.944512,0.425963,0.343486,0.311219,0.782321,0.754406,0.291097,0.300466,0.262991,0.432462,0.466703,0.683087,0.002651,0.859478,0.507288,0.212483,0.476716,0.094126,0.050867,0.598705,0.655855,0.932038,0.969440,0.255319,0.306579,0.164309,0.105625,12.377964,2.284625,0.404963,0.182373,0.609106,0.670540,0.383489,0.407167,0.577961,0.671303,0.544320,0.321267,0.498132,31.183949,0.001209,0.000081,11.303228,0.004355,0.004355,0.000424,0.002425,17894513.675990,0.000000
-19813841.287539,1620869.841183,92312249.380336,59.780017,-0.225380,0.797521,0.974514,0.680256,0.005307,0.647241,0.154502,0.399428,0.345606,0.347957,0.781740,0.760645,0.422601,0.291631,0.252795,0.921348,0.647950,0.585206,0.118288,0.544437,0.063312,0.233512,0.492756,0.967094,0.148502,0.637917,0.165754,0.968123,0.734263,0.230638,0.465354,0.158062,0.245056,11.973459,1.162811,0.433182,0.125812,0.489135,0.787248,0.384245,0.587838,0.416178,0.881973,0.201787,0.383560,0.053769,20.219983,0.002810,0.002279,5.337547,0.004490,0.004506,0.000683,0.002166,19813841.287539,0.000000
-11315845.188911,1545083.127287,76735288.695175,36.757991,-1.503829,0.738166,0.976980,0.854705,0.680154,0.779643,0.590017,0.935265,0.520490,0.275171,0.382182,0.584965,0.415842,0.291303,0.267455,0.467316,0.582134,0.590693,0.405464,0.341208,0.281089,0.464204,0.140821,0.286620,0.023739,0.145394,0.181243,0.937936,0.971563,0.732724,0.441046,0.190574,0.107762,13.608955,16.261731,0.610372,0.208080,0.667742,0.746182,0.577811,0.613473,0.671169,0.719503,0.777723,0.506855,0.092621,43.242009,0.000733,0.006684,7.559798,0.004363,0.004374,0.000405,0.002444,11315845.188911,0.000000
-1889365.371399,1249396.494750,49061605.781273,54.263352,-1.832241,0.743302,0.768468,0.282292,0.063727,0.805088,0.728430,0.939217,0.743024,0.600109,0.817034,0.753522,0.473210,0.333527,0.730749,0.452068,0.580362,0.771184,0.422243,0.265970,0.502095,0.453341,0.148452,0.309291,0.293280,0.010006,0.612870,0.962353,0.960112,0.461901,0.440531,0.260962,0.252423,11.047414,20.396179,0.232710,0.241950,0.817827,0.787736,0.724792,0.700183,0.951426,0.935429,0.839946,0.404830,0.104316,25.736648,0.011181,0.014147,2.294991,0.004585,0.004609,0.000817,0.002032,1889365.371399,0.000000
-5210639.330786,1460189.113056,40171044.841375,32.869413,-0.983745,0.683370,0.790453,0.233062,0.672331,0.780444,0.930300,0.664813,0.342149,0.334090,0.374357,0.567399,0.430096,0.887620,0.729358,0.461365,0.824388,0.551764,0.990851,0.782797,0.924414,0.112293,0.155417,0.402868,0.008763,0.009633,0.614290,0.853286,0.975363,0.451522,0.396052,0.160738,0.222590,12.667821,20.280158,0.070387,0.245065,0.810994,0.783112,0.688563,0.687641,0.900306,0.917956,0.698707,0.396009,0.161972,47.130587,0.004945,0.020957,0.983745,0.003172,0.003207,0.000033,0.002816,5210639.330786,0.000000
-7994106.625227,1650939.656076,56805251.215615,35.286189,-1.937599,0.914147,0.777652,0.879746,0.049500,0.247681,0.754315,0.980354,0.260088,0.350410,0.848951,0.671116,0.678642,0.268578,0.871897,0.242426,0.777207,0.574733,0.928172,0.434949,0.012132,0.227026,0.158855,0.381856,0.001439,0.162813,0.669674,0.952719,0.747942,0.985234,0.463330,0.331871,0.313872,13.700445,15.684283,0.465610,0.255285,0.794697,0.780958,0.700394,0.689293,0.941333,0.933722,0.855951,0.519548,0.051538,44.713811,0.001739,0.005161,7.124930,0.004215,0.004231,0.000766,0.002083,7994106.625227,0.000000
-6257287.854148,1382395.128356,41786305.765035,40.413190,-1.965964,0.546065,0.974491,0.408933,0.080190,0.142499,0.938758,0.997498,0.286700,0.357062,0.219666,0.695122,0.677240,0.926161,0.389410,0.892584,0.772775,0.580437,0.998775,0.293778,0.024754,0.229927,0.059875,0.554025,0.106101,0.019955,0.695580,0.959504,0.742702,0.666594,0.464547,0.158230,0.104595,13.414193,20.093635,0.445187,0.244094,0.771860,0.793405,0.627909,0.645276,0.766594,0.779482,0.859979,0.515049,0.051860,39.586810,0.012511,0.032260,7.738309,0.004957,0.004947,0.000782,0.002067,6257287.854148,0.000000
-21614631.612912,1937287.284016,102175723.171595,52.159391,-2.199852,0.950268,0.976198,0.871168,0.670772,0.872586,0.730504,0.340233,0.250732,0.318641,0.774381,0.840090,0.475850,0.247245,0.250347,0.457948,0.777608,0.764605,0.886790,0.450782,0.335389,0.212192,0.486384,0.399008,0.076905,0.629024,0.647739,0.986559,0.965164,0.998820,0.490977,0.190555,0.216244,12.297457,1.454469,0.205587,0.190254,0.711832,0.816573,0.632584,0.705303,0.829366,0.906620,0.889180,0.591705,0.011328,27.840609,0.000663,0.011126,12.212764,0.004013,0.004033,0.000492,0.002357,21614631.612912,0.000000
-12568162.647654,1462901.095956,74482184.310044,48.188659,-1.557603,0.957715,0.970708,0.490352,0.065140,0.882263,0.728682,0.663838,0.238954,0.208224,0.101433,0.747085,0.464639,0.318399,0.147378,0.222614,0.801629,0.650979,0.070879,0.293089,0.271931,0.100002,0.500897,0.393431,0.124112,0.273686,0.679882,0.939301,0.955964,0.642904,0.408398,0.163949,0.221617,11.912482,12.084851,0.826718,0.231073,0.723742,0.782989,0.642952,0.692266,0.842624,0.925064,0.789360,0.477162,0.170626,31.811341,0.002399,0.001412,8.660252,0.004815,0.004834,0.000829,0.002020,12568162.647654,0.000000
-8603991.416245,1421061.957497,59119568.001557,38.551681,-1.638049,0.738591,0.759905,0.714886,0.065177,0.781636,0.754819,0.665932,0.492537,0.597479,0.356637,0.598319,0.417527,0.910823,0.174672,0.233839,0.784471,0.621470,0.439980,0.341321,0.707087,0.109947,0.581993,0.287080,0.073339,0.042481,0.612816,0.852406,0.733754,0.447239,0.467148,0.164265,0.107638,11.030750,18.989324,0.509653,0.219560,0.725967,0.753532,0.546125,0.567557,0.722206,0.769681,0.805641,0.476839,0.002676,41.448319,0.003215,0.006825,6.056703,0.004444,0.004456,0.000656,0.002193,8603991.416245,0.000000
-4026268.986456,1344470.047621,36375218.017259,33.816336,-2.010581,0.745313,0.681903,0.274852,0.070957,0.798198,0.581951,0.665909,0.329592,0.274656,0.795190,0.575329,0.416119,0.780414,0.364957,0.134719,0.584534,0.594046,0.396108,0.359477,0.284258,0.118869,0.129730,0.283702,0.021729,0.008504,0.617356,0.967783,0.975593,0.453211,0.467782,0.164286,0.252329,12.761037,20.299754,0.402466,0.304612,0.840793,0.838909,0.730592,0.745248,0.910192,0.929597,0.866089,0.396595,0.048712,46.183664,0.011764,0.002735,2.347118,0.004627,0.004627,0.000863,0.001986,4026268.986456,0.000000
-8532881.922523,1466412.624257,80821456.202398,38.051021,-1.975815,0.696407,0.970160,0.868045,0.635891,0.228206,0.761219,0.047900,0.516246,0.318561,0.804685,0.627940,0.330536,0.325688,0.157499,0.545930,0.578994,0.597218,0.053140,0.295667,0.764257,0.122505,0.163679,0.955563,0.077728,0.009487,0.630431,0.961465,0.786606,0.967350,0.465186,0.262637,0.238694,13.310480,20.342955,0.924495,0.266447,0.738371,0.844290,0.658510,0.746196,0.908065,0.964778,0.861352,0.531537,0.051369,41.948979,0.000316,0.000262,9.722711,0.004711,0.004719,0.000746,0.002103,8532881.922523,0.000000
-10805770.925241,1341603.696670,61538166.810088,53.725519,-1.551003,0.739921,0.768468,0.714886,0.074801,0.780463,0.728430,0.665368,0.492537,0.595403,0.361988,0.620873,0.417970,0.783015,0.748492,0.233018,0.812014,0.572133,0.382366,0.333517,0.704362,0.109947,0.147747,0.423654,0.289674,0.001765,0.612740,0.962351,0.955838,0.453094,0.396400,0.164274,0.252096,12.934246,20.674356,0.356134,0.192428,0.773359,0.809151,0.686016,0.715971,0.869231,0.934015,0.787965,0.402724,0.212845,26.274481,0.006122,0.007136,6.032734,0.004554,0.004566,0.000711,0.002138,10805770.925241,0.000000
-4373410.198520,1356849.758852,45254722.245757,33.154539,-1.378417,0.532932,0.967475,0.493970,0.040072,0.244220,0.723619,0.439579,0.331879,0.313795,0.092680,0.581044,0.416749,0.782166,0.175245,0.222562,0.808648,0.339549,0.066550,0.288286,0.034804,0.231070,0.072114,0.371731,0.012621,0.010135,0.647704,0.997972,0.958573,0.674738,0.355931,0.159921,0.104039,13.688991,20.314596,0.862478,0.277023,0.792115,0.811429,0.650937,0.682388,0.790200,0.836462,0.748023,0.488743,0.351567,46.845461,0.003857,0.001576,2.950094,0.004420,0.004396,0.000305,0.002544,4373410.198520,0.000000
-18493982.987601,1437712.577757,82105029.863918,68.271120,-1.893871,0.739369,0.974584,0.494492,0.000164,0.819908,0.723036,0.448069,0.346126,0.303757,0.365924,0.572286,0.316769,0.333139,0.372458,0.392329,0.780371,0.596592,0.362928,0.027239,0.505820,0.132756,0.795073,0.167501,0.299425,0.417354,0.693325,0.933328,0.959176,0.314759,0.466340,0.158374,0.238860,9.778720,7.594471,0.357300,0.190347,0.743004,0.827004,0.661675,0.672768,0.826247,0.941819,0.849512,0.347462,0.037475,11.728880,0.003354,0.003945,8.253873,0.004579,0.004592,0.000587,0.002262,18493982.987601,0.000000
-9736515.493005,1446893.092165,58911226.687160,42.374233,-1.375949,0.794180,0.986225,0.692765,0.000857,0.706751,0.997176,0.664647,0.346618,0.080340,0.818261,0.568621,0.411063,0.774652,0.753226,0.163892,0.803351,0.820996,0.874243,0.174578,0.716916,0.113208,0.140037,0.408302,0.126842,0.034964,0.641330,0.973123,0.959762,0.292159,0.466752,0.091179,0.225633,13.549252,19.606129,0.713371,0.223907,0.734444,0.811219,0.621504,0.649714,0.616624,0.737850,0.747400,0.338437,0.052983,37.625767,0.004938,0.003904,12.991431,0.004918,0.004920,0.000904,0.001945,9736515.493005,0.000000
-14976245.588519,1275760.357463,73872961.591552,56.378561,-1.575963,0.695875,0.678670,0.701069,0.145553,0.193766,0.954622,0.358554,0.405536,0.283702,0.237641,0.593991,0.312000,0.272595,0.140106,0.235068,0.789905,0.580771,0.393922,0.426090,0.508925,0.215682,0.873966,0.315082,0.303289,0.044859,0.564452,0.929963,0.967257,0.277395,0.415821,0.163234,0.200767,8.682935,18.737647,0.416743,0.211283,0.741116,0.830842,0.660348,0.683094,0.816390,0.940391,0.793192,0.330507,0.147827,23.621439,0.001365,0.007596,7.393127,0.004183,0.004205,0.000500,0.002349,14976245.588519,0.000000
-10428505.200289,1462259.400407,66021365.603967,41.544572,-1.490385,0.960547,0.860646,0.874099,0.058992,0.708066,0.744193,0.668403,0.234396,0.403205,0.100914,0.747975,0.416637,0.893552,0.147344,0.322615,0.781327,0.595693,0.404329,0.137202,0.027516,0.192319,0.234861,0.308142,0.124437,0.008172,0.694386,0.851432,0.998137,0.650748,0.442709,0.157975,0.101368,13.071064,20.350683,0.698112,0.236801,0.739483,0.757167,0.595412,0.607928,0.678759,0.722521,0.774714,0.465911,0.051727,38.455428,0.002501,0.006954,9.509572,0.004733,0.004740,0.000845,0.002004,10428505.200289,0.000000
-6343982.654043,1278475.875989,40818616.505474,42.076937,-0.586306,0.686054,0.847876,0.286928,0.061293,0.150961,0.728141,0.744181,0.336235,0.356365,0.839785,0.586053,0.411184,0.878369,0.364438,0.214712,0.571384,0.578748,0.417051,0.767952,0.508019,0.103771,0.027492,0.695858,0.130718,0.012427,0.563671,0.929282,0.748788,0.230444,0.392092,0.261656,0.121422,12.780356,20.312319,0.185823,0.261172,0.776214,0.806514,0.571148,0.600532,0.855730,0.886646,0.757767,0.378616,0.208746,37.923063,0.012517,0.005560,0.586306,0.004464,0.004464,0.000782,0.002067,6343982.654043,0.000000
-7709894.803977,1636223.536939,52716363.358782,33.541956,-1.623829,0.927444,0.974614,0.875906,0.022736,0.223536,0.783900,0.891186,0.540492,0.281228,0.392737,0.566572,0.668971,0.907427,0.744065,0.256652,0.465400,0.600355,0.983006,0.453836,0.392157,0.234212,0.004662,0.395310,0.010125,0.039838,0.695229,0.929456,0.965270,0.478336,0.423610,0.332229,0.215977,14.532538,19.547615,0.683619,0.265670,0.790016,0.759390,0.658930,0.668292,0.921438,0.917372,0.802858,0.409632,0.128827,46.458044,0.011429,0.003651,10.475270,0.004776,0.004772,0.000845,0.002004,7709894.803977,0.000000
-8998057.340072,1392413.470408,61188074.612952,41.989888,-2.048599,0.686076,0.768527,0.714886,0.007731,0.143753,0.728430,0.675521,0.489814,0.599895,0.356732,0.585365,0.417970,0.783015,0.752652,0.233839,0.789459,0.572369,0.383122,0.333517,0.707087,0.109947,0.147107,0.298804,0.130144,0.009616,0.612816,0.984477,0.960502,0.453094,0.465364,0.260743,0.106452,13.273538,20.360525,0.548296,0.280099,0.752376,0.775428,0.582377,0.599787,0.766669,0.805355,0.871085,0.401258,0.060478,38.010112,0.006344,0.007825,6.177683,0.004627,0.004637,0.000660,0.002189,8998057.340072,0.000000
-9780256.306162,1245857.458651,57744610.398230,53.284534,-1.208023,0.738788,0.763555,0.297813,0.065064,0.785335,0.955198,0.747554,0.298634,0.282666,0.834760,0.621560,0.410902,0.878369,0.177687,0.211589,0.812368,0.585867,0.439469,0.772469,0.508556,0.103771,0.023729,0.717998,0.280814,0.009815,0.563283,0.856073,0.736916,0.233330,0.395939,0.165187,0.221649,12.959419,20.460378,0.233706,0.189130,0.761130,0.785117,0.652259,0.691643,0.852802,0.913055,0.701213,0.383823,0.163589,26.715466,0.003315,0.006600,3.629454,0.004764,0.004762,0.000931,0.001918,9780256.306162,0.000000
-8981266.993650,1690274.181883,60700635.286143,34.996318,-1.953934,0.740745,0.985721,0.879222,0.656951,0.163598,0.818794,0.980354,0.334069,0.350410,0.375366,0.449741,0.685229,0.781351,0.885762,0.862213,0.478029,0.586724,0.925599,0.343161,0.807614,0.228932,0.154167,0.309884,0.036674,0.011036,0.695478,0.952867,0.743965,0.970167,0.466067,0.335282,0.251477,13.360028,20.328434,0.475803,0.245640,0.789795,0.777770,0.696396,0.686715,0.938898,0.932132,0.858285,0.517932,0.046051,45.003682,0.007457,0.009807,10.289307,0.004330,0.004323,0.000683,0.002166,8981266.993650,0.000000
-17684195.108651,1492023.630112,109876428.184760,57.958565,-1.931571,0.717232,0.986870,0.785926,0.059849,0.784794,0.756617,0.439110,0.155630,0.190736,0.317064,0.749214,0.316132,0.769375,0.364606,0.331095,0.927080,0.358653,0.996718,0.304840,0.711204,0.211708,0.062097,0.552288,0.277582,0.164067,0.698492,0.990118,0.734696,0.524054,0.442650,0.156070,0.218872,13.776193,15.843147,0.426667,0.180790,0.650266,0.833713,0.552788,0.692938,0.695977,0.935640,0.855080,0.501103,0.111541,22.041435,0.002275,0.009303,10.276454,0.004730,0.004704,0.000579,0.002270,17684195.108651,0.000000
-18187693.449308,1512820.589001,115296639.592453,57.958565,-1.931571,0.717232,0.986870,0.854388,0.059849,0.807013,0.756617,0.439110,0.155630,0.190736,0.317064,0.749214,0.316132,0.769375,0.364606,0.322370,0.927080,0.358653,0.999480,0.304840,0.711204,0.211708,0.062097,0.584046,0.277582,0.164067,0.698492,0.990118,0.734696,0.524054,0.442650,0.156070,0.218872,13.781202,15.854206,0.400885,0.176914,0.635691,0.827921,0.540198,0.686814,0.674730,0.931931,0.855080,0.501103,0.111541,22.041435,0.002053,0.008540,10.169920,0.004669,0.004643,0.000526,0.002323,18187693.449308,0.000000
-8103331.154170,1714911.271608,62652244.812301,32.991614,-1.897233,0.907626,0.974504,0.897716,0.677460,0.253339,0.592974,0.671222,0.329335,0.313826,0.804907,0.626767,0.466230,0.777659,0.839942,0.551166,0.805751,0.594733,0.698402,0.453779,0.079865,0.213468,0.074550,0.554845,0.010296,0.010710,0.651150,0.932467,0.958455,0.475350,0.467394,0.333576,0.101621,13.837441,20.391618,0.538846,0.269539,0.646769,0.668019,0.468190,0.484544,0.597595,0.646928,0.850017,0.410625,0.035019,47.008386,0.005463,0.013074,9.421554,0.004634,0.004635,0.000928,0.001921,8103331.154170,0.000000
-4329979.739445,1351682.745493,33413292.231912,34.443761,-1.576070,0.743185,0.681673,0.284000,0.034985,0.757640,0.925310,0.931658,0.291155,0.374956,0.319919,0.400585,0.671105,0.914723,0.361359,0.245558,0.573202,0.580087,0.983842,0.292615,0.474813,0.111624,0.865914,0.964564,0.021499,0.033724,0.563497,0.966593,0.964910,0.448375,0.398170,0.158001,0.252329,9.487307,18.935221,0.348211,0.270972,0.837677,0.776638,0.724793,0.690282,0.906582,0.886761,0.793214,0.398031,0.210091,45.556239,0.008924,0.005820,3.719304,0.004467,0.004472,0.000785,0.002064,4329979.739445,0.000000
-9389729.018954,1454396.256545,61655255.619215,38.008636,-1.667350,0.743185,0.679268,0.863857,0.070909,0.838552,0.693027,0.667867,0.543575,0.345619,0.787780,0.449245,0.459681,0.779836,0.364471,0.322364,0.797718,0.594864,0.691112,0.341077,0.497025,0.199077,0.865914,0.313786,0.075230,0.009609,0.610187,0.967643,0.954697,0.457441,0.411588,0.158087,0.237000,9.141567,19.758059,0.356689,0.237708,0.770940,0.813746,0.677721,0.707549,0.840907,0.923115,0.811253,0.404790,0.175594,41.991364,0.006806,0.010688,2.880420,0.003692,0.003705,0.000447,0.002402,9389729.018954,0.000000
-18644491.382562,1546181.302371,84322751.129889,74.313922,-1.499332,0.742359,0.974696,0.701428,0.080224,0.147814,0.935293,0.402217,0.441733,0.312921,0.387490,0.757301,0.656686,0.260585,0.175838,0.431448,0.466703,0.591726,0.010625,0.868310,0.337937,0.222309,0.476718,0.306063,0.290150,0.633748,0.649250,0.934130,0.966547,0.433770,0.402001,0.158026,0.225015,11.708768,1.381122,0.256744,0.145711,0.700999,0.787496,0.620244,0.652275,0.793921,0.919845,0.776721,0.391814,0.184673,5.686078,0.002278,0.000028,11.441117,0.004385,0.004360,0.000272,0.002577,18644491.382562,0.000000
-11195637.355201,1319323.190174,66129768.718128,43.649929,-0.320280,0.684492,0.761193,0.727602,0.078545,0.852003,0.788754,0.742568,0.345716,0.318203,0.796589,0.595323,0.471655,0.291715,0.260306,0.215496,0.787746,0.681930,0.064411,0.582527,0.296805,0.235917,0.022711,0.089210,0.147017,0.025847,0.640790,0.860634,0.744020,0.995645,0.279387,0.162297,0.107370,14.029863,19.965685,0.696473,0.185104,0.640392,0.704688,0.562376,0.616291,0.781652,0.825095,0.274054,0.552465,0.574987,36.350071,0.002651,0.001041,6.632467,0.004396,0.004416,0.000693,0.002156,11195637.355201,0.000000
-14185898.899644,1315014.448418,69405657.946002,54.352005,-1.325398,0.794180,0.776203,0.692765,0.001512,0.706751,0.938422,0.664647,0.345706,0.226091,0.362523,0.568621,0.291931,0.774652,0.753226,0.388027,0.787757,0.333833,0.365535,0.174428,0.506962,0.140520,0.142443,0.167724,0.288791,0.023246,0.641330,0.973123,0.958988,0.292159,0.466072,0.089234,0.099360,12.854290,20.005532,0.402321,0.198307,0.702916,0.721247,0.493927,0.506643,0.476671,0.712211,0.734303,0.338660,0.054364,25.647995,0.002838,0.009478,10.121409,0.004508,0.004522,0.000820,0.002029,14185898.899644,0.000000
-7606040.362028,1581135.959516,55720664.437726,33.452115,-1.944028,0.893255,0.970478,0.870727,0.064949,0.141947,0.625221,0.696979,0.571638,0.246722,0.391055,0.699378,0.428678,0.894925,0.371204,0.332084,0.474593,0.600081,0.977459,0.293075,0.024898,0.113958,0.201717,0.303371,0.011043,0.029994,0.681711,0.934154,0.954555,0.635764,0.474630,0.150578,0.238347,13.396896,19.677861,0.754839,0.248620,0.805875,0.821823,0.697207,0.719599,0.876022,0.932959,0.856874,0.474844,0.021498,46.547885,0.004862,0.006008,9.175822,0.004920,0.004918,0.000856,0.001993,7606040.362028,0.000000
-19368984.198894,1532993.433698,86566515.681766,76.509159,-0.320912,0.753230,0.972868,0.742233,0.080572,0.147814,0.786818,0.404928,0.441733,0.312314,0.785619,0.757301,0.388621,0.281997,0.262482,0.430633,0.574611,0.582813,0.030405,0.451071,0.337937,0.222309,0.479204,0.096516,0.322790,0.598865,0.024251,0.951806,0.967944,0.992610,0.278947,0.153682,0.248859,11.498812,2.449313,0.305849,0.098273,0.522869,0.708968,0.444898,0.601093,0.441179,0.745624,0.274513,0.606343,0.635689,3.490841,0.002235,0.000510,12.539452,0.004486,0.004502,0.000498,0.002351,19368984.198894,0.000000
-4466970.728114,1433508.159587,36143791.881606,34.083376,-1.491762,0.794105,0.987532,0.389223,0.006415,0.137194,0.749671,0.997021,0.329340,0.356972,0.219726,0.567719,0.686131,0.788852,0.372294,0.389119,0.467292,0.771434,0.946829,0.291417,0.167268,0.319832,0.183545,0.373133,0.022060,0.019955,0.744932,0.854193,0.752145,0.667168,0.441447,0.330599,0.121804,12.976064,19.945260,0.557560,0.281764,0.808289,0.774414,0.669834,0.681823,0.866783,0.882387,0.775024,0.558293,0.055606,45.916624,0.009348,0.007620,6.432961,0.004969,0.004979,0.000976,0.001873,4466970.728114,0.000000
-6069270.805649,1496003.531838,43535081.286974,34.486775,-1.537433,0.908747,0.972841,0.302637,0.680102,0.138311,0.749883,0.983119,0.329037,0.354387,0.340391,0.567719,0.313860,0.909040,0.354209,0.550636,0.575201,0.770512,0.982086,0.335693,0.167268,0.213276,0.897467,0.373832,0.021983,0.033734,0.444655,0.953614,0.750861,0.668032,0.398476,0.341140,0.121804,9.134045,18.957553,0.116502,0.261246,0.782842,0.783036,0.642155,0.661649,0.829276,0.847566,0.785068,0.520371,0.203137,45.513225,0.001230,0.011434,1.634166,0.003034,0.003020,0.000061,0.002788,6069270.805649,0.000000
-6745741.169968,1404508.250655,67156675.698173,38.112668,-1.553122,0.673446,0.976442,0.856937,0.001373,0.871107,0.155429,0.467862,0.125330,0.658708,0.308350,0.598493,0.393266,0.783134,0.178721,0.465472,0.580167,0.495944,0.165437,0.548250,0.335600,0.252353,0.405187,0.715800,0.077016,0.012383,0.608710,0.960580,0.939894,0.455123,0.397549,0.164678,0.117884,11.982205,20.038298,0.831502,0.252821,0.747511,0.780034,0.585719,0.605553,0.776558,0.824701,0.788414,0.408579,0.208911,41.887332,0.003649,0.002208,2.832129,0.004709,0.004687,0.000557,0.002292,6745741.169968,0.000000
-7419809.046106,1444157.483657,51796436.369023,38.069076,-2.009091,0.743185,0.969930,0.270852,0.676625,0.749377,0.681965,0.667867,0.339802,0.345619,0.782893,0.841189,0.391133,0.781013,0.162574,0.323402,0.788753,0.594864,0.975942,0.340921,0.298355,0.111624,0.865914,0.313786,0.076031,0.009609,0.612390,0.967643,0.958138,0.232345,0.467599,0.158087,0.251119,9.768088,19.740163,0.237851,0.259169,0.813593,0.838849,0.653092,0.666788,0.874698,0.929704,0.865889,0.315457,0.049024,41.930924,0.000304,0.010763,3.094007,0.003729,0.003758,0.000323,0.002526,7419809.046106,0.000000
-6048732.296199,1490286.450668,68958790.882397,32.955476,-2.003130,0.741863,0.974498,0.871070,0.660850,0.645042,0.761219,0.024184,0.357490,0.311190,0.815760,0.625567,0.459301,0.332032,0.172344,0.545109,0.580629,0.316247,0.053140,0.312375,0.751113,0.246080,0.490543,0.625420,0.011327,0.001253,0.694074,0.968102,0.801903,0.656115,0.466318,0.264787,0.105583,11.389393,20.277392,0.930768,0.294692,0.766975,0.797297,0.623832,0.646759,0.756862,0.812509,0.865088,0.535096,0.051801,47.044524,0.000349,0.000266,9.749896,0.004668,0.004676,0.000761,0.002088,6048732.296199,0.000000
-6138866.908578,1325979.642285,49432120.078696,42.223906,-1.973324,0.742230,0.973536,0.402254,0.001373,0.147954,0.926763,0.405964,0.445004,0.658708,0.388802,0.598493,0.392956,0.784735,0.175374,0.430207,0.656916,0.591601,0.165437,0.548250,0.336195,0.221739,0.406644,0.093891,0.128343,0.022020,0.640727,0.959044,0.738258,0.986660,0.466067,0.164446,0.238105,11.507898,19.741020,0.556170,0.248092,0.797249,0.834527,0.674874,0.730697,0.883592,0.932335,0.861006,0.513473,0.048589,37.776094,0.005245,0.009931,4.285964,0.004816,0.004814,0.000983,0.001866,6138866.908578,0.000000
-11699916.480248,1207995.027629,60897123.733807,62.637865,-2.011659,0.743185,0.678183,0.266250,0.070957,0.798198,0.726109,0.666946,0.339430,0.354189,0.801056,0.575257,0.416119,0.782645,0.171076,0.222456,0.592385,0.334971,0.716824,0.358457,0.040454,0.110169,0.945515,0.283702,0.401918,0.008434,0.612474,0.968128,0.976737,0.453211,0.467782,0.164286,0.105808,9.103111,19.772266,0.108979,0.230725,0.803079,0.819012,0.641408,0.652062,0.818968,0.848673,0.866233,0.396240,0.048854,17.362135,0.002984,0.005727,2.169076,0.004627,0.004623,0.000838,0.002011,11699916.480248,0.000000
-14937151.539719,1244136.680753,86951483.804858,69.061548,-1.950150,0.796009,0.859025,0.502572,0.000040,0.578591,0.941836,0.439579,0.056092,0.354520,0.095925,0.581591,0.416749,0.782166,0.369125,0.137246,0.572389,0.594251,0.057224,0.288661,0.707852,0.232525,0.457433,0.373618,0.488509,0.010204,0.778262,0.996147,0.942639,0.674738,0.442637,0.157935,0.250545,10.936503,20.147004,0.477477,0.209319,0.730288,0.825219,0.656403,0.735149,0.836321,0.947873,0.857747,0.494329,0.114164,10.938452,0.004176,0.001404,8.473389,0.004895,0.004901,0.000754,0.002095,14937151.539719,0.000000
-8905939.906406,1514172.144017,62078927.080961,34.754365,-0.201375,0.794235,0.981716,0.806657,0.379483,0.807496,0.724397,0.658554,0.519026,0.194088,0.789224,0.758530,0.287868,0.270600,0.150925,0.241380,0.591779,0.616244,0.983086,0.295613,0.305763,0.231680,0.503152,0.926000,0.025841,0.035907,0.188361,0.850764,0.962317,0.234260,0.269933,0.259952,0.255093,11.567919,19.250728,0.808388,0.209239,0.642424,0.705153,0.554105,0.606745,0.779353,0.842571,0.182394,0.315036,0.265442,45.245635,0.000591,0.005021,10.968052,0.004806,0.004798,0.000786,0.002063,8905939.906406,0.000000
-19744136.575336,1998096.617783,87120930.631425,53.317699,-1.759910,0.909969,0.978461,0.879292,0.677239,0.186912,0.785955,0.676835,0.354502,0.318659,0.767619,0.572568,0.311899,0.911018,0.250523,0.459628,0.749146,0.602461,0.995435,0.453688,0.422229,0.124592,0.577049,0.378535,0.079195,0.668529,0.064635,0.939619,0.966769,0.596528,0.440395,0.299216,0.215144,11.924719,0.228522,0.060642,0.150841,0.716880,0.738113,0.586329,0.589934,0.852166,0.858978,0.827940,0.455338,0.094792,26.682301,0.000655,0.012010,11.849571,0.003220,0.003198,0.000126,0.002723,19744136.575336,0.000000
-16634390.955923,1941655.318249,69588765.238910,45.509911,-1.913393,0.655259,0.973137,0.885226,0.063781,0.827740,0.946999,0.696932,0.518841,0.247443,0.795583,0.697038,0.757704,0.901670,0.039791,0.893619,0.585938,0.536346,0.979812,0.299550,0.069963,0.230646,0.482412,0.396783,0.009577,0.644163,0.700258,0.937574,0.965235,0.267636,0.467394,0.289613,0.100596,13.201144,0.962519,0.212359,0.193832,0.492257,0.513039,0.217027,0.233374,0.339657,0.395149,0.852421,0.327269,0.037112,34.490089,0.000346,0.013034,11.957242,0.003912,0.003923,0.000087,0.002762,16634390.955923,0.000000
-20746381.482893,1605660.340993,94125482.730503,74.468464,-1.431267,0.742359,0.974696,0.726791,0.080224,0.234163,0.935293,0.404928,0.333735,0.312921,0.387490,0.570479,0.648477,0.649692,0.282905,0.431448,0.589076,0.682557,0.013650,0.868310,0.338507,0.222309,0.476824,0.357737,0.291184,0.635217,0.640524,0.913809,0.969100,0.437633,0.401476,0.158026,0.225015,11.751792,1.352270,0.146480,0.134671,0.667426,0.786802,0.590357,0.637509,0.756976,0.915591,0.760994,0.392533,0.176503,5.531536,0.006912,0.000281,11.081824,0.004079,0.004093,0.000175,0.002674,20746381.482893,0.000000
-5753025.402007,1213908.107173,51970043.076046,61.703511,-0.880361,0.795326,0.763867,0.312059,0.003409,0.789793,0.957031,0.666118,0.685728,0.354321,0.386641,0.696926,0.299442,0.326560,0.745381,0.878024,0.714602,0.683644,0.374217,0.293898,0.290491,0.229832,0.903421,0.390692,0.389084,0.009724,0.449603,0.959968,0.741142,0.284759,0.307344,0.276326,0.247917,8.878333,19.797090,0.182641,0.166991,0.750633,0.751985,0.662017,0.663492,0.890746,0.891222,0.585367,0.404441,0.331472,18.296489,0.005322,0.032661,2.661005,0.004543,0.004552,0.000776,0.002073,5753025.402007,0.000000
-3765836.921950,1361817.871991,31319324.445726,33.341585,-0.140287,0.686054,0.752075,0.281641,0.010007,0.149374,0.957197,0.739752,0.349302,0.316645,0.794834,0.586053,0.410972,0.909968,0.038123,0.891475,0.789952,0.586102,0.422639,0.296300,0.065102,0.103568,0.023844,0.401128,0.011455,0.024428,0.563283,0.853920,0.966027,0.233330,0.395914,0.261460,0.104342,13.240719,19.909879,0.408235,0.291012,0.728292,0.786250,0.506545,0.554689,0.780117,0.838871,0.699053,0.313636,0.162631,46.658415,0.000491,0.050660,0.140287,0.004438,0.004440,0.000797,0.002052,3765836.921950,0.000000
-4590741.982051,1408520.921747,38194065.435956,34.083827,-1.817426,0.794105,0.929619,0.404665,0.006758,0.137194,0.753473,0.715351,0.329340,0.356597,0.219726,0.567694,0.681432,0.779241,0.370058,0.389119,0.777607,0.770512,0.963060,0.293043,0.167268,0.212664,0.186031,0.552107,0.022060,0.019955,0.696220,0.953596,0.750296,0.525592,0.442615,0.157996,0.163887,12.933631,19.943482,0.562046,0.259776,0.815053,0.824128,0.666796,0.688662,0.904607,0.920417,0.837557,0.504091,0.095899,45.916173,0.010032,0.012081,6.767862,0.004978,0.004980,0.000985,0.001864,4590741.982051,0.000000
-5368864.621408,1294809.656930,38802296.631940,38.069076,-1.323253,0.742791,0.681673,0.265658,0.069778,0.767034,0.693301,0.674527,0.339802,0.345619,0.062522,0.451602,0.459681,0.781050,0.364514,0.322364,0.788753,0.610186,0.139774,0.340921,0.497257,0.111383,0.865914,0.398891,0.076031,0.009609,0.612390,0.984743,0.943737,0.672984,0.442731,0.158087,0.251119,9.304214,19.678080,0.367601,0.290073,0.829201,0.825154,0.718610,0.734200,0.894753,0.912605,0.852717,0.493250,0.109044,41.930924,0.002295,0.010220,1.323253,0.004623,0.004637,0.000810,0.002039,5368864.621408,0.000000
-15896331.550135,1277647.481379,88793106.742505,68.829724,-2.095942,0.796899,0.855304,0.493970,0.003605,0.578591,0.723345,0.432919,0.065930,0.315897,0.815084,0.651865,0.416749,0.782129,0.175245,0.222534,0.574855,0.333957,0.697590,0.288286,0.159545,0.231311,0.457872,0.314528,0.478070,0.023774,0.778262,0.996264,0.960208,0.455394,0.467238,0.157935,0.103397,10.974066,19.749181,0.399294,0.219335,0.739087,0.793758,0.621860,0.627734,0.748818,0.814706,0.877046,0.402251,0.061488,11.170276,0.005140,0.004957,8.101125,0.004904,0.004900,0.000991,0.001858,15896331.550135,0.000000
-14528800.832331,1354696.275071,68750718.295162,67.911146,-2.087924,0.738799,0.977325,0.491671,0.024778,0.798336,0.944732,0.661421,0.337101,0.337483,0.134105,0.694117,0.415392,0.733034,0.186032,0.528989,0.801331,0.687659,0.001895,0.330372,0.055307,0.132831,0.201852,0.204547,0.403408,0.152815,0.844314,0.996199,0.941468,0.291234,0.465885,0.156786,0.225418,12.636438,16.086529,0.582592,0.202162,0.789465,0.819308,0.667251,0.671663,0.899751,0.942703,0.876056,0.343403,0.064231,12.088854,0.004806,0.000094,10.781362,0.004929,0.004912,0.000751,0.002098,14528800.832331,0.000000
-10672713.604011,1468598.495293,72931744.440510,37.797601,-2.003445,0.697518,0.970160,0.822183,0.646628,0.235932,0.761219,0.667202,0.516246,0.315946,0.819569,0.628236,0.330536,0.325688,0.153339,0.214124,0.579133,0.597218,0.053140,0.438412,0.070004,0.122505,0.000413,0.949694,0.077182,0.001623,0.610240,0.961462,0.750651,0.967350,0.469979,0.262637,0.233924,14.189045,20.724942,0.840406,0.256265,0.761195,0.821650,0.677516,0.727652,0.921485,0.954991,0.865130,0.517460,0.041726,42.202399,0.000294,0.000640,10.488178,0.004673,0.004671,0.000631,0.002218,10672713.604011,0.000000
-11037920.650416,1510156.411792,70107413.708112,41.819058,-1.179254,0.685877,0.970023,0.882117,0.051112,0.180452,0.953039,0.661031,0.511307,0.316478,0.830277,0.760168,0.312961,0.780269,0.247215,0.467235,0.771036,0.309774,0.983007,0.453365,0.509980,0.455758,0.593864,0.389275,0.124929,0.014489,0.185733,0.856855,0.734804,0.577389,0.391280,0.324781,0.215216,11.013504,19.888619,0.780958,0.201033,0.713997,0.767616,0.627084,0.671764,0.883407,0.920157,0.692492,0.532364,0.176178,38.180942,0.002200,0.006719,12.248132,0.004983,0.004963,0.000804,0.002045,11037920.650416,0.000000
-10446722.018315,1631289.760516,66891107.849199,44.946243,-1.952705,0.655305,0.843608,0.291931,0.127512,0.179619,0.745003,0.667719,0.518841,0.247527,0.796002,0.697122,0.703653,0.901670,0.040228,0.893619,0.592537,0.593855,0.977010,0.292962,0.200198,0.230724,0.479481,0.381002,0.009594,0.615536,0.612447,0.937574,0.964935,0.471223,0.474253,0.289620,0.104378,9.421611,1.727910,0.063586,0.250827,0.703019,0.734788,0.510928,0.535751,0.685512,0.745143,0.858110,0.406957,0.023611,35.053757,0.000238,0.023763,2.637771,0.003297,0.003336,0.000114,0.002735,10446722.018315,0.000000
-8349568.378933,1482229.030757,53203489.379676,42.816903,-1.845519,0.794344,0.978266,0.344303,0.095853,0.234998,0.724135,0.697080,0.335234,0.350993,0.794687,0.568718,0.414953,0.651388,0.810497,0.246912,0.585848,0.536774,0.420517,0.300724,0.504353,0.237016,0.504317,0.396885,0.079092,0.210394,0.692716,0.914177,0.960152,0.453393,0.468513,0.439841,0.252856,11.200496,13.945603,0.184763,0.304420,0.798589,0.804425,0.703430,0.708485,0.944258,0.947115,0.842057,0.401485,0.025317,37.183097,0.011549,0.005442,3.312142,0.004304,0.004315,0.000708,0.002141,8349568.378933,0.000000
-5887566.477879,1289411.876784,39538206.655343,41.285109,-0.296187,0.682640,0.961300,0.281641,0.010007,0.149374,0.950840,0.739698,0.513586,0.318049,0.306897,0.586053,0.410972,0.878369,0.177687,0.392795,0.790236,0.586102,0.416192,0.772609,0.508556,0.113435,0.022716,0.720152,0.120207,0.012427,0.563283,0.857295,0.737381,0.233330,0.277929,0.261581,0.219013,13.106185,20.322654,0.264622,0.216109,0.752910,0.704161,0.654561,0.614365,0.888167,0.844791,0.256352,0.383667,0.432788,38.714891,0.004991,0.016207,0.451608,0.004554,0.004569,0.000818,0.002031,5887566.477879,0.000000
-5646936.460264,1423541.075094,40115162.383634,35.550776,-0.340048,0.936991,0.762728,0.285440,0.369113,0.798364,0.950955,0.797312,0.350204,0.208771,0.198884,0.754596,0.298349,0.282660,0.827570,0.216928,0.800976,0.768014,0.962198,0.747686,0.503663,0.103528,0.021394,0.306945,0.035923,0.041428,0.641987,0.807109,0.962235,0.282684,0.395899,0.258609,0.100480,12.848291,19.431980,0.113218,0.264101,0.705486,0.746155,0.490668,0.524183,0.728395,0.774612,0.648717,0.334013,0.140424,44.449224,0.003449,0.004288,0.340048,0.003396,0.003449,0.000116,0.002733,5646936.460264,0.000000
-5507518.246322,1320094.597379,41241710.055189,38.063088,-1.521935,0.743228,0.849900,0.246564,0.070957,0.768030,0.693410,0.667862,0.518077,0.350815,0.809808,0.400585,0.328749,0.896960,0.362334,0.247293,0.579170,0.597234,0.506013,0.295699,0.752899,0.111624,0.171446,0.919490,0.077522,0.010624,0.610520,0.967635,0.964910,0.448375,0.467327,0.158001,0.252246,12.612637,20.237605,0.315771,0.287197,0.828906,0.827099,0.718982,0.735732,0.892384,0.910896,0.865676,0.398031,0.049570,41.936912,0.004623,0.006013,1.521935,0.004532,0.004549,0.000795,0.002054,5507518.246322,0.000000
-19271647.059969,2006331.299959,87206241.402671,44.256532,-1.976767,0.902442,0.765484,0.879746,0.668959,0.635251,0.818794,0.657245,0.274360,0.349840,0.378744,0.752949,0.678642,0.770827,0.746291,0.894419,0.777207,0.574780,0.376645,0.434249,0.290459,0.228953,0.773146,0.299731,0.000450,0.625757,0.697369,0.960141,0.747942,0.235194,0.466067,0.331871,0.313872,11.241211,1.262057,0.056127,0.193490,0.727588,0.769253,0.574676,0.581772,0.901043,0.923381,0.861484,0.380927,0.049039,35.743468,0.005208,0.007537,8.767398,0.002813,0.002852,0.000030,0.002819,19271647.059969,0.000000
-21272131.214736,1792881.037772,128941939.378338,51.872354,-1.826429,0.900753,0.966437,0.870055,0.069339,0.573405,0.750405,0.337894,0.241791,0.209947,0.768330,0.645557,0.389066,0.260637,0.175411,0.373032,0.776997,0.598868,0.886790,0.776169,0.335619,0.217945,0.479214,0.390755,0.076905,0.616480,0.609139,0.996138,0.960287,0.982470,0.422632,0.192160,0.216232,12.317753,1.799413,0.317172,0.201460,0.587194,0.812401,0.528133,0.714731,0.701691,0.930221,0.839012,0.586151,0.161058,28.127646,0.001348,0.009190,11.270784,0.004032,0.004051,0.000535,0.002314,21272131.214736,0.000000
-6277976.341020,1462638.267647,42828349.936612,35.468406,-0.277377,0.933576,0.960414,0.285440,0.369113,0.798364,0.950955,0.797257,0.514488,0.210175,0.198884,0.754596,0.298349,0.282660,0.827570,0.395011,0.801259,0.768014,0.962198,0.747825,0.503663,0.113193,0.021399,0.308105,0.034847,0.041428,0.641987,0.851583,0.962235,0.282684,0.277914,0.258534,0.215272,13.173149,19.450269,0.149979,0.225922,0.733624,0.664079,0.632480,0.575001,0.872266,0.805537,0.242231,0.334013,0.492068,44.531594,0.003539,0.009739,0.828949,0.003475,0.003525,0.000160,0.002689,6277976.341020,0.000000
-6277976.341020,1463447.137909,42815416.648528,35.468406,-0.277377,0.933576,0.960414,0.285440,0.369113,0.798364,0.950955,0.797257,0.514488,0.210175,0.232216,0.754596,0.298349,0.282660,0.827570,0.395011,0.801259,0.768014,0.962198,0.747825,0.503663,0.113193,0.021399,0.308105,0.034847,0.041428,0.641987,0.851583,0.962235,0.282684,0.277914,0.258534,0.215272,13.173413,19.450269,0.149976,0.225831,0.733706,0.664163,0.632528,0.575050,0.872336,0.805622,0.242231,0.334013,0.492068,44.531594,0.003538,0.009744,0.828586,0.003475,0.003525,0.000160,0.002689,6277976.341020,0.000000
-12423531.728570,1327494.832520,65857468.055147,67.674333,-1.603787,0.799281,0.760367,0.491837,0.025391,0.806727,0.944709,0.756067,0.339358,0.336901,0.784295,0.694117,0.415054,0.325006,0.258565,0.996476,0.847027,0.682557,0.427604,0.330093,0.164800,0.273769,0.484308,0.961367,0.398207,0.155331,0.677253,0.854716,0.731252,0.291236,0.459953,0.164292,0.225418,10.608375,15.779519,0.397469,0.153230,0.774477,0.804257,0.660776,0.665458,0.873181,0.934404,0.798867,0.410652,0.017711,12.325667,0.005672,0.028868,9.543749,0.004701,0.004715,0.000951,0.001898,12423531.728570,0.000000
-8029184.439065,1445778.977071,54156624.609579,36.170815,-1.006448,0.794312,0.980810,0.834951,0.127017,0.164604,0.947289,0.986288,0.333307,0.354237,0.384827,0.756986,0.318875,0.280594,0.373439,0.387650,0.464334,0.687659,0.418392,0.282985,0.028569,0.130454,0.904990,0.309578,0.050386,0.010951,0.668547,0.984922,0.744024,0.292932,0.313181,0.262574,0.225880,9.097216,19.676672,1.083093,0.229436,0.740124,0.696088,0.648775,0.615367,0.882988,0.844306,0.634485,0.406947,0.443082,43.829185,0.001541,0.008105,12.168432,0.004984,0.004965,0.000796,0.002053,8029184.439065,0.000000
-8034995.164486,1438171.242060,68983727.800029,38.433585,-1.977445,0.680763,0.961130,0.861016,0.002946,0.871107,0.695326,0.470092,0.571158,0.658708,0.202662,0.598493,0.394297,0.789456,0.174477,0.458865,0.580227,0.591601,0.164096,0.551782,0.335600,0.124636,0.903419,0.715688,0.077016,0.022020,0.608710,0.960358,0.736507,0.199619,0.466067,0.171874,0.220835,9.180946,19.369292,0.792237,0.223900,0.748602,0.809278,0.602123,0.616910,0.828618,0.930817,0.861577,0.369487,0.049130,41.566415,0.003735,0.002423,7.740819,0.004658,0.004634,0.000505,0.002344,8034995.164486,0.000000
-12081874.996876,1627352.764240,89094342.891979,38.220716,-1.138667,0.740716,0.970023,0.882117,0.654800,0.194861,0.779170,0.399285,0.523143,0.341285,0.395662,0.760799,0.313476,0.780269,0.244786,0.934382,0.648014,0.309774,0.105283,0.453365,0.392819,0.228389,0.593864,0.397681,0.025752,0.204831,0.185733,0.967577,0.956333,0.226708,0.391288,0.169409,0.245685,11.345869,14.101354,0.491190,0.182980,0.592712,0.784272,0.505504,0.592275,0.580248,0.887202,0.679754,0.313752,0.229322,41.779284,0.000660,0.000707,12.430086,0.004400,0.004390,0.000604,0.002245,12081874.996876,0.000000
-7448471.619646,1266459.841664,56973613.094374,54.657694,-1.563249,0.742824,0.907820,0.282255,0.063727,0.780463,0.728799,0.978285,0.161467,0.186370,0.462423,0.566084,0.408386,0.769241,0.872194,0.317955,0.777110,0.768723,0.996328,0.305168,0.482786,0.108338,0.149277,0.313858,0.298372,0.010350,0.612816,0.962353,0.749886,0.462189,0.398236,0.161126,0.252489,12.532184,20.359004,0.140099,0.193352,0.777565,0.781925,0.660381,0.695627,0.853159,0.895337,0.790545,0.477183,0.207909,25.342306,0.009355,0.010052,3.405566,0.004707,0.004722,0.000881,0.001968,7448471.619646,0.000000
-11426353.442472,1286045.542332,72353421.798721,55.959560,-2.102337,0.737415,0.766437,0.494463,0.000588,0.780463,0.754819,0.665932,0.073006,0.593586,0.356637,0.581654,0.416749,0.910823,0.175243,0.233882,0.783765,0.336977,0.426492,0.339868,0.707087,0.109947,0.582888,0.375073,0.299972,0.042481,0.778746,0.998451,0.960038,0.452017,0.467175,0.157582,0.107638,10.702010,19.033105,0.433342,0.256499,0.772882,0.803254,0.622620,0.634513,0.788031,0.831247,0.877829,0.400981,0.062513,24.040440,0.005274,0.007516,6.612410,0.004716,0.004727,0.000808,0.002041,11426353.442472,0.000000
-5861693.207789,1570174.378208,41784202.117255,35.924303,-1.997854,0.914618,0.970014,0.371209,0.001439,0.801466,0.950269,0.986207,0.345886,0.328563,0.827417,0.592845,0.680410,0.886658,0.750725,0.460640,0.777210,0.774909,0.996864,0.296825,0.065663,0.455681,0.139220,0.690755,0.008788,0.164769,0.204239,0.953250,0.757286,0.471362,0.473505,0.326180,0.209615,13.377131,15.625950,0.467888,0.239217,0.808628,0.781177,0.656951,0.672181,0.923041,0.931391,0.864374,0.478324,0.031418,44.075697,0.014095,0.012477,8.766210,0.005020,0.005029,0.001059,0.001790,5861693.207789,0.000000
-17463647.920371,1987105.533154,75979347.033213,45.107320,-0.790055,0.657194,0.973157,0.887786,0.688673,0.146450,0.746247,0.696932,0.518841,0.247443,0.795583,0.698923,0.703838,0.901414,0.040043,0.899722,0.585938,0.536346,0.977464,0.440736,0.083883,0.230646,0.479481,0.396939,0.011041,0.616175,0.024064,0.937296,0.965086,0.457464,0.305079,0.289399,0.099506,12.745397,1.833335,0.166132,0.135684,0.496116,0.511930,0.274562,0.286248,0.235192,0.300013,0.546180,0.401530,0.507548,34.892680,0.000036,0.013556,11.718145,0.003820,0.003831,0.000061,0.002788,17463647.920371,0.000000
-4372720.996399,1411900.468735,36492548.445897,33.270393,-1.862119,0.792752,0.972841,0.404665,0.016700,0.136429,0.749883,0.997021,0.329340,0.356731,0.219726,0.567719,0.695207,0.779241,0.170893,0.389119,0.575201,0.770512,0.042811,0.291404,0.167268,0.246603,0.186031,0.370026,0.011305,0.019955,0.744932,0.968015,0.741165,0.668032,0.442535,0.261721,0.121804,13.013413,19.935808,0.812700,0.291871,0.807906,0.792043,0.668611,0.694899,0.860942,0.880257,0.844657,0.511407,0.102283,46.729607,0.004416,0.000614,6.204952,0.004974,0.004983,0.000970,0.001879,4372720.996399,0.000000
-11909729.146138,1597644.278113,77679438.647133,41.480132,-1.931571,0.743691,0.986870,0.890938,0.059849,0.806546,0.756617,0.439110,0.343778,0.190736,0.303940,0.749214,0.316132,0.781340,0.364606,0.322370,0.929249,0.594663,0.996718,0.305085,0.712527,0.211708,0.062097,0.316045,0.076813,0.164067,0.698492,0.990118,0.734696,0.524054,0.442650,0.156038,0.218788,14.227917,15.773459,0.551215,0.211287,0.739933,0.817402,0.620655,0.671696,0.814750,0.925001,0.855080,0.501103,0.111541,38.519868,0.001982,0.011733,10.542946,0.004691,0.004663,0.000544,0.002305,11909729.146138,0.000000
-8700633.072418,1413130.714507,68286606.376479,37.947407,-1.517418,0.695875,0.964363,0.874544,0.145553,0.193766,0.751481,0.357661,0.403610,0.350712,0.237641,0.593991,0.312000,0.272595,0.140106,0.323188,0.790020,0.596232,0.393922,0.430595,0.505527,0.481864,0.873966,0.314845,0.074906,0.007917,0.608984,0.852588,0.978436,0.277395,0.446563,0.163298,0.200767,9.224142,19.796554,1.092157,0.251774,0.748616,0.827574,0.633537,0.650125,0.831543,0.934254,0.780723,0.327331,0.044101,42.052593,0.001365,0.010923,9.198380,0.004729,0.004708,0.000574,0.002275,8700633.072418,0.000000
-19230696.771086,1578512.528974,84651680.404068,74.361467,-1.495996,0.742359,0.970446,0.726608,0.080224,0.147947,0.935293,0.404928,0.442398,0.311986,0.387490,0.757301,0.653919,0.291646,0.249306,0.431448,0.474644,0.682557,0.003810,0.868310,0.337937,0.223954,0.476749,0.095166,0.290150,0.635217,0.681834,0.934171,0.969457,0.983854,0.401476,0.150670,0.225015,11.873691,1.343586,0.237482,0.143611,0.698480,0.779952,0.617250,0.685026,0.791797,0.915139,0.775975,0.605619,0.186061,5.638533,0.003445,0.000098,11.368873,0.004344,0.004319,0.000236,0.002613,19230696.771086,0.000000
-7396066.203637,1479182.098186,56632260.341496,33.493313,-0.686481,0.901257,0.974659,0.870910,0.064949,0.141814,0.625221,0.666756,0.471089,0.205911,0.383741,0.479824,0.428678,0.284369,0.380848,0.324549,0.466652,0.600081,0.992791,0.293075,0.022936,0.109473,0.201686,0.289015,0.011334,0.030956,0.640401,0.934154,0.954321,0.638049,0.294087,0.123316,0.238347,13.300553,19.631062,0.905305,0.208650,0.707431,0.744597,0.620436,0.651744,0.750027,0.861451,0.496656,0.475822,0.553410,46.506687,0.002154,0.005629,7.914723,0.004650,0.004651,0.000825,0.002024,7396066.203637,0.000000
-10157319.192882,1574031.559282,67328518.428408,36.985731,-0.519190,0.898976,0.973180,0.907470,0.074653,0.827352,0.785968,0.949171,0.536751,0.252507,0.366338,0.596335,0.308064,0.239506,0.744735,0.254888,0.777270,0.652394,0.983006,0.453688,0.392388,0.233550,0.926361,0.399259,0.022988,0.152567,0.650994,0.929281,0.965602,0.472613,0.276974,0.158030,0.216098,9.536549,15.393131,0.614873,0.187799,0.647875,0.630614,0.565276,0.551303,0.783752,0.763271,0.404998,0.407290,0.630909,43.014269,0.000455,0.005391,11.041203,0.004540,0.004545,0.000699,0.002150,10157319.192882,0.000000
-15327923.950641,1511118.941936,90383499.347068,48.538724,-1.554052,0.957715,0.970708,0.730257,0.127870,0.852654,0.728682,0.663838,0.238954,0.202982,0.101433,0.747085,0.464639,0.330312,0.147378,0.215883,0.784956,0.579425,0.068143,0.293089,0.282000,0.103755,0.500897,0.393335,0.128127,0.273686,0.681245,0.938177,0.955964,0.642904,0.408398,0.163949,0.221617,12.070794,12.111600,0.857823,0.220835,0.676703,0.782911,0.603211,0.691390,0.798300,0.927251,0.788610,0.477162,0.170106,31.461276,0.001637,0.000823,11.373267,0.004718,0.004730,0.000675,0.002174,15327923.950641,0.000000
-15331403.488893,1511146.651236,90399306.152609,48.545015,-1.554052,0.957715,0.970708,0.730257,0.127870,0.852654,0.728682,0.663838,0.238954,0.202982,0.101433,0.747085,0.464639,0.330312,0.147378,0.215883,0.784956,0.579425,0.068143,0.293089,0.282000,0.103755,0.528947,0.393335,0.128127,0.273686,0.681245,0.938177,0.955964,0.642904,0.408398,0.163949,0.221617,11.912045,12.088580,0.857823,0.220827,0.676655,0.782911,0.603171,0.691390,0.798248,0.927250,0.788610,0.477162,0.170106,31.454985,0.001637,0.000824,11.373267,0.004718,0.004731,0.000676,0.002173,15331403.488893,0.000000
-5906444.524750,1322663.445241,49097888.489634,38.270627,-0.716353,0.739895,0.775593,0.482531,0.050961,0.646771,0.775343,0.425118,0.243761,0.321702,0.772293,0.582784,0.311639,0.903499,0.161183,0.454871,0.574291,0.591863,0.011865,0.287439,0.054391,0.233425,0.475102,0.373330,0.079599,0.010151,0.186497,0.993179,0.941330,0.235952,0.276644,0.332255,0.105886,11.199396,20.008235,0.678143,0.265206,0.734629,0.779938,0.520889,0.555832,0.784818,0.840801,0.511469,0.321626,0.403338,41.729373,0.003084,0.000234,6.344556,0.004598,0.004595,0.000866,0.001983,5906444.524750,0.000000
-13842853.469272,1421599.494090,89582199.299320,53.037513,-1.934176,0.743214,0.909083,0.854388,0.054177,0.807013,0.757150,0.439110,0.155630,0.220896,0.317064,0.749252,0.314684,0.772637,0.364606,0.322434,0.927080,0.358858,0.988453,0.304840,0.720666,0.104923,0.062097,0.552288,0.277582,0.009338,0.698492,0.990118,0.857879,0.524054,0.443080,0.164487,0.172061,13.616366,20.503848,0.486651,0.213287,0.717545,0.818400,0.642525,0.673862,0.813099,0.906834,0.855457,0.463771,0.110576,26.962487,0.002300,0.009263,9.886490,0.004815,0.004822,0.000711,0.002138,13842853.469272,0.000000
-8738550.362133,1611960.748491,63118496.099232,33.457523,-0.911805,0.803613,0.982688,0.900869,0.753974,0.135343,0.786829,0.926761,0.329706,0.307127,0.773762,0.632419,0.415208,0.278287,0.111470,0.459581,0.771309,0.579767,0.983006,0.453688,0.521053,0.232069,0.084514,0.552729,0.010749,0.032447,0.446117,0.865052,0.742021,0.475858,0.349817,0.299541,0.215803,13.907978,19.711468,0.705408,0.212763,0.709924,0.717205,0.618473,0.624833,0.871779,0.877194,0.598202,0.485993,0.301698,46.542477,0.000137,0.013481,12.415418,0.004607,0.004614,0.000787,0.002062,8738550.362133,0.000000
-19491969.671072,2059876.843739,83566819.444839,47.549986,-1.465761,0.907626,0.974487,0.680016,0.674613,0.245747,0.736166,0.658361,0.290951,0.313893,0.329328,0.842480,0.680600,0.910866,0.839942,0.551166,0.810087,0.602651,0.983012,0.453779,0.058446,0.233624,0.473690,0.385175,0.025268,0.664311,0.652826,0.931417,0.958455,0.595526,0.398232,0.333889,0.101621,12.256027,0.383082,0.056981,0.182991,0.572688,0.584615,0.398110,0.406066,0.405556,0.459710,0.769098,0.457733,0.193294,32.450014,0.006467,0.016434,11.845096,0.004019,0.004010,0.000380,0.002469,19491969.671072,0.000000
-21152911.655443,1761527.485725,99895261.803544,61.389411,-2.000417,0.799274,0.984283,0.811235,0.005307,0.770015,0.165488,0.425187,0.290423,0.347594,0.781740,0.760782,0.479484,0.904909,0.368919,0.921348,0.647950,0.585735,0.118288,0.430600,0.505880,0.233569,0.832016,0.964213,0.163248,0.637953,0.691847,0.968123,0.731767,0.235266,0.465838,0.166219,0.245056,10.989594,0.929440,0.230890,0.151059,0.694126,0.745605,0.542483,0.545813,0.779282,0.892014,0.864721,0.386392,0.052785,18.610589,0.005580,0.001849,5.106291,0.004302,0.004316,0.000577,0.002272,21152911.655443,0.000000
-6815751.334303,1561359.357967,63350117.418433,32.155584,-2.071759,0.753200,0.975025,0.901795,0.392662,0.798686,0.757330,0.399400,0.342140,0.417726,0.677884,0.569162,0.422625,0.282366,0.256080,0.903787,0.590219,0.332395,0.702196,0.546266,0.774603,0.386161,0.495905,0.309186,0.000454,0.001966,0.665975,0.993479,0.977924,0.663998,0.464546,0.284947,0.113957,11.304281,20.268852,0.801960,0.301658,0.759227,0.784642,0.618092,0.637540,0.770932,0.810287,0.874036,0.477874,0.065864,47.844416,0.001442,0.006717,9.996684,0.004595,0.004602,0.000818,0.002031,6815751.334303,0.000000
-9046594.169685,1413999.577223,62114359.868026,42.109904,-2.021307,0.772032,0.965747,0.692765,0.000851,0.706751,0.996829,0.358959,0.342363,0.102574,0.818261,0.568621,0.310380,0.775035,0.762241,0.457757,0.678836,0.595573,0.365334,0.171849,0.336010,0.132794,0.405359,0.167724,0.126842,0.022024,0.640275,0.973123,0.962060,0.291579,0.466752,0.164587,0.237968,12.025204,19.771944,0.758144,0.260146,0.794488,0.839519,0.671058,0.682347,0.874007,0.943983,0.867518,0.337545,0.052983,37.890096,0.002750,0.014525,11.485814,0.004884,0.004887,0.000927,0.001922,9046594.169685,0.000000
-7357712.340941,1362300.098374,47458865.382279,41.123023,-1.690731,0.737499,0.680745,0.399144,0.060442,0.779725,0.756186,0.673553,0.492561,0.329113,0.310111,0.447427,0.429985,0.885651,0.291132,0.469297,0.591126,0.321306,0.995578,0.438435,0.092285,0.109784,0.007448,0.289327,0.119797,0.007252,0.615249,0.863413,0.969114,0.725443,0.470058,0.325014,0.237187,13.507363,20.501074,0.330407,0.294142,0.812494,0.817705,0.715967,0.720517,0.951861,0.954222,0.815615,0.504879,0.001584,38.876977,0.008303,0.014495,3.557397,0.004433,0.004443,0.000796,0.002053,7357712.340941,0.000000
-16833636.581044,1838940.406367,74301055.407390,46.241303,-1.918088,0.756575,0.969822,0.729181,0.677314,0.182127,0.774387,0.656467,0.525400,0.312695,0.784770,0.760165,0.388240,0.292693,0.250686,0.451784,0.476286,0.577457,0.988987,0.456641,0.354963,0.455758,0.475416,0.088342,0.025575,0.598743,0.126256,0.937453,0.959383,0.992669,0.468275,0.330727,0.215145,11.238117,2.344225,0.166573,0.201513,0.757367,0.788672,0.665686,0.691804,0.914312,0.922406,0.853112,0.608668,0.035309,33.758697,0.000655,0.010216,11.935172,0.003720,0.003717,0.000274,0.002575,16833636.581044,0.000000
-14676805.559919,1461782.148126,86785492.421769,48.617313,-1.558858,0.957715,0.966902,0.730257,0.127870,0.196741,0.728682,0.675903,0.238954,0.202982,0.101433,0.747085,0.477782,0.348951,0.147378,0.230076,0.463057,0.574352,0.068143,0.296493,0.466568,0.260724,0.827224,0.394771,0.128189,0.273686,0.681245,0.938177,0.955964,0.293634,0.409137,0.163949,0.221617,10.048980,11.829621,0.760615,0.226917,0.688628,0.787087,0.614151,0.659913,0.808422,0.928130,0.789624,0.340116,0.168233,31.382687,0.001637,0.000984,10.200690,0.004708,0.004719,0.000659,0.002190,14676805.559919,0.000000
-18923297.471112,1461209.513483,101738944.928760,63.250250,-0.545215,0.794312,0.970671,0.730326,0.126763,0.832279,0.778575,0.314042,0.154164,0.313178,0.217790,0.605758,0.464652,0.330546,0.994971,0.215945,0.784537,0.330006,0.104129,0.863534,0.304503,0.095239,0.502054,0.917633,0.292807,0.284541,0.644076,0.856086,0.960660,0.641875,0.307013,0.262080,0.107542,12.110177,11.844391,0.284531,0.168201,0.534383,0.753637,0.470722,0.623464,0.673544,0.781650,0.420283,0.475146,0.451308,16.749750,0.002343,0.000586,10.267638,0.004496,0.004505,0.000431,0.002418,18923297.471112,0.000000
-5885482.792010,1222028.267099,51777072.310697,63.059843,-0.763711,0.736956,0.764557,0.303133,0.001403,0.789793,0.957019,0.666131,0.685728,0.338806,0.386641,0.696926,0.299442,0.733367,0.745381,0.894215,0.714602,0.584545,0.374519,0.293898,0.290491,0.229832,0.217826,0.359404,0.411351,0.007292,0.449603,0.997187,0.741142,0.676814,0.280504,0.275458,0.247917,10.907351,20.442613,0.132773,0.157639,0.737360,0.732755,0.650096,0.646647,0.870208,0.865208,0.534066,0.501132,0.516212,16.940157,0.006452,0.032655,5.274087,0.004742,0.004737,0.000944,0.001905,5885482.792010,0.000000
-14602495.227440,1354155.560877,69275170.360173,67.055952,-1.953246,0.738778,0.995945,0.491837,0.024516,0.799124,0.944732,0.666910,0.339067,0.273748,0.141918,0.694117,0.415392,0.325273,0.186032,0.528989,0.801331,0.688893,0.426029,0.330372,0.029115,0.146625,0.755635,0.203714,0.389547,0.155357,0.837835,0.959966,0.958837,0.291234,0.462110,0.163646,0.225418,9.823337,15.548982,0.601354,0.203248,0.780896,0.811795,0.669389,0.674062,0.909271,0.944069,0.858187,0.338342,0.057030,12.944048,0.004816,0.021813,9.365110,0.004939,0.004922,0.000759,0.002090,14602495.227440,0.000000
-6220352.536503,1439732.292922,40938063.838433,40.401271,-1.998369,0.916569,0.974491,0.408933,0.080190,0.136253,0.938558,0.998574,0.286700,0.358959,0.821710,0.683219,0.677240,0.926161,0.389410,0.892717,0.772775,0.568588,0.998775,0.437797,0.072781,0.229927,0.004544,0.554025,0.106101,0.019955,0.929295,0.959504,0.742618,0.667068,0.470164,0.158230,0.104595,13.679457,20.150032,0.425679,0.255797,0.756457,0.775245,0.612548,0.627650,0.747476,0.757208,0.864444,0.515017,0.040559,39.598729,0.012511,0.032667,7.475273,0.004960,0.004969,0.001027,0.001822,6220352.536503,0.000000
-4309297.910805,1350836.757166,34327326.958420,33.968863,-1.663018,0.543894,0.681588,0.277094,0.015923,0.785971,0.965437,0.666755,0.399966,0.335285,0.217540,0.459331,0.430011,0.885346,0.291132,0.212948,0.591134,0.327514,0.989127,0.294416,0.024630,0.124524,0.059710,0.949309,0.024270,0.007252,0.615274,0.864851,0.749629,0.715255,0.464444,0.325955,0.201907,13.158279,20.395796,0.360504,0.300575,0.846097,0.811956,0.744479,0.716553,0.963834,0.951164,0.810434,0.553113,0.013050,46.031137,0.011544,0.008260,3.139863,0.004643,0.004648,0.000523,0.002326,4309297.910805,0.000000
-10326235.593550,1415372.053951,67146652.704502,41.468331,-1.498799,0.960547,0.865356,0.874026,0.058992,0.775910,0.577580,0.711380,0.234396,0.403205,0.100914,0.747975,0.416637,0.338732,0.147344,0.322615,0.781327,0.603022,0.406808,0.308755,0.034419,0.192319,0.234861,0.554521,0.124437,0.005111,0.694386,0.854004,0.998137,0.650748,0.442709,0.158014,0.101368,13.055382,20.428846,0.924631,0.247403,0.751047,0.779166,0.615967,0.630330,0.710354,0.757261,0.776602,0.465911,0.052834,38.531669,0.002501,0.006946,7.331712,0.004751,0.004761,0.000851,0.001998,10326235.593550,0.000000
-16403127.678458,1509596.834448,90647701.068654,58.011748,-2.062012,0.701114,0.965997,0.854460,0.059849,0.710842,0.747191,0.668509,0.155630,0.190736,0.317064,0.749214,0.390649,0.882403,0.176223,0.468926,0.780763,0.351171,0.986049,0.133288,0.704803,0.211708,0.062097,0.305908,0.277582,0.165739,0.698492,0.987529,0.734696,0.524054,0.466045,0.156016,0.218872,13.842639,15.804224,0.385836,0.173525,0.719043,0.821756,0.605401,0.679695,0.785202,0.927482,0.872802,0.502008,0.060339,21.988252,0.003385,0.008493,10.072693,0.004657,0.004633,0.000517,0.002332,16403127.678458,0.000000
-9007893.614878,1354067.934321,66509997.722144,38.811520,-0.725753,0.740390,0.773285,0.884905,0.001919,0.654282,0.754191,0.411385,0.343109,0.445112,0.789114,0.691140,0.311639,0.272927,0.247441,0.210495,0.750862,0.767971,0.137526,0.452134,0.158071,0.464678,0.472259,0.399345,0.081119,0.028750,0.237617,0.986600,0.971023,0.631005,0.279929,0.162252,0.102877,11.307250,19.483284,0.807272,0.210060,0.671224,0.778106,0.587319,0.646117,0.695909,0.797035,0.516040,0.467368,0.653160,41.188480,0.001237,0.002242,7.064225,0.004482,0.004499,0.000724,0.002125,9007893.614878,0.000000
-13213737.998261,1643943.307181,87607409.450997,38.489706,-1.138782,0.740716,0.970023,0.882117,0.677517,0.179873,0.779078,0.661506,0.523143,0.341285,0.395239,0.760175,0.313476,0.780269,0.244828,0.934382,0.648014,0.309774,0.105283,0.453365,0.392819,0.230100,0.593864,0.389293,0.025752,0.217977,0.185733,0.966680,0.956369,0.226708,0.391288,0.169409,0.245685,11.394596,13.715549,0.472261,0.177214,0.599237,0.777855,0.510069,0.584392,0.591449,0.841641,0.679791,0.313742,0.228891,41.510294,0.000627,0.000698,12.434721,0.004356,0.004347,0.000581,0.002268,13213737.998261,0.000000
-12103310.225212,1733258.518332,88576040.424589,38.231577,-1.441124,0.740716,0.970023,0.882117,0.654521,0.194915,0.783991,0.398191,0.525400,0.341285,0.380724,0.760792,0.313476,0.780269,0.248674,0.467235,0.771433,0.309774,0.983007,0.453365,0.392819,0.454047,0.634789,0.397663,0.025752,0.204996,0.185733,0.938343,0.959541,0.597432,0.391288,0.331916,0.215155,10.934817,14.077102,0.392050,0.221900,0.668608,0.805984,0.589948,0.665821,0.844150,0.915939,0.763338,0.458115,0.215285,41.768423,0.000679,0.007020,11.821556,0.004397,0.004381,0.000471,0.002378,12103310.225212,0.000000
-9766026.069134,1226071.374636,55709161.691713,53.063575,-1.204794,0.686054,0.769427,0.281641,0.010007,0.803485,0.950840,0.431083,0.258539,0.193855,0.317068,0.586053,0.410972,0.878369,0.208100,0.213255,0.791262,0.586102,0.416192,0.314687,0.508556,0.103771,0.022711,0.718992,0.276772,0.012427,0.563283,0.855135,0.734701,0.232999,0.395914,0.264042,0.104546,13.014860,20.359240,0.327455,0.230290,0.765430,0.804065,0.570400,0.591380,0.822003,0.860943,0.700246,0.384427,0.163209,26.936425,0.006596,0.007161,2.019379,0.004788,0.004801,0.000878,0.001971,9766026.069134,0.000000
-11960771.358593,1544867.031845,76138040.047942,45.196660,-1.938055,0.717232,0.981003,0.854388,0.059849,0.152902,0.756617,0.747779,0.164029,0.313526,0.306893,0.749214,0.316132,0.769375,0.364104,0.323827,0.925770,0.358653,0.996718,0.762623,0.711204,0.211708,0.062097,0.552288,0.122094,0.164067,0.698492,0.992212,0.737376,0.524385,0.442650,0.153683,0.151557,14.246852,15.791204,0.574338,0.205120,0.745326,0.768985,0.601045,0.610481,0.810476,0.843384,0.856016,0.501410,0.112442,34.803340,0.002257,0.009194,10.452687,0.004704,0.004677,0.000559,0.002290,11960771.358593,0.000000
-14458168.279807,1328852.335533,71058618.080500,55.126825,-1.011487,0.738806,0.977325,0.734917,0.122139,0.781315,0.944732,0.655359,0.339067,0.338308,0.144582,0.694117,0.413529,0.264155,0.186032,0.396478,0.801331,0.298971,0.426330,0.332248,0.029115,0.132831,0.826309,0.953412,0.300532,0.013637,0.836061,0.994442,0.958837,0.291234,0.310211,0.161726,0.226549,9.448429,19.749677,0.938324,0.188956,0.695887,0.754351,0.618103,0.667109,0.843312,0.892567,0.636322,0.338342,0.438324,24.873175,0.002286,0.006693,10.251976,0.004855,0.004837,0.000684,0.002165,14458168.279807,0.000000
-8357384.006941,1354241.183319,61228491.774164,38.809375,-1.488717,0.796511,0.854777,0.706622,0.002319,0.774543,0.722908,0.438877,0.492657,0.327011,0.365022,0.583206,0.288619,0.320130,0.233204,0.235075,0.791605,0.580965,0.121710,0.120169,0.338495,0.230048,0.488918,0.977967,0.084093,0.018703,0.502803,0.852367,0.951270,0.289048,0.441929,0.164286,0.244752,11.490383,19.773319,1.118886,0.248637,0.760965,0.828419,0.660646,0.707421,0.826996,0.926214,0.774338,0.339679,0.053789,41.190625,0.002101,0.001173,7.748526,0.004700,0.004712,0.000795,0.002055,8357384.006941,0.000000
-20750598.618335,1754184.045854,89244459.433891,59.224676,-1.826851,0.902917,0.970446,0.811830,0.002981,0.574622,0.729653,0.399571,0.344805,0.323235,0.770642,0.828514,0.416749,0.939307,0.265655,0.226077,0.572766,0.331148,0.947438,0.288030,0.161520,0.241857,0.477456,0.395841,0.150523,0.608734,0.650285,0.996974,0.740091,0.205846,0.422290,0.162396,0.108570,12.652737,2.100683,0.177315,0.137861,0.516234,0.527817,0.226321,0.233908,0.381544,0.458516,0.839080,0.370974,0.162270,20.775324,0.004266,0.003696,11.524811,0.004428,0.004438,0.000566,0.002283,20750598.618335,0.000000
-9460785.852160,1434565.731137,59585953.224710,39.019157,-0.152229,0.686054,0.763614,0.820732,0.010007,0.149374,0.941740,0.739752,0.522794,0.319136,0.306897,0.586053,0.410972,0.871613,0.178731,0.241849,0.793503,0.616752,0.416192,0.766409,0.508556,0.103771,0.491887,0.718992,0.080099,0.041028,0.563283,0.857346,0.733897,0.244632,0.262424,0.332661,0.104221,11.640110,19.116125,0.547907,0.205062,0.648400,0.678051,0.457726,0.481995,0.708205,0.757580,0.141208,0.389698,0.287099,40.980843,0.005043,0.007965,8.037488,0.004459,0.004468,0.000495,0.002354,9460785.852160,0.000000
-17697746.130081,1480672.380809,92678172.345745,57.958565,-1.730009,0.618483,0.990964,0.843995,0.060121,0.807013,0.756617,0.439110,0.161852,0.316237,0.317064,0.590688,0.316374,0.769686,0.364606,0.322370,0.925968,0.358653,0.999480,0.316980,0.708541,0.213290,0.062097,0.584083,0.277582,0.164067,0.564567,0.990118,0.737419,0.521261,0.442650,0.156070,0.217887,13.620457,15.841439,0.369924,0.164419,0.661140,0.830323,0.555498,0.688428,0.701699,0.933576,0.822717,0.502158,0.111541,22.041435,0.002116,0.008500,7.618683,0.004349,0.004320,0.000248,0.002601,17697746.130081,0.000000
-6078523.696182,1295565.909425,39309647.634671,41.496773,-1.189490,0.686054,0.798691,0.292034,0.042293,0.150961,0.950840,0.741196,0.533388,0.191326,0.839785,0.744579,0.410730,0.878059,0.152106,0.214712,0.791517,0.586102,0.416192,0.760329,0.511219,0.102189,0.022711,0.692680,0.123021,0.012427,0.697596,0.857295,0.782990,0.231409,0.392584,0.261656,0.105206,13.073974,20.317565,0.254469,0.260519,0.751209,0.782581,0.537319,0.568192,0.808324,0.844840,0.695623,0.367812,0.172944,38.503227,0.002971,0.007361,1.747408,0.004529,0.004530,0.000819,0.002030,6078523.696182,0.000000
-13668132.340914,1822576.726868,77588169.637094,38.493076,-1.928758,0.717176,0.970023,0.978845,0.664277,0.171032,0.755993,0.660412,0.539972,0.341285,0.379241,0.760138,0.313476,0.900215,0.248716,0.467235,0.925945,0.312335,0.983007,0.307760,0.375443,0.213061,0.593864,0.553540,0.025752,0.218141,0.728467,0.986474,0.959577,0.597432,0.444052,0.331916,0.215105,11.528407,13.719884,0.408934,0.240388,0.744715,0.793040,0.647005,0.654052,0.898815,0.906676,0.854671,0.458103,0.106839,41.506924,0.000665,0.005927,11.531739,0.004466,0.004439,0.000345,0.002504,13668132.340914,0.000000
-17165436.610154,1486404.595695,110056582.415861,56.262335,-0.220430,0.740772,0.986870,0.854067,0.072830,0.815908,0.784522,0.439110,0.141057,0.190736,0.318124,0.749244,0.316132,0.769375,0.364606,0.322370,0.772569,0.356093,0.996718,0.450445,0.728581,0.392178,0.062097,0.388024,0.256916,0.164067,0.155759,0.941090,0.734696,0.524054,0.389886,0.156070,0.218921,13.687881,15.842408,0.390756,0.126358,0.404864,0.764454,0.327308,0.637576,0.223384,0.840902,0.197826,0.509490,0.220458,23.737665,0.002070,0.008484,10.406299,0.004685,0.004658,0.000539,0.002310,17165436.610154,0.000000
-14986246.894090,1857727.141208,75594155.884036,47.928326,-1.953934,0.737392,0.985498,0.879222,0.058346,0.562655,0.818722,0.980354,0.336450,0.205976,0.388104,0.633197,0.384517,0.781351,0.179279,0.862213,0.482416,0.587173,0.925599,0.343161,0.807614,0.217969,0.161702,0.309884,0.036674,0.628125,0.695478,0.952867,0.742940,0.995543,0.466067,0.335282,0.251449,14.347694,1.713613,0.255555,0.198861,0.753744,0.725409,0.662499,0.639373,0.918078,0.899577,0.858285,0.517529,0.046051,32.071674,0.003025,0.009644,11.553583,0.004032,0.004047,0.000179,0.002670,14986246.894090,0.000000
-4493354.646412,1387215.508492,56022051.400011,33.438549,-0.813178,0.684492,0.758867,0.727602,0.078545,0.644869,0.788754,0.018059,0.345716,0.311376,0.796373,0.595323,0.471655,0.292019,0.260306,0.215496,0.795642,0.681930,0.064411,0.582527,0.299367,0.235608,0.034226,0.085113,0.012336,0.025857,0.640790,0.968096,0.743797,0.649854,0.296400,0.260875,0.107498,14.000065,19.877705,0.817956,0.258409,0.714901,0.789312,0.630517,0.679331,0.808263,0.856451,0.556554,0.512407,0.563842,46.561451,0.002781,0.001088,5.818876,0.004454,0.004471,0.000722,0.002127,4493354.646412,0.000000
-13280100.883763,1424650.594953,86785737.781646,43.045983,-1.560151,0.741863,0.974498,0.871070,0.660850,0.852176,0.761219,0.750881,0.387980,0.318017,0.815976,0.625567,0.459301,0.331728,0.172344,0.545109,0.572733,0.316247,0.053140,0.312375,0.734290,0.246388,0.490543,0.629518,0.146018,0.001254,0.694074,0.860640,0.802126,0.997553,0.449305,0.166209,0.105456,11.461051,20.366282,0.810502,0.219769,0.697936,0.788359,0.621459,0.696376,0.725471,0.772399,0.789896,0.576148,0.041817,36.954017,0.000349,0.000262,10.450681,0.004618,0.004630,0.000736,0.002113,13280100.883763,0.000000
-9852898.462778,1564820.045239,61360533.271282,38.960622,-0.551909,0.685670,0.966330,0.852226,0.011193,0.734634,0.957205,0.664839,0.344011,0.213181,0.770106,0.815211,0.449270,0.923173,0.371671,0.231363,0.783280,0.609373,0.983263,0.760173,0.915808,0.468489,0.024169,0.398111,0.076767,0.053872,0.641580,0.852602,0.978284,0.611907,0.309187,0.260503,0.220659,14.340662,19.133150,0.600564,0.211441,0.683096,0.707077,0.591497,0.611811,0.837713,0.858547,0.424151,0.457489,0.440534,41.039378,0.004962,0.007586,10.822958,0.004866,0.004837,0.000705,0.002144,9852898.462778,0.000000
-11111337.539855,1588625.458860,59568989.099901,51.855771,-1.627481,0.739671,0.964999,0.352074,0.060168,0.212219,0.916345,0.731847,0.561790,0.309698,0.773799,0.593435,0.410124,0.402528,0.714945,0.265562,0.883575,0.620675,0.982051,0.107004,0.058775,0.472734,0.058534,0.541462,0.079723,0.606885,0.692052,0.949550,0.962645,0.654655,0.414206,0.259798,0.222329,8.663047,2.407493,0.027973,0.219457,0.772213,0.758686,0.678813,0.667911,0.924123,0.915409,0.803576,0.479467,0.160742,28.144229,0.011584,0.008897,3.981220,0.003689,0.003713,0.000348,0.002501,11111337.539855,0.000000
-4885327.327476,1477711.641671,39136745.095761,33.315284,-1.622747,0.559311,0.973062,0.283841,0.078534,0.834652,0.729500,0.855752,0.540350,0.357138,0.130204,0.603257,0.412122,0.881817,0.848129,0.323000,0.795844,0.588050,0.902989,0.438023,0.769997,0.213035,0.468454,0.399832,0.005260,0.043126,0.643917,0.931388,0.943978,0.450226,0.422467,0.443764,0.106717,11.721822,19.001291,0.339619,0.317646,0.762967,0.774876,0.592023,0.623096,0.817366,0.849313,0.802644,0.405347,0.089231,46.684716,0.008584,0.016254,4.689686,0.004678,0.004653,0.000535,0.002314,4885327.327476,0.000000
-14151697.176318,1277933.296450,68047066.427293,65.487956,-0.658457,0.905035,0.975057,0.355321,0.009324,0.806038,0.619600,0.472562,0.336502,0.402482,0.893183,0.431912,0.674994,0.783928,0.116617,0.231721,0.772428,0.346539,0.399370,0.292894,0.140782,0.235886,0.647578,0.556630,0.433014,0.024107,0.695636,0.957028,0.944965,0.457419,0.282707,0.158934,0.222734,10.082676,19.591654,0.539255,0.148244,0.675101,0.776494,0.597809,0.682646,0.813831,0.903664,0.482350,0.407868,0.586893,14.512044,0.002457,0.005453,5.934458,0.005037,0.005036,0.001075,0.001774,14151697.176318,0.000000
-19570093.491264,1615884.148890,86488241.517671,74.319060,-1.578861,0.742359,0.970430,0.726608,0.080224,0.818770,0.935293,0.404928,0.442398,0.311986,0.444026,0.757462,0.659551,0.291646,0.249306,0.431276,0.475062,0.682402,0.418097,0.027803,0.337774,0.223954,0.592875,0.095166,0.282865,0.656378,0.681834,0.934171,0.969754,0.983854,0.414194,0.150670,0.225364,11.488167,0.622712,0.240167,0.141804,0.701078,0.784741,0.619557,0.689098,0.789958,0.916837,0.793790,0.605503,0.153748,5.680940,0.002902,0.002231,10.913601,0.004176,0.004148,0.000090,0.002759,19570093.491264,0.000000
-6127589.617767,1458237.823395,44098197.163028,33.230465,-1.498607,0.743185,0.681673,0.720303,0.034985,0.757640,0.898824,0.938859,0.291693,0.372823,0.319919,0.399045,0.671105,0.914723,0.031128,0.245558,0.573063,0.579958,0.983832,0.298664,0.474447,0.111624,0.865914,0.408467,0.011139,0.012493,0.563497,0.941932,0.964910,0.472455,0.398170,0.158001,0.252329,9.174032,19.624301,0.403868,0.247270,0.810576,0.769296,0.704518,0.681050,0.885715,0.889573,0.776559,0.407447,0.198431,46.769535,0.000320,0.005595,4.357705,0.003671,0.003680,0.000367,0.002482,6127589.617767,0.000000
-7223535.432023,1277238.078833,47277689.225025,43.177179,-0.506095,0.795991,0.768961,0.281991,0.129389,0.769310,0.774652,0.923133,0.337696,0.317676,0.140478,0.432224,0.311340,0.281664,0.142753,0.385291,0.776104,0.459681,0.387165,0.315054,0.395154,0.222352,0.648381,0.387821,0.124309,0.070420,0.093292,0.943175,0.959967,0.453090,0.414929,0.262592,0.179597,9.849367,18.053433,0.391306,0.258898,0.800400,0.783991,0.704147,0.697246,0.916312,0.910777,0.800519,0.401424,0.156039,36.822821,0.001538,0.012542,0.506095,0.004103,0.004139,0.000541,0.002308,7223535.432023,0.000000
-16842562.585164,1388375.212678,107885621.768593,58.367082,-0.536958,0.794288,0.763873,0.834951,0.057166,0.172089,0.947265,0.332817,0.155358,0.194978,0.379866,0.756986,0.477762,0.312073,0.989536,0.248183,0.461974,0.677752,0.420835,0.282865,0.700016,0.230074,0.480169,0.309651,0.286827,0.149456,0.664878,0.855686,0.969251,0.298475,0.306181,0.261755,0.223442,11.537314,15.913380,0.277083,0.188974,0.493108,0.753174,0.438755,0.655304,0.618866,0.895294,0.415476,0.338167,0.454437,21.632918,0.001875,0.004159,10.017245,0.004392,0.004407,0.000542,0.002307,16842562.585164,0.000000
-12924279.468777,1610919.887557,84435027.396011,38.199632,-1.093461,0.740716,0.969794,0.882117,0.654800,0.194893,0.779170,0.668497,0.523071,0.247802,0.404798,0.760799,0.313476,0.780269,0.244786,0.933973,0.592334,0.309774,0.105283,0.292335,0.392819,0.228389,0.594005,0.397681,0.025501,0.204831,0.192079,0.967214,0.956333,0.468776,0.391288,0.169409,0.103782,11.354470,14.102389,0.510499,0.179486,0.608253,0.672823,0.458036,0.476175,0.537050,0.622536,0.664945,0.408721,0.229148,41.800368,0.000660,0.000836,12.341556,0.004395,0.004386,0.000591,0.002258,12924279.468777,0.000000
-9965585.258353,1278275.063317,60447823.457508,53.026563,-2.079913,0.743197,0.984310,0.274852,0.059586,0.798198,0.944326,0.664835,0.329592,0.354443,0.795190,0.575329,0.416119,0.777553,0.364957,0.127209,0.583478,0.362664,0.707439,0.358831,0.713178,0.111624,0.062110,0.551752,0.277963,0.008094,0.612474,0.990069,0.894574,0.453211,0.467782,0.156052,0.252329,12.921225,20.492960,0.290045,0.236519,0.782448,0.818809,0.676029,0.730267,0.840740,0.900416,0.875059,0.422544,0.057841,26.973437,0.008426,0.002816,2.519648,0.004719,0.004733,0.000896,0.001953,9965585.258353,0.000000
-7930151.169752,1466914.110227,56299035.164908,32.951809,-0.103778,0.741234,0.976476,0.638238,0.671548,0.646673,0.930091,0.664831,0.542475,0.336628,0.782321,0.566839,0.290689,0.291608,0.742891,0.434109,0.585058,0.729196,0.422591,0.781092,0.061746,0.212426,0.040793,0.099083,0.009518,0.011959,0.155355,0.935373,0.738907,0.255319,0.302432,0.158561,0.105617,13.590205,20.345083,0.399794,0.160313,0.639021,0.677874,0.397400,0.428838,0.613752,0.684550,0.098575,0.392585,0.517633,47.048191,0.001249,0.012762,11.619180,0.004427,0.004436,0.000756,0.002093,7930151.169752,0.000000
-14606845.369697,1342367.133149,71908090.929269,56.153803,-1.168430,0.738635,0.975418,0.797289,0.080224,0.248717,0.796825,0.476000,0.441671,0.318697,0.772271,0.723285,0.388621,0.296090,0.167962,0.430665,0.466703,0.583565,0.010625,0.446283,0.397603,0.222706,0.196948,0.939840,0.317192,0.012338,0.016203,0.850381,0.960194,0.230199,0.392814,0.332221,0.254406,13.099880,20.311178,1.104112,0.196938,0.717788,0.810240,0.633148,0.684358,0.886709,0.945185,0.689145,0.314040,0.169030,23.846197,0.002698,0.000359,12.245834,0.005011,0.005017,0.000871,0.001978,14606845.369697,0.000000
-5334581.126943,1318993.010303,38373504.779319,38.044634,-2.007551,0.743185,0.681903,0.265658,0.070957,0.767034,0.693027,0.667855,0.329886,0.345619,0.787780,0.449245,0.460824,0.781013,0.364514,0.316244,0.788753,0.594289,0.699337,0.340921,0.713420,0.111624,0.865914,0.314223,0.076031,0.008534,0.612390,0.967643,0.960410,0.453211,0.467332,0.158057,0.251110,9.556647,19.714434,0.309271,0.290688,0.835604,0.834208,0.724754,0.741777,0.900289,0.918278,0.865683,0.401332,0.049562,41.955366,0.011738,0.010568,2.155490,0.004625,0.004639,0.000830,0.002019,5334581.126943,0.000000
-11341939.935418,1220967.942383,59080145.273768,62.680693,-2.011659,0.743185,0.681673,0.274852,0.070957,0.694934,0.944326,0.666958,0.339507,0.354512,0.795190,0.575329,0.394839,0.782645,0.364957,0.143261,0.592385,0.594856,0.707439,0.358831,0.496049,0.111624,0.945515,0.283264,0.401918,0.009579,0.612474,0.968128,0.975389,0.453211,0.467782,0.164315,0.252338,9.617139,19.736253,0.051160,0.223771,0.806582,0.830340,0.705088,0.739494,0.871672,0.926550,0.866233,0.396658,0.048854,17.319307,0.011764,0.003000,2.446825,0.004545,0.004541,0.000831,0.002018,11341939.935418,0.000000
-6849457.320606,1244757.913274,56766742.539950,55.055546,-1.979625,0.738822,0.768468,0.282255,0.071395,0.780463,0.728430,0.651655,0.589893,0.597479,0.375445,0.618981,0.414593,0.342113,0.752652,0.233839,0.780545,0.572187,0.999093,0.333517,0.503909,0.109947,0.147762,0.297810,0.303987,0.009628,0.612816,0.962353,0.975274,0.448532,0.465364,0.162079,0.252328,11.830892,20.399056,0.130978,0.231359,0.808292,0.831132,0.704618,0.738973,0.871873,0.926836,0.861879,0.394872,0.051375,24.944454,0.010414,0.007129,2.364670,0.004486,0.004507,0.000737,0.002112,6849457.320606,0.000000
-3748620.772760,1327394.735707,35940454.137513,33.612798,-1.048400,0.743173,0.681673,0.284000,0.064356,0.651696,0.692242,0.667165,0.245768,0.321515,0.793610,0.579117,0.459705,0.691403,0.161170,0.242658,0.568866,0.591946,0.024710,0.287433,0.058038,0.240431,0.867663,0.945090,0.016672,0.010689,0.563497,0.967643,0.940977,0.452936,0.467332,0.157882,0.248097,8.795355,19.619695,0.565174,0.299815,0.829227,0.839645,0.716035,0.746091,0.897383,0.919591,0.865683,0.407370,0.049562,46.387202,0.002812,0.000752,1.048400,0.004642,0.004647,0.000873,0.001976,3748620.772760,0.000000
-9928837.819082,1633182.159537,68600279.549432,34.698607,-1.413240,0.740716,0.970016,0.882086,0.677239,0.179653,0.783898,0.660412,0.525400,0.338269,0.392528,0.570040,0.313476,0.898384,0.248383,0.473322,0.462825,0.309774,0.983007,0.453365,0.392816,0.457481,0.041063,0.395088,0.025900,0.037098,0.185733,0.929537,0.959307,0.597432,0.391288,0.331898,0.215964,13.778618,19.620578,0.476700,0.238697,0.729196,0.787309,0.641574,0.689563,0.892593,0.930203,0.756646,0.458194,0.211056,45.301393,0.000644,0.005127,10.862045,0.004566,0.004566,0.000602,0.002247,9928837.819082,0.000000
-10097589.526368,1734012.954298,65387946.794484,37.204819,-0.958735,0.927444,0.974620,0.875938,0.022736,0.223809,0.783900,0.891186,0.540492,0.284244,0.380511,0.756700,0.668971,0.789312,0.744398,0.250565,0.774008,0.600355,0.983006,0.453836,0.409295,0.232488,0.560540,0.389497,0.009978,0.220881,0.695229,0.937366,0.965540,0.478336,0.325741,0.332247,0.215169,11.919479,13.639292,0.560186,0.222032,0.694295,0.687826,0.603782,0.598754,0.849406,0.843007,0.616623,0.409547,0.416773,42.795181,0.011514,0.005075,12.272651,0.004760,0.004761,0.000755,0.002094,10097589.526368,0.000000
-18690265.284661,1625190.538239,80000689.447440,55.901225,-0.295315,0.685940,0.974689,0.726791,0.080224,0.147814,0.786605,0.404928,0.441733,0.316679,0.785619,0.586354,0.411055,0.291608,0.264092,0.430633,0.797652,0.583808,0.415576,0.451071,0.337937,0.223236,0.483922,0.096516,0.120399,0.598865,0.024251,0.857447,0.969228,0.210161,0.277778,0.298474,0.251167,12.054734,2.347123,0.348481,0.160517,0.583029,0.723552,0.500378,0.593451,0.714795,0.862304,0.255703,0.303700,0.264888,24.098775,0.002905,0.016265,11.484459,0.004251,0.004268,0.000349,0.002500,18690265.284661,0.000000
-6807391.323079,1387025.672913,45429175.899910,40.413190,-1.955411,0.963610,0.974491,0.408933,0.127485,0.146474,0.933999,0.634146,0.239541,0.361859,0.219666,0.695122,0.677240,0.926161,0.146552,0.892584,0.772775,0.580427,0.076590,0.293778,0.277935,0.229927,0.059875,0.554025,0.106101,0.019955,0.695580,0.959504,0.742702,0.666594,0.462731,0.158230,0.104595,13.528927,20.090194,0.629402,0.250808,0.774229,0.796126,0.630903,0.648084,0.767174,0.789393,0.858494,0.515049,0.055567,39.586810,0.001625,0.002501,5.599606,0.004892,0.004901,0.001014,0.001835,6807391.323079,0.000000
-7315459.018888,1247476.736552,52900396.007728,61.660089,-0.883514,0.736970,0.976616,0.303133,0.001130,0.647300,0.957019,0.666118,0.685728,0.275009,0.388179,0.754471,0.299649,0.325606,0.268053,0.882343,0.712087,0.585779,0.374217,0.868208,0.063772,0.229832,0.771609,0.101367,0.389084,0.009724,0.428323,0.959672,0.961516,0.263103,0.307834,0.276377,0.247917,9.123560,19.915539,0.229533,0.186754,0.746784,0.744892,0.657898,0.656692,0.887829,0.885693,0.586672,0.326553,0.316113,18.339911,0.005567,0.022980,2.073421,0.004573,0.004583,0.000795,0.002054,7315459.018888,0.000000
-11954810.136494,1470731.491564,81832922.208888,39.036382,-0.866186,0.738350,0.990116,0.856185,0.702510,0.808440,0.755032,0.634580,0.518614,0.320313,0.825896,0.740244,0.416861,0.291567,0.266876,0.391496,0.591084,0.621115,0.463170,0.018175,0.296428,0.231755,0.591464,0.274591,0.079704,0.042214,0.175694,0.937406,0.965079,0.464149,0.413852,0.157278,0.104424,10.943642,19.028907,0.769276,0.188027,0.599116,0.715289,0.511367,0.528358,0.546036,0.697196,0.579448,0.404146,0.156074,40.963618,0.000695,0.000168,11.313606,0.004729,0.004737,0.000670,0.002179,11954810.136494,0.000000
-16066073.861029,1941343.720434,69961990.064837,45.106422,-2.050820,0.798410,0.975682,0.829630,0.147277,0.179619,0.745003,0.696932,0.518841,0.247356,0.796012,0.697122,0.703653,0.903150,0.377629,0.893619,0.583872,0.536346,0.977464,0.300956,0.206369,0.230646,0.547530,0.396939,0.011041,0.615521,0.692252,0.968453,0.965086,0.471405,0.474441,0.289764,0.104378,12.715591,1.765819,0.262149,0.206053,0.576723,0.593693,0.374770,0.387629,0.465953,0.510253,0.871371,0.406981,0.035734,34.893578,0.008007,0.013552,11.681071,0.004240,0.004247,0.000553,0.002296,16066073.861029,0.000000
-8945943.140652,1326859.136421,57145585.442670,39.079830,-0.324556,0.740436,0.773285,0.702216,0.062018,0.654282,0.754191,0.744366,0.343109,0.445112,0.386678,0.691140,0.311444,0.282427,0.160911,0.215260,0.793738,0.591340,0.137484,0.588350,0.158071,0.464678,0.774927,0.399345,0.085380,0.023619,0.650271,0.860444,0.741283,0.632278,0.279929,0.162015,0.106422,9.684869,19.390274,0.841995,0.198007,0.679960,0.714986,0.595338,0.624883,0.784700,0.823739,0.277152,0.551423,0.572299,40.920170,0.002085,0.002421,7.030207,0.004623,0.004638,0.000696,0.002153,8945943.140652,0.000000
-6436989.545274,1221177.207569,52429449.749308,61.560385,-0.613723,0.736882,0.764557,0.303133,0.002568,0.789793,0.957019,0.666118,0.685728,0.275009,0.789076,0.696926,0.299637,0.325606,0.745381,0.894215,0.716667,0.585779,0.374259,0.293898,0.290491,0.229832,0.468942,0.391031,0.389084,0.009724,0.449603,0.959968,0.741142,0.675541,0.276730,0.276634,0.244885,10.037218,20.156115,0.167971,0.160273,0.724403,0.722005,0.636842,0.635240,0.858891,0.855724,0.458668,0.514272,0.510800,18.439615,0.005455,0.032833,2.232625,0.004494,0.004506,0.000757,0.002092,6436989.545274,0.000000
-15328291.880117,1277717.660488,77161612.748046,55.837424,-1.574027,0.695875,0.678014,0.701069,0.145553,0.193766,0.954299,0.358554,0.344755,0.283445,0.237641,0.638399,0.388035,0.232297,0.140106,0.235119,0.767640,0.609709,0.393922,0.426090,0.508925,0.466671,0.873966,0.315000,0.303289,0.028442,0.642570,0.929353,0.978143,0.287205,0.415821,0.163234,0.200767,8.411911,19.229500,0.452069,0.222323,0.730256,0.828974,0.652166,0.691113,0.829367,0.946774,0.792791,0.331229,0.147550,24.162576,0.001365,0.007341,7.405910,0.004261,0.004283,0.000504,0.002345,15328291.880117,0.000000
-15921271.414879,1629532.659690,71984915.807149,51.745028,-0.779213,0.741234,0.965050,0.657371,0.057471,0.626972,0.933697,0.425963,0.553730,0.310350,0.782711,0.754269,0.410653,0.277570,0.716785,0.432462,0.466703,0.621780,0.982129,0.872605,0.058740,0.477000,0.476716,0.125248,0.079642,0.598669,0.155355,0.932054,0.969440,0.255319,0.305766,0.161825,0.105625,11.656800,2.342733,0.198727,0.126365,0.576144,0.597723,0.304086,0.320520,0.484756,0.552983,0.541233,0.321267,0.501541,28.254972,0.001889,0.009737,12.399877,0.004507,0.004517,0.000442,0.002407,15921271.414879,0.000000
-4943401.295044,1401587.454620,63808860.263724,33.797413,-0.939117,0.698481,0.974953,0.912596,0.065887,0.228206,0.761219,0.037829,0.336503,0.316484,0.133970,0.428582,0.461307,0.312209,0.152364,0.545109,0.568829,0.335504,0.050283,0.293755,0.504864,0.122505,0.860602,0.965412,0.021552,0.001687,0.532201,0.961462,0.782406,0.461944,0.313891,0.262637,0.228804,9.220406,19.944187,1.386361,0.255158,0.698607,0.793893,0.617372,0.696919,0.848584,0.923161,0.609027,0.465069,0.485357,46.202587,0.002527,0.000393,9.063431,0.004612,0.004611,0.000591,0.002258,4943401.295044,0.000000
-7388378.365131,1519994.876930,50320995.694276,33.788918,-1.690847,0.914398,0.685141,0.858859,0.016160,0.779725,0.965237,0.673553,0.399966,0.335285,0.315701,0.447427,0.430011,0.790854,0.290300,0.213082,0.591134,0.315665,0.999149,0.437112,0.093726,0.124524,0.062902,0.949309,0.021863,0.007252,0.615274,0.864851,0.749545,0.715729,0.469263,0.325955,0.200558,13.631115,20.459609,0.394020,0.265091,0.805829,0.810813,0.708348,0.712706,0.940129,0.947075,0.815637,0.553079,0.003696,46.211082,0.005843,0.003691,7.680906,0.003774,0.003788,0.000526,0.002323,7388378.365131,0.000000
-14154779.095150,1559583.148549,69399378.962267,61.297109,-1.491376,0.736750,0.976421,0.715644,0.070964,0.805100,0.750764,0.662652,0.487001,0.176977,0.835106,0.697624,0.658433,0.792147,0.742421,0.387846,0.779162,0.585334,0.986007,0.300204,0.711287,0.231909,0.004085,0.558378,0.296571,0.219087,0.646815,0.934620,0.735546,0.677840,0.400562,0.282150,0.225815,14.109687,14.274044,0.308623,0.159182,0.747341,0.790072,0.658004,0.693695,0.906633,0.933334,0.774937,0.521228,0.188664,18.702891,0.012583,0.013803,11.200776,0.004796,0.004801,0.000747,0.002102,14154779.095150,0.000000
-11335588.755750,1684235.091783,72678417.496080,36.745659,-0.519370,0.905544,0.765747,0.882318,0.677239,0.223566,0.785968,0.938992,0.536948,0.284884,0.366338,0.759236,0.307936,0.907427,0.691983,0.256508,0.777540,0.578954,0.399721,0.453688,0.392388,0.233524,0.795897,0.388322,0.019551,0.155788,0.454068,0.929338,0.967690,0.475406,0.276974,0.332229,0.215734,10.177811,15.418324,0.245458,0.208955,0.620364,0.658349,0.537019,0.569043,0.752738,0.793950,0.405105,0.407723,0.418030,43.254341,0.001929,0.005419,7.726331,0.003966,0.003980,0.000547,0.002302,11335588.755750,0.000000
-19692818.435111,1623742.989150,86777903.569152,55.826947,-1.608318,0.742300,0.776433,0.694326,0.390102,0.769310,0.787299,0.401584,0.441722,0.200349,0.807095,0.760370,0.321543,0.313143,0.143559,0.430756,0.741985,0.454876,0.056767,0.892716,0.338404,0.222312,0.648552,0.082421,0.122049,0.587623,0.078457,0.944216,0.959967,0.983670,0.413839,0.261773,0.223558,10.101292,2.550740,0.132312,0.187094,0.683606,0.802569,0.595176,0.704375,0.809985,0.926526,0.799776,0.606209,0.159218,24.173053,0.000525,0.000108,8.411307,0.003609,0.003613,0.000305,0.002544,19692818.435111,0.000000
-14957647.912563,1338151.711387,71392865.218950,57.619486,-1.495129,0.796026,0.971506,0.726791,0.070249,0.147814,0.932619,0.664971,0.350184,0.312051,0.387490,0.429155,0.645833,0.291608,0.258950,0.246516,0.466703,0.682557,0.010625,0.290350,0.394688,0.222349,0.476718,0.392694,0.290150,0.118018,0.638073,0.933897,0.969223,0.548363,0.401476,0.158026,0.179231,11.456224,16.879580,0.904842,0.198829,0.742423,0.780162,0.659903,0.691461,0.835660,0.910848,0.775780,0.435718,0.185933,22.380514,0.003815,0.000015,10.669936,0.004513,0.004519,0.000670,0.002179,14957647.912563,0.000000
-9970331.663831,1616582.932206,69155032.285622,34.679205,-1.918088,0.919391,0.969538,0.896470,0.673013,0.227592,0.726085,0.660412,0.525806,0.321227,0.811161,0.760165,0.313509,0.283487,0.250686,0.451784,0.595083,0.617147,0.983007,0.457023,0.393618,0.451164,0.475416,0.088342,0.025575,0.033477,0.124723,0.937453,0.962327,0.234140,0.468275,0.332229,0.212145,11.451536,19.374436,0.650223,0.240798,0.754276,0.772448,0.563739,0.577953,0.889479,0.904050,0.853112,0.314987,0.035309,45.320795,0.000661,0.010624,11.417954,0.004687,0.004678,0.000903,0.001946,9970331.663831,0.000000
-11694262.877174,1781057.804154,74563143.924971,38.343916,-1.842260,0.913133,0.975492,0.879440,0.708333,0.171120,0.817184,0.980354,0.334371,0.350410,0.380030,0.694120,0.678642,0.725291,0.885762,0.865512,0.808258,0.586724,0.925599,0.436184,0.807441,0.232190,0.938972,0.309884,0.037075,0.162199,0.696182,0.952867,0.974158,0.283059,0.466067,0.091069,0.313872,9.759733,15.139039,0.360497,0.191143,0.724468,0.780353,0.597086,0.623459,0.553323,0.731304,0.841541,0.330749,0.046050,41.656084,0.006665,0.013470,12.632434,0.004442,0.004443,0.000746,0.002103,11694262.877174,0.000000
-19617550.809685,1919602.193688,124893977.342828,44.207429,-1.912358,0.901559,0.975662,0.876195,0.671762,0.775348,0.818794,0.427196,0.270657,0.349840,0.772225,0.754323,0.682643,0.324184,0.871897,0.236407,0.777207,0.580537,0.112948,0.433939,0.808310,0.228913,0.489054,0.303653,0.000450,0.625757,0.698808,0.938023,0.747942,0.281137,0.466969,0.162809,0.244893,12.752152,1.500073,0.227052,0.171479,0.612360,0.741319,0.503722,0.542995,0.650805,0.886419,0.852268,0.400556,0.038146,35.792571,0.001574,0.001075,13.026449,0.003857,0.003880,0.000317,0.002532,19617550.809685,0.000000
-10423844.422365,1487005.925448,69357177.616012,43.423944,-1.947370,0.797862,0.854777,0.815861,0.005065,0.634446,0.729657,0.399430,0.303155,0.327011,0.770319,0.583206,0.284619,0.766773,0.265677,0.886591,0.789516,0.575207,0.941673,0.288382,0.337799,0.230076,0.477213,0.970159,0.148502,0.008754,0.501364,0.996046,0.922853,0.234345,0.442230,0.333348,0.316890,11.366585,20.132787,0.585819,0.267108,0.766142,0.850449,0.681175,0.704244,0.922503,0.965936,0.857351,0.326288,0.053865,36.576056,0.002078,0.023189,8.358566,0.004615,0.004621,0.000921,0.001928,10423844.422365,0.000000
-5281670.785339,1435110.095514,43206442.385040,32.893227,-0.954016,0.741863,0.974498,0.283406,0.660850,0.645042,0.761737,0.997435,0.322322,0.311362,0.376288,0.757408,0.459301,0.331997,0.172344,0.603899,0.774765,0.316247,0.070788,0.312375,0.751113,0.247478,0.139305,0.309663,0.011327,0.001253,0.693187,0.968008,0.973391,0.460613,0.466318,0.264787,0.105583,12.561783,20.544555,0.448634,0.316905,0.755107,0.791656,0.584104,0.616313,0.784398,0.821204,0.865048,0.400163,0.051763,47.106773,0.000349,0.001765,0.954016,0.003413,0.003454,0.000233,0.002616,5281670.785339,0.000000
-8928377.259563,1301146.031613,57127460.260469,64.021246,-1.990360,0.740730,0.977406,0.288214,0.058065,0.871442,0.944783,0.666923,0.569389,0.103616,0.375646,0.694117,0.413076,0.733034,0.738703,0.465181,0.801331,0.687659,0.986318,0.452054,0.712033,0.132831,0.939900,0.719345,0.410184,0.028602,0.642888,0.961711,0.975595,0.623353,0.467569,0.166046,0.225083,10.493290,19.204829,0.111250,0.199331,0.814003,0.811455,0.720600,0.721918,0.900562,0.927708,0.863354,0.462844,0.046653,15.978754,0.009259,0.018155,5.024392,0.004774,0.004786,0.000904,0.001945,8928377.259563,0.000000
-13247958.609320,1720387.817690,87479455.578308,38.493076,-1.438288,0.738693,0.969941,0.882117,0.683997,0.179927,0.783898,0.660412,0.525274,0.341285,0.380302,0.760168,0.315856,0.780269,0.262629,0.467235,0.771433,0.309774,0.806225,0.333810,0.392819,0.455758,0.593864,0.389275,0.025752,0.218141,0.185733,0.937446,0.959577,0.173772,0.391288,0.331916,0.215155,11.192967,13.717468,0.401729,0.207390,0.674421,0.729899,0.499921,0.512105,0.849151,0.874958,0.762666,0.292103,0.214854,41.506924,0.000703,0.006833,11.812201,0.004359,0.004345,0.000441,0.002408,13247958.609320,0.000000
-8401256.496626,1606944.237933,63846975.669890,34.743882,-1.956956,0.914155,0.975651,0.880102,0.677787,0.274122,0.774553,0.972320,0.245017,0.321769,0.849018,0.694265,0.356813,0.890135,0.191032,0.392183,0.463497,0.570158,0.024196,0.859051,0.396940,0.233389,0.164051,0.090456,0.024403,0.043817,0.176159,0.953246,0.960347,0.712638,0.466383,0.334023,0.105881,13.381517,19.308942,0.576427,0.257049,0.725948,0.746115,0.586077,0.601547,0.684016,0.714512,0.858712,0.502971,0.045569,45.256118,0.000402,0.000165,11.810868,0.004618,0.004608,0.000868,0.001981,8401256.496626,0.000000
-13623783.852916,1550757.116119,72151522.898115,41.834645,-0.907977,0.738350,0.990116,0.856185,0.701961,0.820797,0.755107,0.640357,0.562105,0.320746,0.770324,0.740244,0.416861,0.309971,0.265980,0.455411,0.784239,0.621115,0.421907,0.018175,0.296428,0.231755,0.584976,0.274591,0.079704,0.164508,0.190021,0.936914,0.963471,0.988848,0.415827,0.155484,0.107760,11.243599,15.354487,0.645189,0.181018,0.646255,0.756416,0.551801,0.644482,0.626593,0.705484,0.596661,0.609928,0.150975,38.165355,0.000692,0.000168,11.604630,0.004576,0.004587,0.000580,0.002269,13623783.852916,0.000000
-9356474.490834,1539021.593007,59494330.751604,38.682130,-1.664276,0.686107,0.966330,0.829768,0.058999,0.084516,0.937095,0.664839,0.344011,0.354025,0.773747,0.561006,0.449270,0.926404,0.371888,0.266035,0.577856,0.610978,0.983263,0.758865,0.915808,0.473328,0.032336,0.396352,0.076756,0.041599,0.641580,0.949219,0.978284,0.611304,0.420131,0.261381,0.222337,14.092697,19.487331,0.673101,0.257175,0.774949,0.784068,0.684407,0.692226,0.926397,0.931616,0.810672,0.457255,0.146044,41.317870,0.005067,0.007197,10.562687,0.004882,0.004865,0.000728,0.002121,9356474.490834,0.000000
-15748593.472465,1400352.091870,109388212.837852,57.979009,-1.957146,0.717232,0.763830,0.865444,0.059849,0.779920,0.756633,0.439110,0.072936,0.183113,0.317064,0.581110,0.316132,0.769375,0.364606,0.322370,0.788076,0.337621,0.416972,0.340350,0.711144,0.211017,0.062097,0.375663,0.277831,0.164067,0.698492,0.998388,0.732609,0.523652,0.442650,0.156070,0.218872,12.865223,15.814574,0.204830,0.198180,0.645135,0.842274,0.550329,0.722050,0.682654,0.949701,0.858739,0.497421,0.115100,22.020991,0.002511,0.007471,5.818094,0.003967,0.003992,0.000393,0.002456,15748593.472465,0.000000
-6354938.799698,1233095.585111,52698790.008202,62.677161,-0.641370,0.736927,0.766932,0.303133,0.012242,0.789793,0.957019,0.668044,0.685728,0.275009,0.770645,0.692867,0.299442,0.325606,0.745381,0.228647,0.714602,0.585779,0.954650,0.274873,0.063142,0.229832,0.767395,0.391031,0.386594,0.042579,0.449942,0.959968,0.960914,0.676902,0.279779,0.276835,0.248385,9.352167,18.913928,0.084991,0.179766,0.723885,0.719719,0.635802,0.632742,0.859592,0.854812,0.473429,0.488776,0.607093,17.322839,0.005396,0.006461,2.645751,0.004420,0.004428,0.000713,0.002136,6354938.799698,0.000000
-6276959.689683,1376675.251068,43068485.992030,39.845360,-1.614515,0.739290,0.962624,0.352074,0.001246,0.167847,0.957072,0.729921,0.561790,0.214136,0.386154,0.597494,0.410124,0.277540,0.714945,0.897204,0.812165,0.620675,0.400830,0.129891,0.286123,0.472844,0.061849,0.543285,0.082225,0.073702,0.691712,0.949550,0.742873,0.654566,0.412193,0.259353,0.220184,12.815128,18.438374,0.399886,0.263229,0.818168,0.786168,0.722556,0.696338,0.949712,0.932066,0.801013,0.518700,0.165769,40.154640,0.007205,0.022958,1.788867,0.004496,0.004524,0.000762,0.002087,6276959.689683,0.000000
-4751767.397608,1357164.745141,41087463.317674,33.591237,-0.626832,0.793816,0.961256,0.350945,0.006963,0.798475,0.623745,0.655507,0.534694,0.196356,0.205399,0.669979,0.303518,0.863846,0.144309,0.248940,0.565996,0.600521,0.441063,0.822709,0.907501,0.236240,0.917142,0.928082,0.016235,0.010817,0.031005,0.852709,0.960186,0.280591,0.466791,0.172955,0.095409,9.289800,19.608129,0.621258,0.217454,0.691688,0.744781,0.464821,0.508575,0.676032,0.750905,0.465718,0.333782,0.003490,46.408763,0.003576,0.005261,7.290982,0.004937,0.004929,0.000947,0.001902,4751767.397608,0.000000
-13398308.591945,1592561.544801,85776517.073638,41.411971,-0.215641,0.903488,0.978327,0.806657,0.667933,0.227687,0.817274,0.677666,0.514455,0.193143,0.189539,0.570876,0.682752,0.290918,0.878593,0.232916,0.783409,0.619248,0.995368,0.296400,0.821885,0.233850,0.503700,0.294040,0.079383,0.147917,0.063969,0.850764,0.962376,0.179145,0.271471,0.156115,0.214648,11.908079,15.923083,0.384730,0.140056,0.540693,0.698870,0.462578,0.530086,0.450539,0.760710,0.193975,0.293448,0.412977,38.588029,0.001798,0.004700,11.203539,0.004343,0.004347,0.000570,0.002279,13398308.591945,0.000000
-18441775.723366,1961051.178845,116257289.313272,44.317430,-1.897461,0.793658,0.975818,0.879746,0.369002,0.635251,0.725916,0.427196,0.270657,0.350084,0.775575,0.754323,0.307462,0.750509,0.105753,0.891092,0.580652,0.574780,0.936543,0.433462,0.286603,0.119282,0.477349,0.299720,0.000450,0.631554,0.697369,0.937775,0.747942,0.235194,0.464530,0.331871,0.313872,12.811231,1.324432,0.226540,0.203693,0.635791,0.784764,0.564036,0.598708,0.830942,0.932557,0.850051,0.380927,0.042939,35.682570,0.000339,0.013980,11.077920,0.003947,0.003934,0.000389,0.002460,18441775.723366,0.000000
-19992755.878710,1747402.996475,89260371.576027,52.088302,-0.278828,0.753230,0.974283,0.856582,0.707790,0.147814,0.728027,0.404928,0.441733,0.320994,0.838915,0.740748,0.388621,0.291608,0.262333,0.390876,0.468409,0.583735,0.010625,0.451071,0.337937,0.231595,0.167267,0.096516,0.083596,0.598865,0.024251,0.852403,0.969420,0.992567,0.277778,0.332196,0.248859,13.582937,2.620888,0.265053,0.177227,0.534284,0.702016,0.453273,0.593360,0.652980,0.842803,0.243330,0.609035,0.419110,27.911698,0.000666,0.000027,11.311902,0.003950,0.003952,0.000168,0.002681,19992755.878710,0.000000
-12040722.998094,1312045.722256,64810554.266176,56.263485,-0.870173,0.738813,0.986421,0.726394,0.074953,0.820797,0.787215,0.634952,0.562105,0.312441,0.785905,0.756797,0.417987,0.291567,0.267591,0.431254,0.584230,0.573461,0.385317,0.012448,0.296428,0.222469,0.467328,0.274591,0.318898,0.009361,0.175694,0.937410,0.963310,0.718551,0.414233,0.155860,0.107760,11.453654,20.197499,1.016046,0.157387,0.682952,0.773322,0.590133,0.648954,0.690686,0.771085,0.581121,0.504238,0.155132,23.736515,0.002722,0.001172,12.036044,0.005028,0.005033,0.000872,0.001977,12040722.998094,0.000000
-21364559.240565,1718196.659007,95186127.212110,60.689548,-1.624729,0.799274,0.978292,0.811235,0.005307,0.763298,0.718566,0.429223,0.290423,0.349486,0.788873,0.760782,0.479484,0.907759,0.141764,0.245267,0.647950,0.585058,0.118288,0.430600,0.505880,0.235718,0.474781,0.290095,0.157314,0.637953,0.636869,0.850650,0.729833,0.235273,0.465838,0.156826,0.245006,12.744190,1.213636,0.248134,0.139100,0.671624,0.757586,0.543948,0.557898,0.718000,0.900578,0.803035,0.387050,0.004488,19.310452,0.003518,0.001850,10.755197,0.004280,0.004295,0.000346,0.002503,21364559.240565,0.000000
-10092699.324171,1452620.736541,70201308.421980,39.042850,-0.577046,0.794235,0.984475,0.806657,0.368964,0.234404,0.187409,0.673630,0.514455,0.191495,0.185757,0.570876,0.311572,0.267748,0.379145,0.912157,0.586854,0.604224,0.995368,0.295613,0.300874,0.196898,0.830535,0.967715,0.079383,0.041437,0.063969,0.968238,0.964309,0.234252,0.269933,0.166199,0.214698,9.596002,18.834854,0.631041,0.175936,0.626578,0.764921,0.540407,0.615084,0.631482,0.846440,0.438445,0.314476,0.456650,40.957150,0.001333,0.015094,4.965848,0.004691,0.004693,0.000810,0.002039,10092699.324171,0.000000
-5328085.072040,1299029.351559,35583400.780171,38.885650,-0.689978,0.686054,0.766875,0.281641,0.010007,0.149374,0.950840,0.739752,0.349302,0.316645,0.138653,0.586053,0.410972,0.878369,0.145961,0.217579,0.776053,0.586062,0.873522,0.772469,0.329910,0.103771,0.492942,0.240369,0.076922,0.045859,0.563383,0.857198,0.737381,0.233330,0.395914,0.261338,0.102822,11.103010,18.890459,0.216929,0.259672,0.746997,0.789592,0.527007,0.568045,0.799721,0.848448,0.702259,0.383667,0.164189,41.114350,0.003555,0.007162,0.689978,0.004414,0.004411,0.000749,0.002100,5328085.072040,0.000000
-21627198.208439,1702029.830859,101165339.520689,56.320631,-1.826037,0.900753,0.972934,0.869701,0.069339,0.573405,0.750405,0.337894,0.241791,0.209824,0.308492,0.645557,0.389066,0.256551,0.175421,0.384925,0.790943,0.598909,0.429460,0.051666,0.514265,0.217945,0.009209,0.736857,0.121266,0.616480,0.609039,0.996012,0.960287,0.995598,0.422632,0.190872,0.217631,14.576844,2.198257,0.459950,0.196703,0.675904,0.807748,0.602359,0.711746,0.794637,0.937747,0.838950,0.586199,0.161001,23.679369,0.001304,0.004411,10.960418,0.004044,0.004067,0.000366,0.002483,21627198.208439,0.000000
-18875840.193183,1469255.897241,102629733.662760,63.018558,-0.290556,0.794312,0.966864,0.730326,0.373474,0.176366,0.778575,0.326107,0.160543,0.313178,0.232496,0.753079,0.477794,0.361036,0.994971,0.230138,0.462637,0.324933,0.077545,0.867029,0.503035,0.119354,0.958389,0.903060,0.288092,0.286089,0.641981,0.856086,0.960660,0.292605,0.277744,0.262080,0.107542,10.463551,11.425835,0.150281,0.154490,0.492287,0.697880,0.431806,0.481121,0.594449,0.729901,0.252152,0.338351,0.579885,16.981442,0.002869,0.000271,10.460737,0.004556,0.004527,0.000415,0.002434,18875840.193183,0.000000
-5641008.003716,1419749.237396,40057121.449882,35.801410,-0.538068,0.933576,0.936542,0.285440,0.122401,0.798364,0.950955,0.797257,0.508109,0.210175,0.217511,0.607275,0.298349,0.282660,0.827570,0.395011,0.801259,0.768014,0.983584,0.747734,0.470913,0.246047,0.021090,0.324112,0.039625,0.039880,0.644082,0.851583,0.962235,0.282684,0.307923,0.258534,0.215272,13.087196,19.486666,0.232992,0.241901,0.765097,0.689326,0.652857,0.600842,0.905286,0.842482,0.416125,0.334013,0.444985,44.198590,0.004588,0.009773,0.911610,0.004150,0.004186,0.000548,0.002301,5641008.003716,0.000000
-14403062.613963,1645775.694447,66211357.039667,52.317277,-1.845760,0.904486,0.850041,0.490128,0.094000,0.234998,0.724135,0.663650,0.491573,0.350974,0.750530,0.503763,0.416755,0.905731,0.810497,0.247010,0.574390,0.595875,0.400212,0.292730,0.498181,0.231382,0.458190,0.380337,0.079092,0.626312,0.612390,0.914177,0.960001,0.287012,0.468554,0.330018,0.252856,10.652635,1.499129,0.046303,0.225449,0.772767,0.797538,0.630570,0.640739,0.930264,0.942575,0.842095,0.336351,0.025234,27.682723,0.007260,0.004049,6.873664,0.003745,0.003747,0.000444,0.002405,14403062.613963,0.000000
-9635302.401356,1403782.523799,61502593.026504,38.901066,-0.243202,0.793844,0.755890,0.806657,0.127546,0.173014,0.723675,0.675903,0.517781,0.196842,0.789224,0.570876,0.430992,0.270600,0.371636,0.244221,0.576668,0.614813,0.992634,0.282809,0.703090,0.124190,0.044497,0.909731,0.079383,0.042271,0.740207,0.855508,0.937709,0.234260,0.272775,0.158479,0.250895,13.989314,19.435475,0.514455,0.197805,0.652011,0.709349,0.567654,0.615805,0.791002,0.847460,0.215887,0.321990,0.282945,41.098934,0.001961,0.005088,5.295148,0.004303,0.004319,0.000791,0.002058,9635302.401356,0.000000
-16383709.034524,1383235.309770,74464181.488230,68.288893,-1.893365,0.743258,0.681324,0.494492,0.000164,0.819908,0.722744,0.669222,0.339801,0.303702,0.365924,0.572286,0.458913,0.336566,0.372537,0.322751,0.780371,0.596592,0.362928,0.027239,0.496135,0.132756,0.794221,0.167501,0.299617,0.417354,0.693325,0.933169,0.959178,0.314759,0.466340,0.158383,0.251090,8.725858,7.588488,0.184309,0.193209,0.761918,0.816220,0.674684,0.695154,0.844826,0.932167,0.849436,0.347462,0.037410,11.711107,0.006085,0.003945,4.266308,0.003890,0.003922,0.000502,0.002347,16383709.034524,0.000000
-15182839.664787,1420043.666663,74829508.085760,62.077271,-0.862154,0.848503,0.974543,0.724412,0.077391,0.156530,0.786577,0.348447,0.542839,0.209869,0.779472,0.757945,0.388676,0.291509,0.262257,0.424324,0.783351,0.577278,0.041840,0.430684,0.506485,0.222309,0.572878,0.088026,0.322790,0.171559,0.974702,0.935232,0.742625,0.992530,0.314579,0.261608,0.248585,10.979768,15.212006,0.752539,0.161093,0.667043,0.772589,0.586854,0.674971,0.820442,0.909134,0.577749,0.523805,0.467350,17.922729,0.002864,0.000794,12.125274,0.004929,0.004932,0.000946,0.001903,15182839.664787,0.000000
-20135841.756261,1575321.448790,105800008.903676,75.979623,-0.980705,0.848917,0.975657,0.721110,0.077391,0.156530,0.786578,0.644222,0.147836,0.208104,0.779472,0.757908,0.388169,0.291509,0.262257,0.351148,0.782204,0.773812,0.041840,0.430684,0.505980,0.222309,0.846971,0.096766,0.322790,0.579927,0.974702,0.987209,0.742625,0.590167,0.309199,0.199842,0.248833,8.861903,2.725952,0.313540,0.123641,0.563585,0.725833,0.500370,0.635681,0.700230,0.869208,0.624953,0.505193,0.519787,4.020377,0.002491,0.000722,11.765430,0.004491,0.004497,0.000646,0.002203,20135841.756261,0.000000
-5541454.813520,1331540.610962,40693350.816182,38.063088,-1.375662,0.743228,0.849900,0.246564,0.070957,0.768030,0.728967,0.675516,0.492759,0.351336,0.792405,0.398169,0.420693,0.782644,0.362334,0.247123,0.809823,0.594585,0.506013,0.334572,0.707590,0.111624,0.171446,0.296487,0.077522,0.010624,0.610520,0.967635,0.964910,0.448375,0.467356,0.158001,0.252329,12.686707,20.241003,0.350021,0.285174,0.831190,0.826387,0.720472,0.734971,0.894707,0.910932,0.865698,0.398031,0.049511,41.936912,0.006633,0.007843,1.375662,0.004530,0.004547,0.000793,0.002056,5541454.813520,0.000000
-7211237.856767,1426855.926519,48690961.611218,38.069076,-1.594952,0.736893,0.770550,0.270852,0.676625,0.749377,0.681965,0.667867,0.338990,0.345619,0.836148,0.839235,0.388296,0.770232,0.727785,0.386935,0.788761,0.594864,0.975942,0.341102,0.298355,0.111624,0.865914,0.313786,0.076031,0.009609,0.612280,0.967282,0.958138,0.239748,0.400690,0.158087,0.251119,10.523366,19.731492,0.087068,0.244365,0.804675,0.823815,0.659117,0.673089,0.881414,0.933921,0.797082,0.318359,0.203687,41.930924,0.004878,0.012217,2.691089,0.003486,0.003495,0.000222,0.002627,7211237.856767,0.000000
-6684877.138412,1376718.409254,43965647.010966,40.406424,-1.424849,0.546065,0.861395,0.408933,0.080190,0.709724,0.937192,0.997498,0.286700,0.403990,0.106422,0.695397,0.677240,0.926161,0.389410,0.888867,0.781312,0.580487,0.986920,0.298541,0.024772,0.192232,0.340591,0.554025,0.105343,0.019546,0.694399,0.850544,0.998658,0.649061,0.432476,0.158230,0.104595,12.302487,19.877176,0.511198,0.249414,0.773709,0.764065,0.629707,0.647414,0.767787,0.782606,0.759455,0.465086,0.073523,39.593576,0.009346,0.033023,7.335030,0.004839,0.004826,0.000674,0.002175,6684877.138412,0.000000
-10148626.638899,1467045.461901,65363844.705202,41.571801,-1.839320,0.960547,0.973742,0.874099,0.058992,0.140841,0.745759,0.668403,0.234396,0.356277,0.214158,0.747701,0.416637,0.893552,0.147344,0.326332,0.772790,0.595643,0.410793,0.132439,0.027498,0.283423,0.055854,0.308142,0.125195,0.008581,0.695568,0.960392,0.738389,0.668281,0.442709,0.157975,0.101368,14.083552,20.484986,0.900503,0.222307,0.735404,0.752575,0.591200,0.603373,0.672409,0.714483,0.841075,0.513042,0.098615,38.428199,0.002501,0.007049,11.516402,0.004954,0.004957,0.000916,0.001933,10148626.638899,0.000000
-10640436.226018,1562042.738187,68052998.211197,38.953110,-0.270081,0.794235,0.978484,0.806657,0.379483,0.233738,0.784414,0.660351,0.518057,0.197361,0.773740,0.609540,0.311363,0.883757,0.151991,0.241380,0.775006,0.615835,0.983108,0.295613,0.307423,0.124322,0.503700,0.404001,0.079383,0.040438,0.645650,0.850764,0.962376,0.248110,0.277406,0.332557,0.257513,11.651925,19.150160,0.592315,0.210370,0.622200,0.709119,0.535042,0.607803,0.761020,0.849321,0.236682,0.320441,0.265090,41.046890,0.000598,0.006309,12.045306,0.004659,0.004643,0.000815,0.002034,10640436.226018,0.000000
-12402660.415291,1704525.967600,71949228.603225,38.492523,-0.371917,0.905544,0.978258,0.879672,0.677239,0.223566,0.725950,0.935583,0.535416,0.284884,0.367916,0.759994,0.307936,0.294269,0.744337,0.256508,0.639333,0.579644,0.998744,0.453688,0.388696,0.233417,0.003241,0.902945,0.026643,0.219717,0.081737,0.929338,0.965602,0.472108,0.261166,0.332221,0.216098,14.430617,14.141732,0.347683,0.195337,0.614401,0.627481,0.529299,0.540631,0.735102,0.749235,0.310588,0.407093,0.416904,41.507477,0.000535,0.004535,11.303241,0.004453,0.004442,0.000596,0.002253,12402660.415291,0.000000
-13551589.163592,1728143.748807,69041022.146578,45.779778,-1.460169,0.738718,0.976987,0.643063,0.679574,0.673923,0.627347,0.946598,0.532197,0.347560,0.378763,0.760116,0.285915,0.746320,0.161582,0.467245,0.651543,0.671549,0.403290,0.341082,0.496251,0.471985,0.152117,0.395300,0.024417,0.584792,0.181243,0.932052,0.968038,0.457003,0.436664,0.190574,0.105621,12.614793,3.024466,0.188516,0.147151,0.601825,0.623133,0.392112,0.408752,0.488583,0.532311,0.767803,0.400426,0.099841,34.220222,0.000299,0.006913,9.584294,0.003472,0.003470,0.000104,0.002745,13551589.163592,0.000000
-4104243.401936,1249175.328891,53257022.369082,52.231291,-0.368442,0.739622,0.776282,0.403354,0.052352,0.655574,0.754695,0.748215,0.800312,0.314507,0.799456,0.668736,0.306140,0.888429,0.161191,0.910738,0.796841,0.592323,0.066049,0.588350,0.008027,0.465561,0.433145,0.929916,0.264857,0.010807,0.668587,0.866074,0.958283,0.630575,0.282773,0.171766,0.099521,10.617434,20.145516,0.419467,0.174003,0.707669,0.707402,0.618398,0.618596,0.751003,0.769076,0.308189,0.471531,0.562544,27.768709,0.003055,0.002436,8.178139,0.004656,0.004653,0.000897,0.001952,4104243.401936,0.000000
-4566132.617026,1405769.654873,57946939.051556,33.498944,-1.967775,0.553288,0.972870,0.700811,0.057852,0.771785,0.871130,0.055811,0.345068,0.354315,0.312574,0.572630,0.471859,0.277460,0.171723,0.228683,0.580516,0.584257,0.150954,0.039239,0.759808,0.244914,0.797332,0.387394,0.012337,0.022067,0.691659,0.962070,0.735208,0.676615,0.463474,0.293459,0.101588,9.591632,19.366955,1.268604,0.309624,0.796037,0.834609,0.655617,0.685938,0.800696,0.852404,0.860233,0.511197,0.055106,46.501056,0.003071,0.001105,4.440319,0.004335,0.004308,0.000229,0.002620,4566132.617026,0.000000
-17205261.747735,1445254.230227,103806967.265961,58.419670,-1.600579,0.741367,0.855181,0.731431,0.127309,0.196893,0.918191,0.436068,0.143994,0.335037,0.382572,0.596241,0.459798,0.793759,0.262475,0.531215,0.770090,0.577347,0.424636,0.300075,0.351111,0.247550,0.195307,0.402153,0.287957,0.150776,0.856724,0.844420,0.969230,0.988560,0.465194,0.161800,0.225016,12.921684,16.125093,0.391240,0.206912,0.652454,0.816264,0.582891,0.718278,0.825874,0.949693,0.798220,0.607545,0.003172,21.580330,0.004553,0.016203,11.213064,0.004513,0.004523,0.000674,0.002175,17205261.747735,0.000000
-21441155.632638,1606959.476302,111336789.633139,75.836139,-1.043834,0.654504,0.975030,0.724412,0.076325,0.160785,0.762211,0.402839,0.157999,0.403600,0.782649,0.566489,0.676439,0.303115,0.262257,0.426035,0.783351,0.764093,0.410425,0.430684,0.153914,0.222096,0.821637,0.096646,0.322790,0.575926,0.978982,0.984919,0.749069,0.993640,0.317769,0.252629,0.250200,9.878945,2.854796,0.263636,0.133388,0.550550,0.768472,0.489170,0.670703,0.689547,0.905397,0.647898,0.508497,0.483303,4.163861,0.003882,0.017272,10.455484,0.004213,0.004228,0.000251,0.002598,21441155.632638,0.000000
-18062595.257083,1453050.904639,114155727.007489,58.120300,-0.890105,0.712614,0.992386,0.824131,0.059849,0.807013,0.756617,0.439110,0.155630,0.190940,0.798797,0.749214,0.316132,0.290868,0.359814,0.322370,0.927080,0.358653,0.999480,0.304840,0.711204,0.213613,0.062097,0.581643,0.279553,0.164067,0.642648,0.847364,0.733941,0.525316,0.354687,0.156070,0.218872,13.964203,15.842557,0.547838,0.147081,0.532116,0.786519,0.476239,0.687534,0.601318,0.927367,0.589387,0.510328,0.276879,21.879700,0.001368,0.008788,11.752698,0.004814,0.004824,0.000699,0.002150,18062595.257083,0.000000
-6435832.956592,1531708.672173,43264275.990553,35.317727,-1.918541,0.938194,0.960414,0.315697,0.379632,0.798364,0.950955,0.796418,0.517814,0.210672,0.313484,0.754596,0.298140,0.761168,0.832362,0.400305,0.806376,0.765010,0.962339,0.747825,0.508519,0.111289,0.021399,0.926200,0.032878,0.041428,0.697831,0.994128,0.962990,0.281422,0.438467,0.258534,0.255717,13.422467,19.459214,0.205005,0.279368,0.821046,0.791169,0.658382,0.672550,0.944261,0.936669,0.853179,0.333303,0.122748,44.682273,0.004993,0.009907,6.049894,0.004301,0.004307,0.000695,0.002154,6435832.956592,0.000000
-9812306.819257,1406610.968444,61948152.093909,39.311727,-0.325470,0.739895,0.779533,0.702216,0.378963,0.841374,0.751469,0.673882,0.349971,0.199045,0.789221,0.570627,0.311356,0.270717,0.144258,0.898551,0.795888,0.591140,0.893437,0.438455,0.755425,0.235985,0.471877,0.378850,0.083146,0.043763,0.679919,0.860488,0.952732,0.235473,0.280014,0.156603,0.104122,11.378098,19.039106,0.502327,0.202909,0.661340,0.711032,0.449439,0.474922,0.667928,0.732912,0.277812,0.318205,0.571922,40.688273,0.000548,0.029547,7.023273,0.004296,0.004315,0.000795,0.002054,9812306.819257,0.000000
-9751762.976422,1567952.642477,61648040.511833,35.622619,-0.277377,0.934651,0.960516,0.868467,0.369113,0.760733,0.951179,0.797257,0.512408,0.219586,0.232216,0.754596,0.298511,0.263602,0.236624,0.395011,0.807232,0.768014,0.962205,0.747825,0.504082,0.113193,0.847386,0.309770,0.034847,0.041428,0.641987,0.851583,0.962065,0.294674,0.277914,0.258362,0.215273,9.805243,18.817675,0.691356,0.206762,0.652905,0.651642,0.562204,0.561563,0.794821,0.792399,0.242231,0.338755,0.501602,44.377381,0.000968,0.009593,14.253433,0.004797,0.004802,0.000827,0.002022,9751762.976422,0.000000
-16095878.982092,1692674.685501,93289622.200677,45.074620,-1.200926,0.685385,0.965837,0.729155,0.078770,0.147791,0.787395,0.738475,0.349302,0.316628,0.794834,0.586053,0.410972,0.282007,0.266379,0.891475,0.794011,0.586102,0.422074,0.449817,0.065102,0.224619,0.017948,0.095749,0.011455,0.616510,0.036575,0.853952,0.966027,0.233330,0.395914,0.261744,0.104342,15.040584,2.133783,0.421040,0.167712,0.575918,0.608243,0.291988,0.316372,0.467977,0.576235,0.699085,0.313636,0.162647,34.925380,0.002677,0.016574,11.926872,0.004193,0.004213,0.000512,0.002337,16095878.982092,0.000000
-13493536.491225,1294195.745426,69285877.692254,52.519597,-0.324556,0.739895,0.774611,0.726529,0.057764,0.655428,0.753613,0.744366,0.341162,0.353940,0.801168,0.668090,0.390276,0.282454,0.262810,0.245412,0.795414,0.583563,0.010986,0.450922,0.010710,0.464678,0.434473,0.929916,0.267108,0.014585,0.669384,0.860444,0.958283,0.630575,0.279929,0.171766,0.248184,11.404225,20.016978,0.752865,0.173531,0.639049,0.716101,0.560109,0.624684,0.780560,0.856246,0.277152,0.471531,0.572299,27.480403,0.002408,0.000298,7.221836,0.004603,0.004619,0.000819,0.002030,13493536.491225,0.000000
-19839856.232766,2056328.297267,84395016.401010,47.576950,-1.552031,0.909969,0.981693,0.879292,0.677239,0.766720,0.785955,0.658562,0.355747,0.318659,0.767619,0.760222,0.288403,0.911018,0.249458,0.459628,0.748955,0.602461,0.983012,0.453688,0.422262,0.232082,0.576501,0.383878,0.025654,0.662734,0.189027,0.939619,0.966710,0.596528,0.407388,0.299854,0.215144,12.139741,0.362180,0.124326,0.163390,0.703565,0.735484,0.581266,0.586273,0.848748,0.856658,0.788183,0.455358,0.173343,32.423050,0.000646,0.012018,12.786101,0.003387,0.003366,0.000218,0.002631,19839856.232766,0.000000
-20284007.153658,2062106.749753,89221421.816939,47.576950,-1.552031,0.909969,0.981693,0.894753,0.677239,0.766720,0.785955,0.658562,0.285799,0.318659,0.767619,0.760222,0.288403,0.911018,0.249458,0.459628,0.748955,0.602461,0.983012,0.453688,0.422262,0.232082,0.576501,0.383878,0.025654,0.662734,0.189027,0.939619,0.966710,0.596528,0.407388,0.299854,0.215144,12.157245,0.358513,0.123859,0.165130,0.689341,0.736143,0.582253,0.587116,0.848678,0.857267,0.788183,0.455358,0.173343,32.423050,0.000608,0.012007,12.758276,0.003388,0.003368,0.000222,0.002627,20284007.153658,0.000000
-17174112.197173,1401204.963684,120069871.668054,74.917819,-1.950383,0.658998,0.855181,0.880198,0.124919,0.197210,0.774938,0.426659,0.090234,0.321773,0.138901,0.596241,0.459798,0.908064,0.245513,0.530743,0.462522,0.577396,0.006674,0.287706,0.041442,0.247673,0.195307,0.399193,0.482541,0.166213,0.889800,0.953291,0.958799,0.245726,0.465223,0.161800,0.225448,12.446430,15.747074,0.240361,0.170546,0.649371,0.813663,0.585718,0.643557,0.819157,0.931497,0.857780,0.320516,0.047930,5.082181,0.004087,0.000079,7.571993,0.004309,0.004286,0.000202,0.002647,17174112.197173,0.000000
-11191630.357647,1512976.909789,70348486.685824,38.674616,-0.675632,0.690864,0.771735,0.877448,0.063731,0.142632,0.784028,0.671133,0.474521,0.210859,0.386299,0.453930,0.315174,0.287877,0.246804,0.232496,0.780558,0.570325,0.951213,0.853626,0.023046,0.229838,0.588940,0.389301,0.028269,0.216645,0.860058,0.949358,0.954536,0.620581,0.287353,0.150578,0.250979,11.123795,13.713478,0.433968,0.205186,0.647026,0.723912,0.568567,0.632944,0.787117,0.861922,0.491165,0.468890,0.553815,41.325384,0.001564,0.007232,6.319038,0.003778,0.003794,0.000224,0.002625,11191630.357647,0.000000
-6670221.026076,1486621.632296,48395502.168972,34.622634,-1.438288,0.740470,0.970023,0.309849,0.677239,0.180351,0.756240,0.646596,0.525400,0.344392,0.380302,0.760667,0.408344,0.783998,0.183588,0.467235,0.771412,0.309774,0.983007,0.453365,0.392819,0.455758,0.206951,0.393412,0.025752,0.032452,0.185733,0.937446,0.959540,0.234045,0.391288,0.331916,0.215155,11.212459,19.567205,0.177729,0.261201,0.793332,0.807790,0.616777,0.636028,0.924460,0.938084,0.762666,0.315730,0.214854,45.377366,0.000376,0.018481,2.984219,0.003488,0.003488,0.000382,0.002467,6670221.026076,0.000000
-6570334.410090,1453664.411311,48936916.731839,32.797512,-0.775680,0.738810,0.769052,0.714886,0.065177,0.780463,0.732133,0.675348,0.492496,0.597479,0.357068,0.620873,0.428622,0.783015,0.749535,0.236478,0.811875,0.572133,0.382366,0.333517,0.707087,0.109947,0.148126,0.296955,0.007825,0.009628,0.612816,0.962682,0.960038,0.453094,0.294016,0.164486,0.252328,13.367458,20.307611,0.569550,0.226466,0.741504,0.745369,0.650648,0.654239,0.879535,0.882011,0.539609,0.401403,0.429876,47.202488,0.006444,0.007278,6.082383,0.004547,0.004559,0.000703,0.002146,6570334.410090,0.000000
-15707552.969949,1699093.494360,69984230.422363,52.894564,-1.363396,0.902286,0.970446,0.706381,0.002413,0.574622,0.747428,0.669332,0.499212,0.323235,0.213858,0.828514,0.414740,0.915962,0.174359,0.226024,0.574855,0.291743,0.951137,0.124202,0.167129,0.241857,0.477456,0.399822,0.086871,0.616473,0.650285,0.853543,0.740091,0.286719,0.421087,0.162396,0.105410,12.822620,1.817557,0.255542,0.141942,0.564621,0.583323,0.302919,0.317156,0.462318,0.517300,0.744209,0.405644,0.100680,27.105436,0.004967,0.003615,11.599865,0.004519,0.004510,0.000404,0.002445,15707552.969949,0.000000
-8005381.564764,1497370.476477,57632654.300482,34.882109,-0.687239,0.901257,0.970409,0.870890,0.064949,0.141947,0.626597,0.666756,0.471784,0.204977,0.383741,0.628770,0.428678,0.312279,0.371204,0.547323,0.474593,0.581363,0.979873,0.293075,0.501776,0.110639,0.200781,0.297817,0.029577,0.030956,0.529609,0.934394,0.954555,0.966593,0.294087,0.150686,0.238347,13.347975,19.643210,0.910055,0.207881,0.702014,0.731456,0.614879,0.639765,0.806033,0.871403,0.497037,0.604726,0.553557,45.117891,0.002539,0.010059,8.896686,0.004848,0.004851,0.000904,0.001945,8005381.564764,0.000000
-6025026.972948,1477891.416789,70221183.268284,33.023933,-1.546285,0.697475,0.970160,0.912433,0.635891,0.228206,0.759843,0.037829,0.336023,0.316484,0.795631,0.478995,0.461307,0.284336,0.152364,0.322335,0.568829,0.594847,0.053140,0.292583,0.026256,0.122982,0.861538,0.964297,0.011248,0.001687,0.684303,0.961223,0.782406,0.638797,0.396223,0.262530,0.238544,9.197859,19.959441,1.018884,0.271331,0.731279,0.835878,0.648901,0.735806,0.894097,0.956949,0.786962,0.529980,0.212789,46.976067,0.000298,0.000236,9.590532,0.004471,0.004477,0.000635,0.002214,6025026.972948,0.000000
-315303.699451,1295017.109697,47611778.271732,54.651645,-1.984401,0.743302,0.764158,0.282292,0.063727,0.780463,0.728430,0.939217,0.804057,0.598393,0.374512,0.754176,0.474710,0.879568,0.714958,0.461999,0.780079,0.777223,0.992220,0.266917,0.750534,0.107421,0.148452,0.309346,0.293280,0.021949,0.612822,0.962353,0.975287,0.460827,0.466189,0.298057,0.252469,12.215454,20.054957,0.133744,0.244327,0.829027,0.796290,0.731526,0.707111,0.958263,0.942127,0.862537,0.399656,0.049702,25.348355,0.016741,0.017395,4.713470,0.004765,0.004777,0.000905,0.001944,315303.699451,0.000000
-3428448.944288,1342754.251574,47987416.171856,33.076061,-1.577412,0.496072,0.978840,0.401949,0.052457,0.771931,0.871635,0.059589,0.741239,0.314775,0.310862,0.570065,0.473164,0.337422,0.186399,0.894016,0.580982,0.578218,0.146196,0.038292,0.502674,0.246602,0.797332,0.388645,0.009875,0.010124,0.690863,0.967699,0.735208,0.677690,0.397852,0.156601,0.101561,9.497419,19.714557,1.199585,0.267154,0.791104,0.816304,0.648511,0.682645,0.781277,0.833918,0.793491,0.509193,0.211469,46.923939,0.003932,0.001718,5.584474,0.004852,0.004845,0.000690,0.002159,3428448.944288,0.000000
-10004261.287795,1777786.386041,66502418.142186,34.963232,-1.616230,0.927165,0.978321,0.876904,0.664181,0.834563,0.629860,0.935436,0.540265,0.403873,0.803954,0.603257,0.668808,0.883014,0.732159,0.234961,0.795844,0.579183,0.983039,0.437173,0.391170,0.213035,0.468454,0.397248,0.026720,0.043126,0.650849,0.929333,0.944967,0.450226,0.422467,0.443764,0.100517,11.842883,19.114960,0.473494,0.254084,0.626653,0.644815,0.442215,0.456187,0.584986,0.622100,0.801354,0.405033,0.089656,45.036768,0.005073,0.004904,9.502644,0.004536,0.004531,0.000847,0.002002,10004261.287795,0.000000
-6127721.719918,1511066.462106,43731425.223541,37.063425,-0.525887,0.905544,0.972998,0.357022,0.024427,0.223655,0.785968,0.888882,0.535779,0.284884,0.366338,0.760225,0.307936,0.907244,0.156442,0.256508,0.777552,0.600569,0.902957,0.453688,0.771214,0.233550,0.003241,0.399799,0.009861,0.219209,0.644062,0.931393,0.965602,0.475406,0.276974,0.332229,0.216098,13.762238,14.071016,0.308259,0.244510,0.734976,0.661590,0.636520,0.575804,0.869765,0.797506,0.408969,0.408382,0.416874,42.936575,0.003566,0.005714,5.251270,0.004406,0.004401,0.000788,0.002061,6127721.719918,0.000000
-5850254.629688,1364981.413079,48298984.011528,34.124687,-1.071315,0.740716,0.770539,0.300150,0.656698,0.773195,0.779170,0.399285,0.523143,0.344224,0.395662,0.760799,0.313476,0.780269,0.244786,0.242532,0.648014,0.309063,0.113479,0.333318,0.392087,0.110489,0.147035,0.297732,0.025752,0.008653,0.185733,0.967766,0.975132,0.226708,0.391288,0.162280,0.245685,12.493982,20.312290,0.286714,0.235357,0.736063,0.813745,0.635699,0.691125,0.790253,0.872419,0.657442,0.308526,0.229413,45.875313,0.000657,0.003641,1.284293,0.003755,0.003771,0.000460,0.002389,5850254.629688,0.000000
-10537241.430099,1165294.454166,58658957.683907,62.636028,-0.598600,0.743185,0.681903,0.269642,0.070896,0.798198,0.944326,0.738551,0.345441,0.319010,0.795190,0.575581,0.416119,0.295793,0.262449,0.135695,0.592385,0.683487,0.707996,0.356359,0.713238,0.111624,0.932254,0.283715,0.401918,0.008504,0.612474,0.914281,0.975615,0.466905,0.291243,0.164286,0.107545,8.923186,19.777243,0.165692,0.177235,0.708630,0.728272,0.627108,0.643860,0.834468,0.856940,0.450420,0.401920,0.553939,17.363972,0.006402,0.002709,0.964504,0.004462,0.004486,0.000724,0.002125,10537241.430099,0.000000
-11294298.344223,1393232.132032,66158127.684189,43.653351,-1.605572,0.684492,0.761193,0.732812,0.078606,0.852003,0.788754,0.670964,0.329867,0.353705,0.796589,0.595071,0.471655,0.778567,0.362813,0.216940,0.787746,0.592725,0.063874,0.585000,0.296805,0.235917,0.037470,0.089197,0.147017,0.025847,0.640790,0.862513,0.744020,0.978944,0.455926,0.162297,0.252154,13.875829,19.966417,0.486041,0.216246,0.753172,0.812648,0.634867,0.717144,0.832948,0.927535,0.799225,0.551736,0.029038,36.346649,0.007642,0.000881,6.637992,0.004393,0.004409,0.000696,0.002153,11294298.344223,0.000000
-4097786.557872,1384646.023629,34174149.851799,32.943160,-1.632119,0.743302,0.768468,0.282292,0.010088,0.780463,0.624222,0.939217,0.538516,0.604447,0.374520,0.753522,0.473210,0.318948,0.729354,0.463119,0.780545,0.771184,0.995165,0.265970,0.771857,0.108226,0.148452,0.310451,0.010409,0.007167,0.612822,0.959541,0.944562,0.450074,0.410063,0.161199,0.253205,13.137171,20.342298,0.443323,0.272297,0.840592,0.788049,0.725002,0.699342,0.908340,0.898715,0.804485,0.405101,0.175737,47.056840,0.010715,0.017496,2.816983,0.004619,0.004638,0.000811,0.002038,4097786.557872,0.000000
-5405026.145764,1261260.514071,48744560.978433,41.208267,-0.606013,0.739003,0.965036,0.401245,0.001373,0.172287,0.155429,0.466902,0.243934,0.658708,0.307809,0.598493,0.311683,0.784735,0.175374,0.465908,0.580119,0.591921,0.007540,0.548250,0.336364,0.240411,0.406644,0.705178,0.118828,0.010086,0.560662,0.959044,0.736507,0.196584,0.276202,0.164691,0.240035,11.460709,20.070991,0.578241,0.211126,0.734444,0.796084,0.648241,0.699945,0.858524,0.916657,0.454479,0.368184,0.303112,38.791733,0.005245,0.000965,3.497028,0.004686,0.004684,0.000914,0.001935,5405026.145764,0.000000
-6684797.410518,1322913.861396,52313083.400026,38.533325,-2.082191,0.683367,0.775118,0.483540,0.056340,0.633479,0.754391,0.433927,0.570987,0.321702,0.809653,0.582784,0.392912,0.273229,0.161000,0.215221,0.574400,0.591596,0.173009,0.287439,0.054223,0.252502,0.424125,0.383952,0.079599,0.022085,0.186497,0.993179,0.941330,0.630297,0.466508,0.330276,0.103956,11.488241,19.696604,0.890989,0.305433,0.808044,0.841802,0.664017,0.690492,0.823148,0.863484,0.875343,0.477252,0.061714,41.466675,0.002965,0.005483,6.623502,0.004768,0.004780,0.000856,0.001993,6684797.410518,0.000000
-11172984.060938,1439668.198438,77392170.359844,38.195960,-0.215647,0.738813,0.978915,0.856684,0.702510,0.832517,0.728637,0.634952,0.560515,0.191496,0.770324,0.741125,0.417815,0.291567,0.267443,0.388472,0.586862,0.617364,0.385317,0.012448,0.300908,0.231755,0.151938,0.274265,0.079704,0.009433,0.175694,0.850426,0.963535,0.718551,0.271591,0.157284,0.107760,13.509889,20.375370,0.822471,0.175649,0.581477,0.706962,0.508769,0.613680,0.579565,0.751301,0.193980,0.504158,0.606144,41.804040,0.000698,0.000127,10.549979,0.004746,0.004755,0.000686,0.002163,11172984.060938,0.000000
-10599240.684762,1435362.736882,70621700.768151,38.975528,-0.471291,0.794235,0.991406,0.806159,0.368964,0.221968,0.724397,0.677666,0.516045,0.322638,0.192890,0.569995,0.311745,0.270600,0.151991,0.239109,0.585929,0.575345,0.995368,0.295613,0.325888,0.124190,0.509640,0.294355,0.079383,0.041365,0.063969,0.937748,0.962343,0.234260,0.412575,0.156110,0.214648,11.423714,19.104100,0.703726,0.185562,0.606445,0.742330,0.520918,0.622003,0.572120,0.776721,0.375804,0.315029,0.159403,41.024472,0.000619,0.004789,10.094117,0.004698,0.004702,0.000595,0.002254,10599240.684762,0.000000
-12420387.280853,1819927.896555,80298487.615613,37.132364,-0.485841,0.905544,0.978258,0.879379,0.671671,0.223566,0.752112,0.663809,0.535693,0.284002,0.382883,0.760225,0.307936,0.889712,0.744337,0.912878,0.786833,0.321503,0.983006,0.435982,0.774389,0.233550,0.003241,0.397215,0.010676,0.219209,0.690592,0.929338,0.965602,0.472936,0.273311,0.297478,0.114847,14.522475,14.170240,0.324152,0.192171,0.587912,0.640915,0.441999,0.454451,0.582610,0.631215,0.384820,0.407417,0.557513,42.867636,0.001824,0.007503,12.229813,0.004343,0.004325,0.000737,0.002112,12420387.280853,0.000000
-8369739.729381,1624668.210295,59010838.359710,34.171917,-2.116097,0.730755,0.975019,0.901014,0.398230,0.813907,0.730101,0.936281,0.289300,0.418544,0.661339,0.569162,0.479507,0.907899,0.371694,0.247411,0.581989,0.580016,0.702003,0.453356,0.392603,0.231716,0.880710,0.306587,0.026415,0.001966,0.651313,0.998541,0.944498,0.671095,0.469517,0.332572,0.215208,9.250969,19.982938,0.589337,0.283282,0.800550,0.794968,0.705274,0.704425,0.933207,0.938788,0.879499,0.492237,0.057785,45.828083,0.002818,0.005801,9.130690,0.004546,0.004545,0.000576,0.002273,8369739.729381,0.000000
-7926582.926469,1468263.718640,53226942.235031,36.617113,-0.998033,0.794307,0.980636,0.834951,0.006714,0.164604,0.947289,0.986285,0.333307,0.354237,0.383892,0.760065,0.318875,0.280594,0.373487,0.387650,0.464334,0.687659,0.949985,0.282985,0.175371,0.129229,0.904990,0.307249,0.050386,0.031640,0.668547,0.984922,0.744024,0.292932,0.312156,0.257623,0.225880,9.186117,19.053054,0.994737,0.223713,0.742980,0.691974,0.641138,0.611433,0.885015,0.840128,0.631396,0.406947,0.443082,43.382887,0.001621,0.008114,12.162527,0.004989,0.004967,0.000800,0.002049,7926582.926469,0.000000
-5252399.404832,1205925.149285,60969943.295111,68.266149,-1.950150,0.796505,0.770731,0.527883,0.001414,0.578591,0.723619,0.436068,0.755532,0.315897,0.089727,0.689875,0.416749,0.766628,0.175245,0.228680,0.574855,0.777681,0.138026,0.288286,0.160571,0.230866,0.457872,0.399633,0.478070,0.009972,0.778262,0.996147,0.944255,0.675168,0.442637,0.157881,0.103397,10.886166,20.198087,0.444633,0.198382,0.798195,0.811783,0.666451,0.671766,0.789830,0.809206,0.857747,0.493929,0.114164,11.733851,0.004994,0.003501,6.079444,0.004852,0.004859,0.000784,0.002065,5252399.404832,0.000000
-4565159.810163,1510501.192759,35681025.279184,33.679415,-1.893978,0.927294,0.973062,0.354254,0.008794,0.182180,0.624544,0.886421,0.525548,0.403873,0.325841,0.761755,0.668808,0.879678,0.144264,0.888512,0.795844,0.600516,0.983533,0.456594,0.766714,0.228625,0.468454,0.394037,0.009941,0.043364,0.683249,0.931611,0.944580,0.611510,0.467301,0.329764,0.100715,11.561812,19.001421,0.519395,0.308759,0.755604,0.785241,0.604515,0.628820,0.768686,0.792971,0.849528,0.468724,0.034854,46.320585,0.003520,0.033510,5.215692,0.004826,0.004838,0.000945,0.001904,4565159.810163,0.000000
-17380782.209181,2011219.876040,75215205.593627,46.791118,-1.569568,0.919262,0.969822,0.896470,0.677314,0.835010,0.774383,0.660412,0.540202,0.321227,0.811161,0.697007,0.313476,0.780036,0.250686,0.451784,0.771433,0.309774,0.902463,0.437220,0.396101,0.462302,0.475416,0.090813,0.025572,0.625638,0.121299,0.937231,0.959577,0.436147,0.411251,0.445408,0.212319,11.881964,1.566244,0.146330,0.182623,0.708015,0.717082,0.535405,0.542093,0.841426,0.850018,0.791865,0.394908,0.092312,33.208882,0.000655,0.006294,12.157829,0.003604,0.003589,0.000338,0.002511,17380782.209181,0.000000
-4740893.454214,1366890.825680,50102438.251250,38.950410,-2.098406,0.796899,0.855304,0.494001,0.003605,0.578591,0.723803,0.439127,0.072437,0.323270,0.809478,0.830697,0.416749,0.782129,0.175245,0.214615,0.574855,0.601558,0.697590,0.288286,0.159545,0.231311,0.457872,0.398957,0.088469,0.010809,0.778262,0.997233,0.960208,0.455394,0.467146,0.157935,0.103393,11.478722,20.016031,0.746126,0.299088,0.756816,0.787198,0.586792,0.610759,0.761800,0.806167,0.877348,0.402251,0.062073,41.049590,0.005140,0.004339,8.851480,0.004961,0.004957,0.001006,0.001843,4740893.454214,0.000000
-8032181.071623,1386972.263117,55074622.247870,41.100613,-0.714934,0.688356,0.681588,0.719472,0.016379,0.779725,0.941245,0.673553,0.149302,0.335285,0.310111,0.447427,0.429504,0.885840,0.260352,0.468827,0.591126,0.770823,0.998393,0.430767,0.209378,0.124524,0.004375,0.948972,0.119797,0.006372,0.615274,0.863413,0.749490,0.727201,0.324925,0.241242,0.237187,13.629581,20.552487,0.303272,0.211188,0.722830,0.752310,0.632417,0.657248,0.876355,0.898696,0.510776,0.553614,0.386591,38.899387,0.006802,0.017145,5.878800,0.003858,0.003872,0.000466,0.002383,8032181.071623,0.000000
-18630127.563774,1539143.032797,81374066.799913,76.017854,-1.594685,0.848501,0.974543,0.404084,0.077391,0.156530,0.786577,0.402839,0.408663,0.209869,0.779472,0.841829,0.389005,0.291509,0.291158,0.424793,0.783351,0.316749,0.041840,0.438353,0.505989,0.222309,0.830195,0.098307,0.322790,0.581207,0.974702,0.985445,0.742625,0.994978,0.459711,0.326898,0.248832,6.856912,2.639845,0.007798,0.196286,0.743750,0.818101,0.660263,0.721933,0.910504,0.952428,0.867170,0.505812,0.072582,3.982146,0.005876,0.000458,1.594685,0.003621,0.003649,0.000318,0.002531,18630127.563774,0.000000
-7318698.526509,1355719.208100,53228549.821918,41.099603,-0.307526,0.753227,0.973088,0.293381,0.080620,0.819550,0.944262,0.402056,0.433671,0.252401,0.306853,0.753171,0.390494,0.254905,0.364483,0.535380,0.468391,0.653113,0.799561,0.442479,0.713620,0.110399,0.939900,0.399282,0.073112,0.152815,0.019462,0.995437,0.976084,0.288540,0.275639,0.152365,0.224632,9.674923,15.314942,0.348679,0.190830,0.667214,0.719406,0.577940,0.622041,0.689081,0.755673,0.264736,0.332336,0.446199,38.900397,0.006735,0.009719,1.190598,0.004235,0.004264,0.000586,0.002263,7318698.526509,0.000000
-9552292.174663,1403229.842733,61992656.512317,41.496773,-1.183893,0.754216,0.845334,0.729429,0.078764,0.148189,0.960791,0.743580,0.539611,0.316826,0.839785,0.586111,0.410972,0.869013,0.152106,0.214712,0.470879,0.586102,0.418157,0.446927,0.508556,0.225017,0.022711,0.692717,0.123021,0.012427,0.563671,0.857295,0.737381,0.228617,0.391754,0.330541,0.107474,14.160475,20.381022,0.631076,0.232660,0.700623,0.727819,0.475849,0.497186,0.736470,0.779946,0.693915,0.381644,0.175134,38.503227,0.002316,0.003974,11.480099,0.004739,0.004745,0.000844,0.002005,9552292.174663,0.000000
-13726853.053715,1562695.559963,68192571.180156,48.539072,-1.525934,0.957715,0.970690,0.728481,0.127870,0.852654,0.728682,0.663838,0.563834,0.202982,0.102905,0.747085,0.464185,0.330312,0.147378,0.215883,0.784986,0.579424,0.068143,0.293089,0.282000,0.103755,0.502448,0.393349,0.128127,0.273686,0.650014,0.929297,0.945027,0.587800,0.408398,0.447318,0.064299,11.998201,12.126736,0.858385,0.252686,0.674599,0.694460,0.504553,0.518823,0.454418,0.523550,0.782582,0.459227,0.081935,31.460928,0.001637,0.000827,11.378911,0.004741,0.004752,0.000690,0.002159,13726853.053715,0.000000
-7643720.751441,1444681.762603,49314162.624155,41.707958,-1.845519,0.738110,0.760851,0.293892,0.094942,0.790838,0.724135,0.667867,0.335234,0.348630,0.794677,0.568718,0.665393,0.651191,0.810497,0.246912,0.592446,0.594282,0.420299,0.292730,0.498181,0.262545,0.786723,0.386878,0.079092,0.159367,0.608637,0.914177,0.960001,0.458579,0.468513,0.439696,0.252856,10.207437,15.244442,0.243264,0.312888,0.809437,0.812346,0.713278,0.715917,0.949706,0.951022,0.842057,0.403564,0.025317,38.292042,0.019250,0.006060,3.394045,0.004472,0.004489,0.000756,0.002093,7643720.751441,0.000000
-14021648.694100,1472103.267032,69039968.509663,60.523511,-1.491376,0.792902,0.849257,0.717201,0.070964,0.159764,0.750764,0.666060,0.488256,0.179339,0.835106,0.696635,0.407993,0.813252,0.742373,0.387846,0.779150,0.585052,0.404583,0.300204,0.711287,0.231883,0.503937,0.543556,0.289411,0.209409,0.453641,0.934620,0.737635,0.672472,0.400562,0.282150,0.225451,11.467996,14.130121,0.277987,0.166558,0.747366,0.793030,0.659883,0.697994,0.906666,0.935064,0.774937,0.522054,0.188664,19.476489,0.005634,0.012374,9.299730,0.004613,0.004624,0.000826,0.002023,14021648.694100,0.000000
-14207694.956926,1475970.533222,90107204.688898,47.487111,-1.953163,0.796511,0.989480,0.813415,0.002319,0.774126,0.755962,0.399430,0.353026,0.330090,0.766229,0.583206,0.288619,0.770139,0.364982,0.233251,0.789372,0.582900,0.118224,0.288072,0.338495,0.230024,0.488918,0.974667,0.149267,0.162563,0.502803,0.996154,0.942775,0.208176,0.443131,0.156208,0.247910,11.766388,15.489917,0.712338,0.215735,0.673056,0.820454,0.581414,0.638856,0.689141,0.922567,0.858175,0.310259,0.113056,32.512889,0.001797,0.001965,10.941524,0.004666,0.004673,0.000754,0.002095,14207694.956926,0.000000
-13483047.354757,1364990.908605,89535520.754741,53.010457,-1.932039,0.717232,0.852144,0.853282,0.059849,0.807430,0.730312,0.439110,0.146722,0.187657,0.321154,0.749214,0.316132,0.319367,0.265301,0.324194,0.927224,0.356717,0.996718,0.304840,0.711204,0.211732,0.062097,0.552288,0.276818,0.010294,0.698492,0.990269,0.734696,0.524054,0.442650,0.164148,0.218873,13.424512,20.456943,0.540723,0.211655,0.710306,0.846025,0.612176,0.727358,0.794661,0.953901,0.855147,0.501051,0.111606,26.989543,0.001696,0.009642,8.262486,0.004705,0.004717,0.000655,0.002194,13483047.354757,0.000000
-11995140.540899,1641896.813569,88979349.043912,38.145447,-0.450106,0.740716,0.974546,0.882117,0.654800,0.194861,0.779170,0.399285,0.528758,0.361907,0.395662,0.694634,0.693815,0.780269,0.244786,0.934238,0.648014,0.309774,0.083957,0.295322,0.392819,0.229895,0.593864,0.397681,0.024857,0.204831,0.185733,0.967577,0.741613,0.226708,0.392004,0.169288,0.245685,11.432721,14.107248,0.530031,0.158392,0.529694,0.775627,0.425892,0.580896,0.511342,0.883098,0.362439,0.379409,0.227342,41.854553,0.000660,0.000588,11.914947,0.004473,0.004480,0.000585,0.002264,11995140.540899,0.000000
-6773049.554621,1381959.795168,45535178.151837,40.480816,-2.047004,0.963610,0.969968,0.408933,0.127485,0.146474,0.933999,0.634146,0.233926,0.341238,0.219666,0.761288,0.296901,0.926161,0.146552,0.892728,0.772775,0.580427,0.091852,0.451821,0.277935,0.228421,0.059875,0.554025,0.106996,0.019955,0.695580,0.990237,0.957422,0.666594,0.462015,0.158350,0.104595,13.244566,20.087287,0.487827,0.279654,0.780581,0.802902,0.639173,0.656688,0.774847,0.796945,0.870879,0.485951,0.069765,39.519184,0.001625,0.004234,5.155537,0.004522,0.004521,0.000840,0.002009,6773049.554621,0.000000
-6180020.639314,1339155.358050,46270728.748617,40.201277,-1.955411,0.963610,0.856266,0.408933,0.126578,0.146474,0.948231,0.409617,0.239541,0.362277,0.220217,0.695569,0.680448,0.925526,0.145909,0.530352,0.803544,0.580427,0.071738,0.293778,0.277935,0.229927,0.059875,0.554025,0.106101,0.011155,0.695580,0.959504,0.742702,0.248002,0.462731,0.151376,0.104595,13.377806,20.333878,0.583724,0.257628,0.718585,0.753912,0.499239,0.527777,0.743409,0.793367,0.858494,0.388164,0.055567,39.798723,0.001621,0.002180,5.052529,0.004882,0.004882,0.001020,0.001829,6180020.639314,0.000000
-14261050.924095,1414233.678552,69697153.427789,55.067223,-0.902047,0.738806,0.990750,0.734917,0.115134,0.781315,0.944732,0.657998,0.338947,0.403042,0.234701,0.571260,0.413529,0.791071,0.371299,0.398612,0.577161,0.298971,0.411320,0.334969,0.029115,0.132324,0.826309,0.929181,0.299751,0.013620,0.836061,0.959292,0.959575,0.192047,0.310211,0.436308,0.226549,9.710843,19.757299,0.632890,0.214574,0.683626,0.740384,0.600002,0.647577,0.833568,0.882728,0.594262,0.299264,0.112641,24.932777,0.004861,0.006825,9.984545,0.004817,0.004798,0.000651,0.002198,14261050.924095,0.000000
-11993464.922801,1305538.117271,79912372.299977,52.491902,-2.099637,0.659074,0.977008,0.404643,0.377523,0.274073,0.146923,0.474724,0.331150,0.339313,0.144193,0.691405,0.681200,0.252522,0.187026,0.389306,0.798858,0.501063,0.426724,0.138592,0.155609,0.259750,0.197061,0.425120,0.265400,0.019947,0.741102,0.995036,0.933625,0.292309,0.468537,0.162451,0.250178,11.918264,20.035249,0.528734,0.256569,0.753360,0.869759,0.675753,0.720329,0.840212,0.963977,0.877499,0.346136,0.058339,27.508098,0.000863,0.004616,5.011102,0.004531,0.004555,0.000730,0.002119,11993464.922801,0.000000
-11596489.126502,1707107.002588,75123180.553428,37.235875,-1.914094,0.914155,0.974502,0.880102,0.691361,0.258403,0.774627,0.977786,0.409782,0.323626,0.849018,0.841798,0.356813,0.921498,0.247270,0.454667,0.463497,0.319555,0.008944,0.437339,0.396940,0.233205,0.147614,0.098115,0.024403,0.166112,0.972784,0.952750,0.745378,0.994971,0.459286,0.332229,0.105881,13.826881,15.643845,0.486935,0.247774,0.746564,0.763773,0.656254,0.666681,0.753174,0.772570,0.852525,0.518529,0.059857,42.764125,0.000620,0.000023,12.521330,0.004504,0.004495,0.000817,0.002032,11596489.126502,0.000000
-7093696.929166,1299960.505394,43662542.610504,40.052536,-0.597950,0.546920,0.681903,0.404546,0.070896,0.798198,0.944371,0.769610,0.345441,0.402907,0.129109,0.574778,0.683289,0.930957,0.262449,0.875618,0.592385,0.581548,0.707996,0.354911,0.725775,0.192823,0.932254,0.540045,0.102402,0.008763,0.694143,0.914077,0.824954,0.466681,0.291243,0.164286,0.107545,9.003113,19.684717,0.393472,0.218914,0.756702,0.727373,0.607981,0.633231,0.803176,0.833938,0.450062,0.451803,0.553813,39.947464,0.006402,0.027368,5.588219,0.004588,0.004594,0.000622,0.002227,7093696.929166,0.000000
-15664745.995695,1364588.380842,75297606.510431,59.984125,-1.569076,0.695875,0.687280,0.703885,0.145553,0.798141,0.954299,0.660626,0.346564,0.282541,0.237641,0.638399,0.388035,0.726986,0.140106,0.235119,0.766408,0.552960,0.393922,0.426856,0.526849,0.474971,0.873966,0.315000,0.303289,0.154244,0.642570,0.927792,0.975637,0.287205,0.415821,0.163234,0.200767,8.629185,15.472023,0.157230,0.188265,0.738028,0.800659,0.639263,0.645809,0.840925,0.927995,0.791762,0.331943,0.146840,20.015875,0.001365,0.007276,7.517652,0.003968,0.003993,0.000315,0.002534,15664745.995695,0.000000
-12705565.901015,1352656.476115,67031756.619667,51.989301,-2.002255,0.851816,0.848684,0.794007,0.069667,0.808518,0.720518,0.675559,0.491654,0.193214,0.205399,0.587096,0.411750,0.288203,0.144828,0.214818,0.795572,0.601734,0.505121,0.351804,0.702905,0.111683,0.915631,0.943755,0.259180,0.012484,0.617491,0.966909,0.960179,0.252017,0.466812,0.171617,0.220778,8.809083,19.701690,0.749603,0.223237,0.789380,0.827480,0.650424,0.658128,0.870123,0.936953,0.864970,0.322591,0.050312,28.010699,0.002260,0.004988,7.556965,0.004630,0.004641,0.000764,0.002085,12705565.901015,0.000000
-14177928.573684,1716580.691948,65320064.457673,51.910653,-1.844530,0.902917,0.972383,0.489516,0.001354,0.572695,0.723771,0.663614,0.491616,0.348931,0.809453,0.639401,0.408130,0.919737,0.136564,0.897953,0.574855,0.595899,0.977476,0.300739,0.908752,0.230645,0.457872,0.399760,0.077321,0.616479,0.643692,0.998370,0.952919,0.286719,0.424411,0.326576,0.105410,11.909038,1.808111,0.218981,0.218807,0.609226,0.628905,0.363662,0.378920,0.582608,0.624603,0.841900,0.338284,0.157726,28.089347,0.003416,0.015215,11.314246,0.004373,0.004366,0.000758,0.002091,14177928.573684,0.000000
-16102864.882314,1923358.113440,70597088.808240,45.051071,-2.050820,0.798410,0.975671,0.829630,0.147277,0.181723,0.744337,0.696932,0.518483,0.228368,0.796012,0.697122,0.712272,0.903421,0.381448,0.260607,0.583872,0.536346,0.980443,0.748154,0.206369,0.231393,0.547530,0.397002,0.010502,0.615515,0.692488,0.968453,0.965179,0.471405,0.474441,0.289764,0.104378,12.711170,1.762237,0.234276,0.206258,0.584547,0.602089,0.383119,0.396414,0.480411,0.525736,0.871371,0.406952,0.035734,34.948929,0.008159,0.005216,11.468843,0.004235,0.004241,0.000350,0.002499,16102864.882314,0.000000
-13833903.598416,1244820.450784,76453374.167134,63.759133,-1.367374,0.740949,0.769427,0.281641,0.058566,0.803485,0.950883,0.431083,0.258539,0.193855,0.375532,0.581566,0.413066,0.878369,0.731346,0.209994,0.791262,0.586102,0.393367,0.314687,0.508556,0.084863,0.023144,0.719345,0.410512,0.029203,0.563283,0.905115,0.729574,0.232999,0.396045,0.264042,0.189365,12.049073,19.917368,0.047138,0.192709,0.709151,0.814008,0.632568,0.677592,0.879190,0.946669,0.745225,0.386159,0.186614,16.240867,0.011046,0.006265,1.965683,0.004680,0.004694,0.000885,0.001964,13833903.598416,0.000000
-5481338.981475,1348709.627336,39230422.599294,38.045512,-1.475632,0.743614,0.684630,0.273043,0.076156,0.767034,0.773795,0.667867,0.339802,0.345619,0.849443,0.444753,0.458991,0.781013,0.364514,0.322364,0.464884,0.594864,0.003610,0.340921,0.546967,0.232814,0.865914,0.313786,0.075719,0.009609,0.612390,0.967402,0.960184,0.974379,0.467319,0.351019,0.251119,9.096003,19.677287,0.392844,0.332515,0.842085,0.817896,0.745189,0.725459,0.964005,0.953014,0.865572,0.597181,0.049489,41.954488,0.011346,0.000519,1.475632,0.004633,0.004646,0.000864,0.001985,5481338.981475,0.000000
-12156563.781576,1390721.900702,83879555.557145,43.816813,-1.310827,0.695875,0.974502,0.701931,0.658887,0.193766,0.954299,0.355048,0.344635,0.319017,0.221143,0.625551,0.388035,0.232297,0.140106,0.235119,0.767640,0.606315,0.393922,0.312163,0.507704,0.466671,0.874089,0.315000,0.145735,0.028442,0.693704,0.847731,0.978143,0.266385,0.415821,0.163234,0.200767,8.952624,19.207563,0.642359,0.232400,0.683379,0.808715,0.607168,0.650882,0.826225,0.933982,0.730403,0.323131,0.110410,36.183187,0.000246,0.006184,8.721618,0.004572,0.004548,0.000435,0.002414,12156563.781576,0.000000
-13593196.086114,1295119.795968,72970984.895423,57.472163,-1.560151,0.741863,0.677992,0.870208,0.147516,0.852176,0.761219,0.754387,0.388101,0.282445,0.832473,0.638415,0.459301,0.331728,0.210875,0.545109,0.572733,0.319641,0.053140,0.426301,0.735511,0.246388,0.490419,0.629518,0.338583,0.001254,0.642940,0.860640,0.802126,0.997553,0.449305,0.166209,0.105456,10.726988,20.416445,0.389110,0.184528,0.749355,0.802294,0.652419,0.709709,0.781409,0.802738,0.789896,0.576148,0.041817,22.527837,0.002404,0.000253,4.743305,0.004106,0.004133,0.000749,0.002100,13593196.086114,0.000000
-3501374.315293,1343221.808975,37843375.208114,34.226918,-1.211977,0.683438,0.767607,0.281641,0.010700,0.798126,0.950840,0.431083,0.258539,0.193855,0.317068,0.575346,0.410972,0.780403,0.208100,0.213255,0.911176,0.586102,0.416192,0.359508,0.508556,0.103771,0.127587,0.719092,0.026140,0.012396,0.563283,0.857334,0.975387,0.449959,0.395914,0.264042,0.106469,13.142213,20.186508,0.531993,0.298043,0.780809,0.793531,0.611726,0.649589,0.821862,0.865877,0.702392,0.395392,0.164254,45.773082,0.006558,0.008288,1.882797,0.004772,0.004785,0.000887,0.001962,3501374.315293,0.000000
-9942553.340181,1229539.643958,58652288.468816,53.076924,-1.997346,0.747929,0.683724,0.274852,0.070264,0.803557,0.581951,0.665909,0.329592,0.274656,0.795190,0.589402,0.416119,0.873506,0.364957,0.134719,0.584534,0.594046,0.396108,0.314655,0.284258,0.118869,0.024853,0.283601,0.278589,0.008534,0.617356,0.965584,0.734901,0.236251,0.467782,0.164286,0.250406,12.336592,20.483715,0.198408,0.230847,0.770116,0.850223,0.657061,0.727253,0.849841,0.937781,0.864305,0.385757,0.047812,26.923076,0.011818,0.002723,2.441087,0.004637,0.004636,0.000877,0.001972,9942553.340181,0.000000
-16964442.146810,1991265.023066,72221655.797299,45.105485,-1.947941,0.651959,0.974494,0.887786,0.688673,0.146449,0.941724,0.695668,0.518841,0.363864,0.819403,0.698923,0.703838,0.901414,0.039481,0.892608,0.585938,0.536005,0.972162,0.297901,0.083456,0.230653,0.469121,0.396939,0.011041,0.616175,0.024064,0.959313,0.966465,0.657982,0.461552,0.289399,0.099506,12.849698,1.839748,0.176451,0.153097,0.565262,0.579353,0.396567,0.406850,0.323112,0.367649,0.857433,0.479455,0.057908,34.894515,0.000035,0.008794,12.767367,0.003832,0.003844,0.000046,0.002803,16964442.146810,0.000000
-17272119.746204,1795006.892275,77673288.248891,51.856723,-1.344796,0.901934,0.982672,0.683170,0.751127,0.130307,0.787098,0.656960,0.492337,0.307910,0.773762,0.642294,0.418643,0.278287,0.111470,0.456107,0.576266,0.602461,0.980472,0.453688,0.505776,0.231380,0.458261,0.384079,0.076806,0.616426,0.641457,0.865689,0.742021,0.599385,0.411982,0.299537,0.215803,11.224687,1.855543,0.109219,0.165347,0.708460,0.762096,0.616721,0.644152,0.882490,0.903980,0.739407,0.538904,0.127824,28.143277,0.000138,0.010352,11.789304,0.003467,0.003466,0.000301,0.002548,17272119.746204,0.000000
-14412699.534569,1274213.909766,74733435.830564,55.014139,-0.898711,0.738806,0.977229,0.734917,0.008394,0.781315,0.955306,0.655359,0.241598,0.352667,0.149947,0.599205,0.409682,0.259888,0.186032,0.466883,0.584088,0.298971,0.022721,0.332248,0.342172,0.132831,0.824761,0.953412,0.300532,0.010219,0.836061,0.959722,0.722192,0.291234,0.309646,0.164557,0.226775,9.418497,19.822350,1.191057,0.180371,0.673685,0.744344,0.599608,0.658730,0.823765,0.885742,0.592906,0.413824,0.437160,24.985861,0.002334,0.000140,9.924789,0.004858,0.004842,0.000687,0.002162,14412699.534569,0.000000
-15531965.541301,1293384.221943,89239773.436643,68.797150,-2.087924,0.553828,0.972871,0.491837,0.057373,0.799124,0.822013,0.059938,0.339067,0.337545,0.146533,0.571798,0.415366,0.272709,0.171696,0.528989,0.801331,0.583250,0.158192,0.330372,0.776279,0.246877,0.792141,0.206366,0.411814,0.152815,0.837835,0.996199,0.958837,0.291234,0.465885,0.143819,0.225418,9.145315,15.573606,0.602488,0.220287,0.735773,0.848567,0.661027,0.703094,0.814142,0.948210,0.876056,0.338342,0.064231,11.202850,0.003291,0.006088,6.013044,0.004529,0.004512,0.000401,0.002448,15531965.541301,0.000000
-6504486.457140,1498850.981871,50763302.532665,33.394089,-1.967775,0.738266,0.977324,0.700811,0.025257,0.771785,0.941142,0.662823,0.345068,0.354315,0.307960,0.694948,0.471886,0.737785,0.186058,0.228683,0.580516,0.688666,0.419092,0.039239,0.016028,0.130868,0.207044,0.387394,0.012337,0.022067,0.691659,0.962070,0.735208,0.676615,0.463474,0.293459,0.101588,13.330904,19.890874,1.009733,0.280142,0.760269,0.788575,0.616121,0.638635,0.755032,0.789178,0.860233,0.511197,0.055106,46.605911,0.004789,0.004618,9.566243,0.004827,0.004802,0.000660,0.002189,6504486.457140,0.000000
-8826308.540776,1669391.359441,64488154.472633,33.113554,-1.523162,0.717176,0.970023,0.973423,0.664277,0.171032,0.755993,0.743875,0.342693,0.341285,0.368950,0.669033,0.313476,0.900215,0.248716,0.467235,0.925945,0.312335,0.980813,0.306618,0.009867,0.213061,0.433323,0.553360,0.010959,0.011143,0.818890,0.858976,0.958297,0.597432,0.444052,0.163202,0.221541,11.949418,20.090137,0.612891,0.230686,0.759128,0.800647,0.666444,0.677963,0.905828,0.920276,0.781979,0.458534,0.052122,46.886446,0.000665,0.006095,11.425403,0.004660,0.004661,0.000564,0.002285,8826308.540776,0.000000
-5484243.957467,1474461.214326,42030722.952086,32.811261,-1.952705,0.662588,0.843608,0.518708,0.127512,0.179619,0.745174,0.667719,0.516055,0.338204,0.117209,0.696686,0.703653,0.901301,0.040228,0.893619,0.573642,0.593855,0.977010,0.293044,0.159628,0.230863,0.479481,0.399557,0.009594,0.000624,0.612447,0.937574,0.964935,0.468499,0.474253,0.278440,0.104378,11.426790,20.293566,0.624716,0.302722,0.737616,0.772728,0.564793,0.593335,0.757167,0.798633,0.858110,0.405892,0.023611,47.188739,0.000238,0.020475,7.708751,0.004883,0.004886,0.000831,0.002018,5484243.957467,0.000000
-6713625.264158,1228111.894914,56937095.309901,54.739242,-1.979625,0.738208,0.768468,0.278772,0.050890,0.778830,0.728430,0.667023,0.589893,0.597479,0.373558,0.618981,0.414412,0.325327,0.752652,0.233839,0.580863,0.597092,0.995457,0.371013,0.503909,0.109984,0.339397,0.292863,0.299030,0.009628,0.612816,0.962353,0.783536,0.453094,0.465364,0.160870,0.252328,11.365202,20.237303,0.138048,0.212980,0.780713,0.832689,0.665960,0.732351,0.853474,0.920844,0.861879,0.460933,0.051375,25.260758,0.009830,0.005549,2.083583,0.004477,0.004496,0.000724,0.002125,6713625.264158,0.000000
-16548291.247308,1430511.601983,85627821.124727,68.832245,-2.102337,0.737415,0.762688,0.494463,0.000587,0.780463,0.754819,0.665932,0.073006,0.593586,0.356827,0.581654,0.416749,0.910823,0.175243,0.394892,0.783765,0.637338,0.426492,0.024302,0.707141,0.109854,0.795029,0.407649,0.299972,0.432890,0.694122,0.998451,0.960038,0.452078,0.467175,0.158575,0.108961,9.760938,7.118912,0.131952,0.195888,0.734386,0.747832,0.555468,0.563076,0.706947,0.759688,0.877829,0.401005,0.062513,11.167755,0.005274,0.003506,6.516787,0.004163,0.004186,0.000518,0.002331,16548291.247308,0.000000
-6127360.172788,1476269.580008,41974254.027519,37.620483,-1.748535,0.963211,0.745192,0.303367,0.086243,0.146536,0.745225,0.676881,0.493128,0.309835,0.124022,0.695074,0.705264,0.792309,0.179754,0.386302,0.514095,0.574416,0.980115,0.433537,0.710674,0.232550,0.104020,0.397269,0.015387,0.222805,0.680332,0.930400,0.964963,0.610926,0.443329,0.331398,0.227520,12.431669,13.851583,0.196220,0.300765,0.823078,0.803606,0.724535,0.708701,0.954539,0.944724,0.825971,0.461572,0.084351,42.379517,0.002949,0.007283,2.815668,0.004240,0.004263,0.000631,0.002218,6127360.172788,0.000000
-19146851.749477,1732383.425894,81000717.800768,56.930965,-1.926945,0.655387,0.971351,0.726859,0.043371,0.089039,0.745003,0.402559,0.443590,0.190937,0.795518,0.756834,0.699774,0.878346,0.040043,0.893619,0.587281,0.586099,0.420128,0.298710,0.338811,0.230646,0.476688,0.694404,0.123546,0.627454,0.247957,0.941864,0.965086,0.471405,0.467394,0.288456,0.099732,12.579310,1.504293,0.295086,0.180976,0.621057,0.634389,0.420255,0.428956,0.496213,0.560898,0.854408,0.406981,0.038871,23.069035,0.000403,0.015363,11.851935,0.004484,0.004494,0.000448,0.002401,19146851.749477,0.000000
-3889019.128336,1375828.186084,30665680.951699,32.812517,-1.190807,0.686054,0.802057,0.292034,0.000539,0.150923,0.950840,0.741196,0.533197,0.248412,0.839785,0.744579,0.410730,0.901383,0.152106,0.214712,0.789801,0.583080,0.973112,0.760329,0.509272,0.102189,0.022711,0.397995,0.010522,0.001259,0.697596,0.857698,0.782990,0.231409,0.392584,0.261656,0.104991,13.425583,20.612265,0.333292,0.274351,0.723490,0.778319,0.500691,0.546273,0.778940,0.832986,0.696024,0.367812,0.173137,47.187483,0.004130,0.007368,1.986108,0.004624,0.004622,0.000857,0.001992,3889019.128336,0.000000
-20038567.505933,2063852.642794,89227422.279213,47.626180,-1.649173,0.908768,0.981693,0.879292,0.712617,0.870203,0.730096,0.658562,0.355747,0.184559,0.755223,0.760222,0.290360,0.911018,0.249831,0.459628,0.748955,0.602461,0.983012,0.454121,0.339579,0.232256,0.576501,0.383602,0.026124,0.662734,0.197344,0.941419,0.966710,0.599723,0.421628,0.294154,0.215121,12.027934,0.364452,0.118770,0.164320,0.698852,0.734958,0.581475,0.586207,0.847386,0.856000,0.807791,0.456606,0.138922,32.373820,0.000603,0.012028,11.770015,0.003355,0.003335,0.000206,0.002643,20038567.505933,0.000000
-20790512.983435,1797491.405064,95037004.218569,52.102659,-1.311711,0.951470,0.976198,0.871168,0.034514,0.766330,0.785209,0.340233,0.250732,0.321360,0.149777,0.840090,0.472107,0.247245,0.188463,0.387792,0.777044,0.598868,0.886790,0.259671,0.418301,0.212018,0.486384,0.299073,0.076435,0.628662,0.600822,0.863306,0.959869,0.990554,0.408076,0.196254,0.216255,12.798496,1.416173,0.378884,0.182472,0.650727,0.782382,0.570633,0.679876,0.821505,0.927813,0.730641,0.612022,0.136282,27.897341,0.001250,0.008753,12.646175,0.004311,0.004328,0.000395,0.002454,20790512.983435,0.000000
-4186118.211463,1361435.647675,32616138.021845,33.174005,-1.128705,0.655275,0.847876,0.281641,0.054432,0.150961,0.950840,0.741196,0.520933,0.316826,0.783862,0.588986,0.413983,0.900973,0.152106,0.214712,0.790311,0.586075,0.416192,0.301986,0.201035,0.103771,0.023539,0.692717,0.012389,0.012430,0.563671,0.962928,0.757861,0.232452,0.392584,0.290693,0.104221,13.192182,20.275418,0.387399,0.285563,0.728051,0.785954,0.504251,0.552362,0.782973,0.840872,0.782857,0.376465,0.223518,46.825995,0.002725,0.007843,1.128705,0.004494,0.004495,0.000787,0.002062,4186118.211463,0.000000
-5437710.098560,1380350.416687,51444649.801470,41.473632,-2.087276,0.740794,0.851279,0.293381,0.071103,0.810792,0.944365,0.679195,0.815582,0.250546,0.319541,0.595509,0.390550,0.254905,0.364230,0.536518,0.801423,0.652419,0.806200,0.299646,0.713620,0.111588,0.939900,0.399282,0.077463,0.153589,0.692980,0.995437,0.964946,0.275137,0.466180,0.159459,0.252598,9.213575,15.313754,0.343208,0.264922,0.820975,0.800831,0.681795,0.697906,0.895058,0.913768,0.875975,0.330284,0.063312,38.526368,0.007047,0.022660,2.210290,0.004310,0.004334,0.000620,0.002229,5437710.098560,0.000000
-5526214.380059,1347411.685479,41840140.118466,37.719039,-1.291197,0.742992,0.971710,0.246564,0.064602,0.768030,0.728967,0.675516,0.492759,0.352420,0.792405,0.398169,0.420693,0.782644,0.362277,0.247123,0.779042,0.594585,0.499374,0.334458,0.707590,0.110435,0.171446,0.296487,0.073172,0.009877,0.610520,0.967635,0.976049,0.448375,0.467360,0.158001,0.223950,12.831336,20.268099,0.388759,0.284340,0.831041,0.822836,0.718524,0.731873,0.893629,0.908919,0.865701,0.394571,0.049504,42.280961,0.005423,0.007578,1.291197,0.004565,0.004581,0.000812,0.002037,5526214.380059,0.000000
-9406479.548807,1481313.698731,65128902.411316,34.663851,-1.089453,0.737522,0.976997,0.806484,0.700967,0.239557,0.590017,0.935265,0.520490,0.278690,0.193649,0.570060,0.415842,0.270073,0.267455,0.469331,0.586889,0.590747,0.405464,0.341208,0.300895,0.464204,0.510191,0.286620,0.023739,0.039293,0.066580,0.937936,0.971563,0.732724,0.441046,0.190574,0.107762,11.189959,19.146283,0.704744,0.213943,0.678141,0.725009,0.588226,0.627809,0.715544,0.754883,0.663599,0.506855,0.092621,45.336149,0.000700,0.006502,8.101129,0.004519,0.004527,0.000502,0.002347,9406479.548807,0.000000
-13000008.767227,1493280.791231,83981534.030896,41.327729,-0.201375,0.794879,0.978467,0.854879,0.348151,0.767774,0.724397,0.630000,0.514455,0.189868,0.381422,0.585781,0.311572,0.291831,0.151991,0.234071,0.582098,0.619193,0.995368,0.295613,0.281068,0.124190,0.134330,0.294029,0.079383,0.147538,0.178632,0.850764,0.962376,0.234260,0.269933,0.156115,0.214648,13.888229,16.223419,0.603442,0.159640,0.549965,0.712358,0.479812,0.597305,0.541999,0.818918,0.182394,0.315019,0.456931,38.672271,0.000665,0.004474,9.494457,0.004481,0.004489,0.000488,0.002361,13000008.767227,0.000000
-7340019.603314,1459718.915062,54977396.991163,33.444474,-0.690000,0.900245,0.855953,0.870727,0.064949,0.141947,0.625221,0.666756,0.471754,0.204977,0.142242,0.479824,0.428678,0.284407,0.371204,0.324549,0.476650,0.600081,0.979873,0.293075,0.023108,0.111117,0.201714,0.297357,0.011334,0.028490,0.663360,0.934154,0.954555,0.638049,0.294494,0.150578,0.238347,13.192886,19.702755,0.719837,0.220169,0.712740,0.748628,0.624863,0.655103,0.848807,0.885880,0.498424,0.475741,0.551588,46.555526,0.002041,0.005663,4.712175,0.004313,0.004317,0.000610,0.002239,7340019.603314,0.000000
-16134953.106736,1546455.116147,76890592.964022,50.023964,-1.439540,0.799274,0.983757,0.811235,0.005307,0.770015,0.788893,0.656434,0.290423,0.341624,0.781740,0.760190,0.443325,0.781829,0.368919,0.921348,0.646763,0.585735,0.131549,0.430600,0.505880,0.436902,0.595998,0.950564,0.161827,0.218188,0.691847,0.937714,0.739794,0.619122,0.391348,0.160361,0.244675,11.409181,13.731553,0.606293,0.178518,0.718776,0.783991,0.623837,0.690805,0.828405,0.928655,0.762963,0.521780,0.214819,29.976036,0.004888,0.002157,12.273502,0.004772,0.004779,0.000849,0.002000,16134953.106736,0.000000
-8688452.161248,1510948.082040,64659364.358641,33.398337,-2.003130,0.740414,0.974498,0.871070,0.660850,0.645042,0.761219,0.741304,0.357121,0.309795,0.392745,0.625567,0.456796,0.332032,0.160526,0.545109,0.581094,0.316247,0.053540,0.312375,0.154562,0.246080,0.490543,0.625420,0.011327,0.023606,0.694074,0.968102,0.790121,0.632231,0.466318,0.263125,0.105583,11.470532,19.630843,0.901750,0.275829,0.752037,0.780873,0.603163,0.625441,0.742011,0.788615,0.865088,0.530495,0.051801,46.601663,0.000308,0.000266,10.431417,0.004579,0.004590,0.000575,0.002274,8688452.161248,0.000000
-19395677.264898,1601932.496952,86465509.238059,76.212848,-0.276306,0.661562,0.975653,0.726791,0.080224,0.179257,0.745821,0.400800,0.441671,0.312689,0.796284,0.723285,0.392862,0.910336,0.038600,0.430665,0.466703,0.583980,0.017849,0.299077,0.397603,0.222697,0.474896,0.092722,0.319995,0.598557,0.024251,0.851633,0.969354,0.992567,0.277778,0.332239,0.255760,11.940111,2.462977,0.179523,0.139421,0.550747,0.703410,0.470328,0.597873,0.674680,0.844144,0.241419,0.609061,0.418917,3.787152,0.000300,0.000228,10.527725,0.004350,0.004325,0.000252,0.002597,19395677.264898,0.000000
-17448332.791848,1844138.871092,77984294.756919,45.107320,-0.789784,0.907667,0.973157,0.887786,0.688673,0.146450,0.746973,0.696932,0.518841,0.247443,0.795583,0.698923,0.357607,0.901414,0.040043,0.472249,0.463565,0.536346,0.009060,0.431433,0.078490,0.230646,0.479481,0.396939,0.011041,0.616175,0.024064,0.937211,0.960307,0.457464,0.305079,0.290045,0.099629,12.408523,1.814296,0.238854,0.146979,0.560366,0.580278,0.343437,0.358291,0.375655,0.445014,0.546057,0.403031,0.507497,34.892680,0.000036,0.000135,11.336448,0.003705,0.003698,0.000395,0.002454,17448332.791848,0.000000
-7502566.978970,1561763.617695,51798627.702961,33.288753,-2.050820,0.798410,0.764563,0.829630,0.147277,0.179619,0.745003,0.696932,0.518785,0.247356,0.796020,0.697122,0.695732,0.903862,0.377629,0.893619,0.584071,0.538822,0.373811,0.300956,0.208178,0.230646,0.544390,0.396968,0.011041,0.018687,0.448858,0.968453,0.967799,0.670850,0.474441,0.289764,0.104378,11.174263,19.734075,0.546743,0.280397,0.736283,0.760543,0.591309,0.610362,0.714619,0.748924,0.871371,0.484022,0.035734,46.711247,0.008007,0.010110,6.692315,0.004486,0.004494,0.000860,0.001989,7502566.978970,0.000000
-19712128.238841,1981605.794085,85576352.419712,47.550657,-1.471695,0.907626,0.974492,0.682815,0.674613,0.245747,0.736166,0.440411,0.347492,0.311268,0.365796,0.842480,0.680600,0.336510,0.838224,0.551166,0.811522,0.603104,0.983012,0.469109,0.698266,0.233624,0.477357,0.385175,0.025268,0.664311,0.727852,0.933290,0.958455,0.595526,0.398232,0.340885,0.101621,12.371535,0.363286,0.097911,0.196078,0.610648,0.623963,0.438890,0.447746,0.489445,0.546234,0.770464,0.457733,0.194180,32.449343,0.002654,0.016892,11.876888,0.004066,0.004083,0.000416,0.002433,19712128.238841,0.000000
-16834812.669777,1504389.601027,75851172.059357,68.650710,-1.887937,0.739369,0.974580,0.491694,0.000170,0.819908,0.725473,0.666019,0.289595,0.313909,0.329456,0.572286,0.413635,0.907493,0.374176,0.390014,0.778936,0.651280,0.871837,0.013345,0.075320,0.113170,0.791406,0.408078,0.299425,0.428964,0.693325,0.931456,0.959176,0.314759,0.466340,0.151590,0.238860,10.650091,7.268456,0.186364,0.170320,0.760585,0.811364,0.638565,0.642506,0.837536,0.930834,0.848616,0.347462,0.036706,11.349290,0.005995,0.002144,10.317687,0.004645,0.004647,0.000524,0.002325,16834812.669777,0.000000
-14066862.245876,1223161.386198,69965833.159282,64.979045,-1.055598,0.536973,0.975057,0.284909,0.079168,0.806038,0.625637,0.439490,0.336502,0.355786,0.136608,0.431912,0.418307,0.782915,0.820480,0.319760,0.774987,0.334073,0.393779,0.293065,0.204956,0.109488,0.213651,0.556984,0.424843,0.030907,0.695636,0.934070,0.943976,0.431269,0.339517,0.150623,0.228908,11.390394,19.712839,0.062776,0.175153,0.706416,0.805759,0.628746,0.711581,0.835473,0.935322,0.652016,0.397874,0.373403,15.020955,0.006799,0.017601,2.038498,0.004619,0.004598,0.000482,0.002367,14066862.245876,0.000000
-7409305.907016,1486508.678421,55790609.834143,33.435497,-0.719324,0.901464,0.970409,0.870727,0.064893,0.141947,0.724143,0.666845,0.471754,0.204937,0.384901,0.479824,0.428678,0.284407,0.371204,0.324549,0.472034,0.600081,0.984023,0.293754,0.022936,0.217297,0.635644,0.296606,0.011334,0.024156,0.681711,0.944549,0.954555,0.638049,0.294087,0.158890,0.238373,10.731879,19.489954,0.915106,0.219507,0.711444,0.738472,0.623569,0.646438,0.854149,0.876961,0.512919,0.475741,0.559800,46.564503,0.002157,0.005678,9.103115,0.004647,0.004646,0.000824,0.002025,7409305.907016,0.000000
-19264051.366960,1909256.180296,82157557.058447,48.235091,-2.012767,0.904036,0.973633,0.705100,0.685760,0.689190,0.741481,0.658125,0.339507,0.356055,0.795190,0.575329,0.394999,0.910552,0.364957,0.551625,0.587911,0.602626,0.707439,0.358831,0.496049,0.233763,0.945515,0.391583,0.032297,0.657617,0.612474,0.968482,0.975389,0.453211,0.467782,0.164315,0.100157,10.647470,0.192151,0.103069,0.165686,0.540057,0.556535,0.324110,0.335864,0.308598,0.383699,0.866382,0.396658,0.048999,31.764909,0.001285,0.009501,10.858877,0.003462,0.003448,0.000260,0.002589,19264051.366960,0.000000
-7248780.059477,1592014.180828,53239624.842518,33.141202,-2.028263,0.716421,0.983447,0.847745,0.061525,0.180493,0.728859,0.696932,0.520284,0.230835,0.816029,0.748959,0.325712,0.906221,0.040228,0.888112,0.775973,0.255191,0.977744,0.305657,0.201413,0.199641,0.438211,0.394993,0.011041,0.012185,0.692774,0.962585,0.758517,0.472563,0.473703,0.287988,0.104886,11.934439,20.024963,0.900880,0.265620,0.688540,0.714644,0.510378,0.531142,0.681411,0.722015,0.868436,0.478375,0.034811,46.858798,0.000356,0.005009,12.528325,0.005015,0.005003,0.000949,0.001900,7248780.059477,0.000000
-8126961.284137,1372384.602041,51193499.332244,45.196660,-1.938055,0.656198,0.771478,0.350074,0.145600,0.152902,0.756617,0.747779,0.164948,0.313526,0.275310,0.693858,0.694073,0.764825,0.364104,0.317967,0.925770,0.548424,0.996439,0.757922,0.711204,0.211708,0.062097,0.553288,0.122094,0.164067,0.698492,0.992212,0.737376,0.524385,0.442650,0.155459,0.151049,12.510273,15.714866,0.139945,0.239024,0.803364,0.823492,0.664484,0.680373,0.876086,0.906949,0.856016,0.501410,0.112442,34.803340,0.007545,0.014348,4.783091,0.004498,0.004505,0.000737,0.002112,8126961.284137,0.000000
-6198984.667216,1450871.285251,55719792.730610,33.147145,-1.985155,0.655387,0.973107,0.807247,0.008690,0.178710,0.728859,0.405952,0.517475,0.275749,0.784454,0.595133,0.695141,0.312249,0.040228,0.537792,0.582885,0.545548,0.098500,0.650899,0.291130,0.199641,0.471768,0.980985,0.011041,0.012185,0.692431,0.962585,0.758641,0.282833,0.466194,0.167277,0.104378,11.709051,19.966079,1.358964,0.261424,0.683299,0.725755,0.461766,0.495999,0.679384,0.753851,0.862641,0.397635,0.049787,46.852855,0.000530,0.001456,10.785478,0.004942,0.004945,0.000803,0.002046,6198984.667216,0.000000
-19294762.331050,1999741.814774,86576627.761314,44.405949,-1.996486,0.902301,0.765484,0.879746,0.668026,0.635251,0.965325,0.657245,0.274360,0.349840,0.386706,0.752949,0.678642,0.772217,0.746291,0.894419,0.778506,0.316499,0.379133,0.434249,0.069411,0.229021,0.773146,0.306163,0.000450,0.633489,0.700680,0.959005,0.747952,0.235194,0.470108,0.331871,0.313872,11.221473,1.027083,0.049503,0.193715,0.731033,0.770733,0.576024,0.583298,0.903828,0.924226,0.864188,0.380923,0.040466,35.594051,0.005219,0.005557,12.098963,0.002791,0.002831,0.000022,0.002827,19294762.331050,0.000000
-4179535.452974,1395823.747715,33965700.633921,33.922990,-1.675844,0.914539,0.681588,0.277094,0.018127,0.706786,0.818706,0.673553,0.399966,0.335285,0.811622,0.447427,0.430011,0.883956,0.262258,0.213082,0.589835,0.573946,0.984824,0.438435,0.293706,0.124456,0.004375,0.942820,0.024270,0.005498,0.611963,0.865987,0.749535,0.715729,0.466020,0.325955,0.201907,13.389655,20.505229,0.341758,0.293774,0.848604,0.814804,0.745878,0.718238,0.958936,0.952603,0.812850,0.552634,0.010440,46.077010,0.009369,0.003646,3.092784,0.004603,0.004600,0.000893,0.001956,4179535.452974,0.000000
-19817117.749232,1673404.004181,94064399.802239,52.151793,-1.988286,0.691585,0.972530,0.795510,0.008221,0.787929,0.128907,0.399345,0.331339,0.275568,0.781740,0.596292,0.410379,0.319962,0.367116,0.534567,0.583888,0.649269,0.122138,0.638546,0.039034,0.230042,0.488789,0.398943,0.073384,0.644736,0.859764,0.968123,0.953040,0.275656,0.463745,0.164286,0.248092,12.358987,0.913109,0.375337,0.217515,0.710821,0.809465,0.616999,0.626155,0.841420,0.923900,0.863070,0.333904,0.057051,27.848207,0.002277,0.001825,3.329892,0.003972,0.003993,0.000200,0.002649,19817117.749232,0.000000
-4593501.267412,1306407.814493,36092925.198908,34.657676,-0.696876,0.798307,0.771735,0.321980,0.063731,0.125143,0.756370,0.671233,0.471765,0.213966,0.386299,0.453672,0.389593,0.291606,0.177889,0.232496,0.780536,0.570325,0.947149,0.853626,0.292885,0.229843,0.202027,0.961430,0.028269,0.024878,0.666549,0.949358,0.735721,0.256989,0.289769,0.150578,0.250979,11.990414,19.755783,0.305564,0.227437,0.787886,0.760677,0.684775,0.670016,0.887462,0.893758,0.501861,0.394387,0.298546,45.342324,0.003352,0.006297,1.568165,0.004355,0.004368,0.000682,0.002167,4593501.267412,0.000000
-12820589.856377,1854672.917757,67730982.756655,38.482112,-1.722364,0.715631,0.978258,0.977139,0.677239,0.223566,0.785968,0.935583,0.539974,0.342036,0.366408,0.760143,0.307936,0.907427,0.744337,0.467857,0.777552,0.579236,0.983006,0.453688,0.392388,0.212475,0.003241,0.398347,0.026643,0.219209,0.650994,0.929338,0.959594,0.475406,0.439574,0.332229,0.216098,14.622459,14.187465,0.329287,0.219497,0.749252,0.751629,0.596457,0.604301,0.877574,0.884435,0.821357,0.410285,0.092165,41.517888,0.001524,0.015364,11.167442,0.004448,0.004417,0.000335,0.002514,12820589.856377,0.000000
-10798959.571783,1351909.214089,61824053.529402,55.164263,-1.979625,0.737427,0.766476,0.714342,0.033320,0.780463,0.728430,0.675284,0.496774,0.597479,0.356732,0.620873,0.416722,0.783015,0.764351,0.233882,0.811875,0.336621,0.382393,0.333517,0.707087,0.109947,0.568141,0.301761,0.289674,0.042480,0.612816,0.962353,0.960038,0.452019,0.465364,0.164274,0.252328,11.030538,19.093965,0.320606,0.206183,0.801017,0.829661,0.696201,0.722554,0.869055,0.931547,0.861879,0.400982,0.051375,24.835737,0.006063,0.007645,6.017223,0.004501,0.004512,0.000677,0.002172,10798959.571783,0.000000
-10895727.663031,1282004.178081,69324371.617540,54.758318,-2.102337,0.738798,0.768428,0.495007,0.024983,0.780463,0.754819,0.665932,0.068770,0.593586,0.356637,0.581654,0.417997,0.910823,0.163544,0.233838,0.783765,0.572489,0.426464,0.339868,0.707087,0.109947,0.162873,0.371122,0.299972,0.009629,0.778746,0.998451,0.960038,0.453093,0.467175,0.157582,0.107638,12.685503,20.374270,0.475601,0.258783,0.780934,0.802173,0.622795,0.634565,0.790403,0.830055,0.877829,0.401403,0.062513,25.241682,0.003833,0.007048,6.626430,0.004750,0.004761,0.000825,0.002024,10895727.663031,0.000000
-11453836.105434,1486248.524447,79909326.126549,38.623480,-0.746628,0.738350,0.974535,0.848033,0.709564,0.820985,0.755032,0.634952,0.555660,0.322188,0.135671,0.740244,0.416867,0.291567,0.822693,0.392808,0.784239,0.621115,0.436097,0.021343,0.296428,0.231755,0.590687,0.274591,0.079704,0.024184,0.175694,0.968106,0.943755,0.456211,0.288739,0.157278,0.182747,10.934310,19.585318,0.613001,0.172000,0.599670,0.749597,0.517479,0.636750,0.573942,0.826280,0.526038,0.407777,0.598946,41.376520,0.001151,0.000190,9.633865,0.004590,0.004565,0.000447,0.002402,11453836.105434,0.000000
-15292745.688194,1276484.807789,70667564.110431,68.676340,-1.572623,0.537180,0.990638,0.293060,0.072073,0.805849,0.724560,0.439579,0.342946,0.354305,0.772421,0.431912,0.418301,0.782915,0.263767,0.318448,0.772428,0.334073,0.399463,0.290622,0.140782,0.235886,0.649531,0.556630,0.424843,0.123199,0.695636,0.944465,0.963723,0.713904,0.408201,0.158934,0.228934,9.711003,16.581731,0.157377,0.188368,0.748881,0.822951,0.667084,0.728699,0.861934,0.949711,0.792500,0.502274,0.173515,11.323660,0.005682,0.017482,2.557075,0.004626,0.004640,0.000643,0.002206,15292745.688194,0.000000
-13451505.275199,1336181.417094,70040911.876435,52.966628,-0.728244,0.793690,0.970407,0.793394,0.062313,0.798847,0.689176,0.666338,0.469230,0.115598,0.207403,0.715603,0.429216,0.284199,0.361575,0.245277,0.453241,0.601734,0.415326,0.292990,0.909824,0.111699,0.914766,0.281792,0.264559,0.030773,0.047674,0.852709,0.960186,0.259927,0.466791,0.171450,0.220778,9.133271,19.144315,0.842634,0.160206,0.646241,0.759429,0.559504,0.654569,0.675816,0.821148,0.517244,0.325688,0.003490,27.033372,0.002179,0.004195,9.065786,0.004843,0.004819,0.000673,0.002176,13451505.275199,0.000000
-15382652.354560,1271092.466477,94225216.992746,67.708597,-2.095942,0.740573,0.770262,0.493970,0.003605,0.578591,0.728406,0.444961,0.065586,0.315897,0.815084,0.651865,0.417981,0.782130,0.745229,0.167164,0.816079,0.587969,0.383301,0.288286,0.147738,0.231311,0.454977,0.314528,0.470624,0.010075,0.779488,0.996264,0.960204,0.453075,0.467238,0.164178,0.101737,10.865146,20.165311,0.270531,0.226620,0.718590,0.797711,0.625483,0.631706,0.739334,0.818087,0.877046,0.401343,0.061488,12.291403,0.008998,0.005017,7.011365,0.004829,0.004837,0.000942,0.001907,15382652.354560,0.000000
-4501403.644016,1392805.513618,53111407.769292,33.256639,-1.984969,0.541426,0.691852,0.703720,0.057852,0.771785,0.871130,0.055811,0.345056,0.354315,0.312574,0.574729,0.471859,0.274966,0.171723,0.320809,0.580686,0.584257,0.688227,0.336525,0.495127,0.247516,0.797332,0.387394,0.012337,0.009865,0.691659,0.967567,0.735208,0.676615,0.463474,0.293459,0.101008,9.331240,19.722497,0.559295,0.312708,0.800604,0.840739,0.660545,0.692409,0.809637,0.859636,0.862615,0.509240,0.057377,46.743361,0.002649,0.013473,3.730624,0.004181,0.004196,0.000186,0.002663,4501403.644016,0.000000
-8242327.852462,1475326.587029,53259836.322885,42.314038,-1.845630,0.793272,0.846192,0.292810,0.094942,0.813956,0.724135,0.667867,0.346566,0.351880,0.794677,0.568718,0.415401,0.651388,0.369676,0.246912,0.592446,0.594091,0.807359,0.300068,0.498181,0.237603,0.504317,0.381026,0.073130,0.210394,0.612351,0.914177,0.960001,0.453211,0.468532,0.439696,0.224711,11.310375,13.939933,0.271140,0.307401,0.798933,0.806452,0.704107,0.710550,0.944435,0.948129,0.842074,0.401461,0.025279,37.685962,0.009917,0.005404,3.772394,0.004416,0.004437,0.000717,0.002132,8242327.852462,0.000000
-8580549.435529,1221600.553555,57858440.702949,63.932827,-0.671348,0.537180,0.975057,0.284909,0.078800,0.805377,0.724560,0.666696,0.574533,0.355747,0.137768,0.694114,0.418307,0.784784,0.738860,0.319760,0.772282,0.680096,0.373285,0.293744,0.140782,0.235876,0.647578,0.556630,0.410228,0.028787,0.696095,0.961139,0.943330,0.457419,0.282707,0.159201,0.228936,10.034924,19.441021,0.117676,0.153052,0.713971,0.747199,0.630607,0.658686,0.851514,0.879982,0.488981,0.408389,0.551941,16.067173,0.010027,0.016266,4.015397,0.004631,0.004608,0.000492,0.002357,8580549.435529,0.000000
-14101326.417362,1292335.858059,68461005.253788,64.956899,-1.937965,0.740730,0.977406,0.288214,0.058377,0.872102,0.944783,0.439806,0.331358,0.103616,0.375646,0.431915,0.413076,0.731165,0.820323,0.465181,0.801477,0.341636,0.997739,0.452054,0.712033,0.132842,0.939900,0.719345,0.424799,0.023922,0.642428,0.945036,0.976240,0.623353,0.467569,0.165779,0.225081,10.742922,19.329626,0.066318,0.207048,0.781636,0.826602,0.696531,0.734622,0.868060,0.938563,0.856003,0.462628,0.039821,15.043101,0.006566,0.014799,3.500909,0.004744,0.004757,0.000898,0.001951,14101326.417362,0.000000
-17117155.788383,2005747.645790,74278494.427201,46.591191,-0.518812,0.905544,0.978696,0.869698,0.677239,0.223566,0.785968,0.664140,0.535693,0.284884,0.366338,0.760225,0.386149,0.907427,0.366260,0.256508,0.767777,0.579236,0.983010,0.453688,0.394196,0.233550,0.003241,0.397215,0.026643,0.614728,0.650994,0.929162,0.966025,0.477913,0.276974,0.332229,0.222381,14.412517,2.285883,0.132121,0.156299,0.626509,0.678636,0.532407,0.566332,0.759817,0.815009,0.404773,0.409228,0.417108,33.408809,0.001318,0.004951,12.508990,0.003909,0.003896,0.000214,0.002635,17117155.788383,0.000000
-14720833.064892,1782542.865174,71978959.823164,42.617179,-1.928725,0.717176,0.970140,0.979909,0.664277,0.171032,0.755993,0.660375,0.539972,0.252372,0.379958,0.756324,0.313551,0.902299,0.248197,0.536393,0.925945,0.312335,0.803166,0.307760,0.721015,0.213061,0.951532,0.400348,0.073574,0.218141,0.693050,0.986464,0.975890,0.597432,0.444052,0.331916,0.215105,9.641507,13.457879,0.391717,0.230533,0.763796,0.793293,0.649585,0.655284,0.901009,0.906662,0.854667,0.452653,0.106835,37.382821,0.000662,0.005723,11.860426,0.004473,0.004454,0.000389,0.002460,14720833.064892,0.000000
-5196448.295601,1442842.961942,48366196.710860,37.116491,-2.087328,0.740558,0.992678,0.291125,0.064748,0.810792,0.944365,0.679232,0.815582,0.340543,0.318824,0.599322,0.390475,0.252819,0.364692,0.467360,0.791413,0.652419,0.979394,0.299532,0.368048,0.110399,0.582228,0.552474,0.025291,0.152815,0.728397,0.995447,0.959771,0.275137,0.466184,0.159459,0.224220,11.048330,15.617908,0.408027,0.271306,0.817029,0.796571,0.644830,0.665163,0.893871,0.905948,0.875982,0.331765,0.063310,42.883509,0.007163,0.018190,2.202917,0.004300,0.004326,0.000619,0.002230,5196448.295601,0.000000
-12558326.207824,1774993.775329,69636229.503346,38.647736,-0.537885,0.904986,0.978152,0.879671,0.668689,0.192047,0.907964,0.936693,0.529582,0.278417,0.366338,0.760225,0.305658,0.907427,0.172105,0.255805,0.777552,0.579292,0.983006,0.453688,0.392388,0.233382,0.774467,0.398463,0.026669,0.220278,0.697760,0.929111,0.965602,0.475406,0.279095,0.332455,0.314201,10.641618,13.499383,0.382870,0.196336,0.642297,0.625280,0.552475,0.538731,0.778850,0.758449,0.416018,0.408382,0.201664,41.352264,0.000342,0.005335,13.861377,0.004284,0.004263,0.000586,0.002263,12558326.207824,0.000000
-19382774.514633,1992713.321790,86522105.083167,44.361843,-1.977480,0.902442,0.765484,0.879748,0.668959,0.635251,0.818794,0.656136,0.280471,0.349371,0.378744,0.795528,0.680693,0.770827,0.746291,0.895122,0.777207,0.574724,0.376645,0.434249,0.290459,0.228925,0.008067,0.298482,0.000506,0.637750,0.650603,0.960368,0.685464,0.235194,0.466067,0.260784,0.215768,13.927963,1.532576,0.053127,0.170421,0.669282,0.681860,0.449837,0.459304,0.813902,0.828905,0.861582,0.402345,0.049132,35.638157,0.005208,0.007553,9.004204,0.002983,0.003024,0.000128,0.002721,19382774.514633,0.000000
-11630025.618394,1472938.923343,82060428.172627,38.931876,-0.896154,0.732218,0.990116,0.861617,0.702510,0.152471,0.755032,0.633582,0.562105,0.308372,0.770324,0.595328,0.417294,0.291567,0.180662,0.333319,0.784239,0.621485,0.436190,0.019429,0.296341,0.231755,0.081116,0.298678,0.079704,0.042214,0.175694,0.937410,0.963502,0.712695,0.414233,0.157278,0.107760,13.827457,19.449431,0.859784,0.193963,0.598515,0.763815,0.515279,0.619464,0.543376,0.737014,0.591864,0.501879,0.155132,41.068124,0.000346,0.000177,11.723838,0.004607,0.004617,0.000683,0.002166,11630025.618394,0.000000
-10061628.613321,1274666.714470,61509595.204426,55.986886,-1.748535,0.969475,0.745192,0.302362,0.071664,0.821117,0.735694,0.678251,0.077861,0.322692,0.124022,0.741626,0.391144,0.772495,0.266146,0.225405,0.514095,0.574099,0.980051,0.430624,0.326758,0.108206,0.600163,0.274665,0.302583,0.037066,0.028868,0.930400,0.960182,0.617364,0.443329,0.332573,0.099691,10.866733,19.162237,0.198778,0.242448,0.780947,0.819993,0.664092,0.675550,0.802342,0.831395,0.825971,0.465707,0.084351,24.013114,0.005456,0.003127,3.849588,0.004692,0.004690,0.000892,0.001957,10061628.613321,0.000000
-17421426.383795,1633668.206360,79091840.267038,68.057844,-1.441302,0.798410,0.975642,0.825650,0.007173,0.179619,0.723692,0.696932,0.346093,0.247356,0.353166,0.696590,0.703653,0.333502,0.372479,0.893619,0.783413,0.536346,0.977464,0.300956,0.510540,0.136069,0.795013,0.170310,0.297473,0.416428,0.692252,0.969332,0.965086,0.471405,0.377139,0.289764,0.102781,10.703667,7.701907,0.350717,0.164935,0.641825,0.648972,0.458978,0.462770,0.571690,0.608132,0.763380,0.406981,0.270666,11.942156,0.004049,0.017891,11.320500,0.004568,0.004575,0.000653,0.002196,17421426.383795,0.000000
-13322158.348826,1386034.967370,67929897.825386,52.399839,-1.583648,0.739399,0.980327,0.702216,0.056005,0.655428,0.754191,0.744793,0.343109,0.354048,0.802188,0.670156,0.303336,0.892227,0.160911,0.249272,0.928237,0.592323,0.095091,0.586861,0.012832,0.464678,0.429611,0.929916,0.267108,0.010807,0.730337,0.860444,0.958283,0.630617,0.453359,0.171766,0.099548,11.694377,20.152003,0.787037,0.215087,0.751714,0.764430,0.607311,0.615409,0.699504,0.733977,0.794775,0.471548,0.033387,27.600161,0.002677,0.001682,11.834615,0.004926,0.004918,0.000884,0.001965,13322158.348826,0.000000
-13607075.290624,1657156.020091,78030898.420170,38.493723,-0.640203,0.717671,0.764288,0.978845,0.666051,0.171032,0.755993,0.659985,0.539972,0.341285,0.378221,0.760628,0.313476,0.290414,0.248716,0.463376,0.794548,0.312335,0.951634,0.309249,0.373839,0.213061,0.597399,0.553540,0.025752,0.218141,0.667513,0.986474,0.959577,0.597389,0.270621,0.331916,0.215105,11.164674,13.691572,0.321661,0.214504,0.610517,0.711604,0.532812,0.617443,0.732395,0.841837,0.472815,0.458086,0.414687,41.506277,0.000662,0.006391,7.767243,0.003926,0.003948,0.000203,0.002646,13607075.290624,0.000000
-8130256.758609,1580397.016738,59408249.667222,32.869416,-1.789736,0.683370,0.790453,0.886072,0.672331,0.805069,0.930300,0.664813,0.342149,0.321373,0.816879,0.571351,0.428257,0.887620,0.251208,0.451435,0.587638,0.551431,0.411495,0.784119,0.935846,0.466128,0.155436,0.402184,0.008763,0.009633,0.614338,0.952049,0.960186,0.450367,0.438861,0.262945,0.107561,12.775455,20.329214,0.349760,0.267097,0.691849,0.719481,0.512157,0.533927,0.683523,0.731084,0.832996,0.400289,0.103599,47.130584,0.000665,0.007878,9.634980,0.004038,0.004054,0.000566,0.002283,8130256.758609,0.000000
-7183959.894075,1609249.915918,58085025.446248,33.046799,-2.079423,0.730489,0.975019,0.854662,0.369662,0.779325,0.750555,0.664942,0.289300,0.274843,0.674146,0.569162,0.479314,0.863815,0.375980,0.903787,0.582189,0.314905,0.702003,0.435650,0.774603,0.231716,0.880710,0.306696,0.010448,0.005711,0.690911,0.993509,0.971583,0.668625,0.465853,0.297821,0.113957,9.244604,19.852548,0.633972,0.292265,0.744947,0.766264,0.603895,0.620351,0.756348,0.785504,0.874998,0.481850,0.063190,46.953201,0.003159,0.006325,9.925161,0.004631,0.004633,0.000804,0.002045,7183959.894075,0.000000
-11517095.553892,1553717.296205,79872189.116482,36.692623,-1.259779,0.738433,0.976980,0.900765,0.680154,0.814225,0.590017,0.934829,0.520490,0.417991,0.385920,0.584965,0.416035,0.279667,0.263169,0.467316,0.591214,0.598070,0.405464,0.341208,0.281089,0.464204,0.140821,0.286511,0.023739,0.142185,0.181243,0.937936,0.891860,0.732724,0.441046,0.190574,0.107762,13.628712,16.368740,0.613160,0.194482,0.638860,0.734591,0.546073,0.605814,0.656862,0.708750,0.716283,0.535947,0.092621,43.307377,0.000711,0.006595,7.381564,0.004319,0.004331,0.000384,0.002465,11517095.553892,0.000000
-6424452.217559,1251018.031271,52398307.568099,63.046893,-0.613723,0.795294,0.764557,0.294386,0.002568,0.789793,0.955537,0.660452,0.685728,0.276123,0.775198,0.696926,0.311650,0.271382,0.745381,0.894215,0.716797,0.617059,0.976411,0.293898,0.290491,0.229832,0.468553,0.391031,0.389084,0.050092,0.452532,0.959968,0.741142,0.675541,0.276730,0.277354,0.244631,9.967385,18.941529,0.070332,0.153445,0.725270,0.720586,0.636713,0.633210,0.859669,0.854393,0.458668,0.514272,0.507500,16.953107,0.004566,0.032743,1.571456,0.004354,0.004382,0.000654,0.002195,6424452.217559,0.000000
-10640600.997023,1445200.949260,70424328.833234,38.964806,-0.122825,0.735823,0.978484,0.815404,0.379483,0.233738,0.725879,0.666017,0.517781,0.196247,0.789195,0.570876,0.299350,0.324824,0.151991,0.241380,0.591840,0.584964,0.391119,0.295613,0.303731,0.124190,0.504089,0.909731,0.079383,0.040946,0.073460,0.850764,0.887767,0.244812,0.261597,0.331828,0.257767,11.543038,19.112518,0.848993,0.213432,0.592971,0.697919,0.512347,0.600172,0.716076,0.831849,0.115582,0.340782,0.261788,41.035194,0.000598,0.005686,10.601691,0.004707,0.004714,0.000728,0.002121,10640600.997023,0.000000
-13104085.995576,1517202.937074,63964616.812017,59.402720,-1.951443,0.653235,0.843608,0.291931,0.127512,0.170999,0.745003,0.666844,0.518841,0.247527,0.796002,0.477415,0.703653,0.319880,0.041795,0.893619,0.787370,0.593855,0.978339,0.292962,0.200198,0.230729,0.479480,0.381002,0.150525,0.615536,0.612447,0.995899,0.964758,0.201327,0.442977,0.291719,0.248358,5.767348,1.808599,0.009709,0.229290,0.782050,0.809773,0.629199,0.639763,0.932055,0.947006,0.857931,0.301476,0.113292,20.597280,0.000249,0.041076,2.392485,0.003220,0.003271,0.000047,0.002802,13104085.995576,0.000000
-5821836.605966,1460598.817255,55217988.546194,32.827112,-1.954828,0.798581,0.854777,0.812310,0.002319,0.783163,0.729657,0.400305,0.344118,0.327011,0.770319,0.701448,0.288619,0.901920,0.264110,0.235075,0.594682,0.580965,0.114923,0.288072,0.338495,0.230043,0.488919,0.974667,0.007650,0.008754,0.502803,0.937968,0.951448,0.478072,0.474407,0.162186,0.103931,11.471216,20.048588,0.774379,0.264125,0.721652,0.757483,0.546681,0.575148,0.700795,0.762955,0.858411,0.413927,0.023471,47.172888,0.002175,0.001719,8.298943,0.004742,0.004750,0.000847,0.002002,5821836.605966,0.000000
-7756956.592691,1561761.239367,52774350.883849,35.669178,-0.180011,0.926970,0.973016,0.352296,0.667933,0.227687,0.815693,0.678137,0.539782,0.193756,0.189161,0.570876,0.682622,0.290918,0.878593,0.245545,0.783391,0.619375,0.995368,0.296400,0.822201,0.233864,0.503700,0.294040,0.008942,0.147917,0.076463,0.850764,0.962376,0.179774,0.267645,0.441565,0.214206,11.513480,15.831610,0.136074,0.244340,0.674255,0.686498,0.575804,0.586451,0.812135,0.823460,0.164739,0.293694,0.102013,44.330822,0.005592,0.005061,5.952801,0.003553,0.003591,0.000213,0.002636,7756956.592691,0.000000
-17354435.600989,1476926.242860,80879050.360947,57.837705,-2.018263,0.717232,0.986870,0.854388,0.077289,0.799200,0.786060,0.439110,0.417018,0.190856,0.317064,0.747458,0.316132,0.288034,0.364481,0.423951,0.927080,0.358653,0.999778,0.304840,0.711204,0.222609,0.095613,0.093272,0.278163,0.158472,0.698492,0.985228,0.734625,0.514419,0.459753,0.154036,0.218872,13.542344,15.998540,0.531630,0.174258,0.741988,0.827289,0.624697,0.684163,0.812048,0.931754,0.867114,0.502785,0.072402,22.162295,0.001256,0.008542,10.633098,0.004718,0.004697,0.000569,0.002280,17354435.600989,0.000000
-17653924.063767,1319221.588635,82422721.282820,68.473512,-1.950150,0.738768,0.770731,0.527883,0.063291,0.583880,0.750763,0.379466,0.356230,0.110947,0.382121,0.689875,0.416723,0.766628,0.175245,0.228680,0.574855,0.777681,0.127380,0.333559,0.160571,0.230866,0.461354,0.210145,0.410301,0.150486,0.778262,0.996147,0.944255,0.286491,0.442637,0.157977,0.222136,10.635650,15.923657,0.282579,0.202382,0.744237,0.849496,0.666643,0.689200,0.851352,0.952597,0.857747,0.340716,0.114164,11.526488,0.003275,0.003201,6.640162,0.004635,0.004647,0.000666,0.002183,17653924.063767,0.000000
-3236569.386963,1190821.107613,51372355.567947,68.527969,-0.383188,0.796543,0.977325,0.293381,0.003042,0.793835,0.937544,0.661616,0.745798,0.308566,0.086356,0.694117,0.415482,0.733034,0.752615,0.165663,0.801331,0.687659,0.806039,0.287226,0.712033,0.132831,0.936414,0.397652,0.477953,0.012321,0.642888,0.996199,0.975595,0.679911,0.400678,0.055516,0.106344,10.424465,19.722499,0.121336,0.137486,0.710689,0.754671,0.597312,0.634958,0.187895,0.286608,0.318315,0.484867,0.217317,11.472031,0.004967,0.004134,5.494912,0.004893,0.004900,0.000946,0.001903,3236569.386963,0.000000
-12855365.378417,1346391.170306,92911304.433394,53.602396,-1.733223,0.682476,0.965036,0.846959,0.001373,0.151307,0.155429,0.467911,0.155312,0.658708,0.317093,0.598493,0.392990,0.784304,0.175374,0.465908,0.580227,0.360814,0.165437,0.548250,0.340446,0.252353,0.406644,0.715800,0.278420,0.022020,0.560662,0.959044,0.736507,0.196584,0.466192,0.156152,0.238105,11.912979,19.834978,0.826265,0.194072,0.650193,0.835049,0.549933,0.657809,0.684981,0.949194,0.823286,0.368184,0.048337,26.397604,0.004037,0.002338,4.817149,0.004854,0.004835,0.000687,0.002162,12855365.378417,0.000000
-19457928.420184,1609993.004753,133128298.338865,56.320631,-1.727975,0.961622,0.748805,0.869701,0.069339,0.570335,0.750405,0.336616,0.075219,0.209824,0.308492,0.595329,0.391511,0.262034,0.175421,0.384925,0.789953,0.598909,0.429460,0.051666,0.514265,0.110510,0.009209,0.730360,0.121266,0.616480,0.605688,0.996012,0.960287,0.613297,0.407348,0.190872,0.100894,13.170240,2.174011,0.230628,0.213316,0.564287,0.740826,0.511636,0.572215,0.547599,0.707317,0.822356,0.464079,0.199579,23.679369,0.001310,0.004270,6.468844,0.002943,0.002995,0.000180,0.002669,19457928.420184,0.000000
-10694246.674399,1299967.743420,62127266.447963,55.836207,-1.620104,0.902477,0.969319,0.307794,0.071664,0.155861,0.735694,0.678160,0.244433,0.307844,0.124022,0.646938,0.389132,0.767012,0.180828,0.225405,0.515085,0.574469,0.980051,0.431630,0.300006,0.215641,0.088638,0.305248,0.302583,0.037066,0.032467,0.930400,0.960182,0.996377,0.422545,0.332573,0.216428,11.642477,19.590154,0.141324,0.245153,0.764736,0.804104,0.678951,0.711785,0.920784,0.943323,0.802122,0.611804,0.131780,24.163793,0.003272,0.003516,1.717860,0.004517,0.004526,0.000798,0.002051,10694246.674399,0.000000
-21793027.163258,1605702.297262,125346062.597195,75.830633,-1.019230,0.848862,0.974543,0.724412,0.076325,0.160393,0.149160,0.402839,0.157999,0.209869,0.785437,0.566489,0.409693,0.303115,0.262257,0.388050,0.783351,0.764093,0.410425,0.430684,0.505989,0.102157,0.802071,0.157051,0.322790,0.575926,0.974702,0.985355,0.736181,0.993640,0.314579,0.261602,0.248832,9.567043,2.868241,0.208857,0.135326,0.496281,0.792785,0.443871,0.690765,0.616464,0.921876,0.639127,0.503344,0.496445,4.169367,0.003116,0.010576,5.020016,0.004218,0.004236,0.000665,0.002184,21793027.163258,0.000000
-13401522.162172,1342404.501330,77791319.404654,57.241488,-2.018687,0.739542,0.974595,0.484635,0.077391,0.156530,0.786854,0.402839,0.243529,0.213854,0.779472,0.843404,0.387186,0.291509,0.165291,0.424793,0.783351,0.315389,0.041840,0.288461,0.505989,0.240099,0.827541,0.098195,0.322790,0.026382,0.974702,0.985445,0.742625,0.994978,0.459711,0.330328,0.247860,8.969369,19.319808,0.769624,0.259143,0.747255,0.836535,0.667588,0.741561,0.912739,0.960958,0.867170,0.505812,0.072582,22.758512,0.002696,0.000759,3.707692,0.004760,0.004772,0.000944,0.001905,13401522.162172,0.000000
-9317408.200852,1547389.644016,65003426.395478,34.620466,-1.438288,0.794603,0.978544,0.802804,0.677239,0.179929,0.756240,0.660259,0.525274,0.196310,0.380302,0.566151,0.408870,0.263719,0.183588,0.467235,0.772964,0.309774,0.998718,0.289280,0.303283,0.455758,0.206951,0.393412,0.025752,0.032346,0.075877,0.937446,0.959528,0.245027,0.391288,0.331916,0.215155,12.874283,19.607657,0.640952,0.240693,0.743547,0.797855,0.595934,0.612141,0.902613,0.923858,0.762666,0.320037,0.214854,45.379534,0.000376,0.008423,10.841553,0.004566,0.004574,0.000732,0.002117,9317408.200852,0.000000
-900433.947456,1182388.926259,59251447.450808,64.866893,-0.618941,0.743118,0.761220,0.284942,0.079112,0.806038,0.724560,0.439579,0.799637,0.600784,0.137768,0.431201,0.419537,0.782915,0.714892,0.321704,0.772677,0.352656,0.399370,0.293744,0.140782,0.236216,0.647640,0.548749,0.424843,0.024107,0.695636,0.944465,0.943609,0.460858,0.282707,0.302856,0.228934,9.913057,19.598409,0.031501,0.177162,0.690501,0.750562,0.607351,0.657737,0.830004,0.883537,0.461486,0.409656,0.520760,15.133107,0.005311,0.011082,3.659822,0.004715,0.004725,0.000858,0.001991,900433.947456,0.000000
-18001297.238881,1471336.831918,112757274.599402,58.732344,-1.837878,0.682955,0.987290,0.854388,0.062068,0.147513,0.756617,0.439110,0.154916,0.176966,0.317064,0.749916,0.318742,0.769375,0.163991,0.316237,0.577838,0.355970,0.999480,0.304849,0.711204,0.251330,0.063769,0.584046,0.287004,0.164067,0.697974,0.959226,0.734696,0.524054,0.443074,0.156070,0.218872,13.921647,15.843314,0.486304,0.178352,0.638161,0.834147,0.544125,0.698487,0.680561,0.938905,0.840845,0.509490,0.097304,21.267656,0.002300,0.007202,9.063374,0.004570,0.004541,0.000440,0.002409,18001297.238881,0.000000
-9987943.634842,1765770.789371,65241291.287632,34.703012,-1.616214,0.907679,0.978321,0.898046,0.664181,0.836914,0.729853,0.935438,0.540265,0.404258,0.803954,0.603817,0.668629,0.883014,0.732159,0.552461,0.796148,0.579956,0.983039,0.453755,0.052393,0.213035,0.099153,0.396716,0.026720,0.033740,0.650849,0.929328,0.958244,0.450226,0.422467,0.335539,0.100517,13.799686,19.705066,0.478976,0.238531,0.607475,0.625933,0.419480,0.433723,0.526764,0.567515,0.801351,0.400842,0.131485,45.296988,0.005073,0.015953,10.823309,0.004561,0.004558,0.000894,0.001955,9987943.634842,0.000000
-11117125.390699,1466679.485192,72124227.317350,42.296266,-1.586784,0.955866,0.856071,0.700624,0.693240,0.691948,0.951555,0.669429,0.236322,0.241627,0.101280,0.748003,0.416637,0.885888,0.149088,0.234495,0.590354,0.580232,0.403658,0.129812,0.027516,0.447673,0.234861,0.308378,0.122247,0.045104,0.697247,0.937452,0.967242,0.650748,0.413812,0.157283,0.104742,12.486294,19.226726,0.448771,0.233774,0.737686,0.763247,0.601551,0.614084,0.693982,0.740400,0.795418,0.476362,0.156195,37.703734,0.000253,0.001666,12.566296,0.004522,0.004516,0.000726,0.002123,11117125.390699,0.000000
-9180749.960488,1457767.410131,63218326.573503,36.405534,-0.870213,0.743030,0.990313,0.856185,0.036979,0.809047,0.756382,0.634447,0.518614,0.320313,0.825532,0.740216,0.416861,0.299230,0.265132,0.391496,0.782042,0.621115,0.463841,0.021059,0.296428,0.231755,0.591464,0.274591,0.045446,0.042225,0.172833,0.929246,0.965079,0.464149,0.415732,0.157969,0.101050,11.078668,18.993412,1.111374,0.202400,0.673195,0.724779,0.513070,0.535534,0.638183,0.701353,0.581138,0.404146,0.147718,43.594466,0.002141,0.002293,11.419642,0.004904,0.004911,0.000816,0.002033,9180749.960488,0.000000
-8450856.888059,1572438.756584,58335643.721498,34.996318,-1.810736,0.793990,0.985721,0.879222,0.379234,0.163598,0.818794,0.980763,0.334069,0.352450,0.376933,0.441664,0.685229,0.285566,0.885762,0.251449,0.478029,0.617501,0.999184,0.295598,0.302831,0.228932,0.154167,0.935863,0.036674,0.011036,0.076091,0.952867,0.747014,0.970167,0.466067,0.332566,0.251477,13.411626,20.310094,0.669029,0.234657,0.778287,0.771895,0.668620,0.668222,0.920782,0.918943,0.836466,0.519129,0.046051,45.003682,0.001960,0.004428,10.135377,0.004464,0.004457,0.000598,0.002251,8450856.888059,0.000000
-11277809.501071,1578473.610794,73757303.994891,38.964727,-0.122825,0.740991,0.978484,0.806657,0.657199,0.233738,0.724397,0.659857,0.517781,0.195321,0.773750,0.578953,0.311363,0.766386,0.151991,0.852143,0.591970,0.567033,0.924667,0.343176,0.808514,0.124190,0.503700,0.283713,0.079383,0.040946,0.695783,0.850764,0.959327,0.244812,0.261597,0.335266,0.257513,11.660664,19.141798,0.493763,0.202904,0.577375,0.691670,0.494651,0.590293,0.696268,0.825421,0.115582,0.320009,0.262823,41.035273,0.000283,0.010948,10.741667,0.004430,0.004414,0.000762,0.002087,11277809.501071,0.000000
-13150630.341703,1417703.247117,70542740.023907,52.180923,-0.907827,0.738350,0.990116,0.857248,0.701961,0.820797,0.755107,0.640357,0.562105,0.320746,0.770324,0.571155,0.679908,0.309971,0.373230,0.389230,0.578315,0.621115,0.421907,0.018175,0.296344,0.231755,0.590112,0.401043,0.259073,0.021843,0.189747,0.959456,0.963471,0.988848,0.416435,0.155484,0.107760,10.785701,19.741164,0.610394,0.157028,0.664021,0.775265,0.570693,0.664308,0.656797,0.725098,0.596600,0.601573,0.159728,27.819077,0.001294,0.000168,10.130060,0.004533,0.004538,0.000637,0.002212,13150630.341703,0.000000
-5948713.060916,1345586.836244,44520030.661826,34.056789,-0.913339,0.738166,0.653048,0.277396,0.679355,0.779643,0.590017,0.650013,0.520490,0.274957,0.777794,0.663009,0.415842,0.291303,0.362622,0.467316,0.582134,0.594874,0.405464,0.341208,0.281089,0.464204,0.140821,0.286620,0.023739,0.012797,0.181243,0.937936,0.971806,0.732724,0.440909,0.156323,0.107762,11.137868,20.181250,0.209707,0.245911,0.739694,0.789012,0.639736,0.681456,0.778965,0.830247,0.598818,0.506769,0.092924,45.943211,0.001288,0.007622,1.507123,0.003281,0.003336,0.000103,0.002746,5948713.060916,0.000000
-11097157.147146,1553414.697181,70592968.737305,41.082960,-2.008341,0.743185,0.972556,0.842968,0.071764,0.767034,0.693027,0.953117,0.339802,0.345834,0.392169,0.449245,0.459681,0.781013,0.269347,0.322364,0.791366,0.590683,0.699337,0.340921,0.496231,0.111624,0.865914,0.313786,0.076031,0.142223,0.612390,0.967643,0.959941,0.453211,0.467469,0.192338,0.251119,9.757586,15.768826,0.599151,0.239212,0.769688,0.784581,0.683946,0.694791,0.882004,0.923227,0.865789,0.401479,0.049286,38.917040,0.004815,0.010374,7.912218,0.004316,0.004317,0.000512,0.002337,11097157.147146,0.000000
-17134083.557118,1334816.996286,88057803.691008,73.863255,-2.074302,0.708829,0.852665,0.489777,0.064459,0.234988,0.948285,0.435911,0.117857,0.340281,0.138901,0.596369,0.459408,0.781847,0.177760,0.537474,0.936672,0.360546,0.984037,0.293147,0.733052,0.211509,0.203559,0.403007,0.478526,0.148407,0.662809,0.993087,0.958799,0.245726,0.465194,0.151021,0.226385,11.326628,16.216952,0.120333,0.178222,0.740759,0.838016,0.646565,0.669286,0.790886,0.938086,0.874356,0.320516,0.064369,6.136745,0.003331,0.019943,7.276164,0.004704,0.004701,0.000771,0.002078,17134083.557118,0.000000
-18008140.027921,1478258.476347,115129855.030131,57.962417,-1.460514,0.717232,0.993237,0.854388,0.059849,0.807013,0.756617,0.439009,0.141844,0.190736,0.317064,0.749214,0.316132,0.769375,0.364606,0.322370,0.802895,0.647057,0.440945,0.304305,0.013488,0.197708,0.062097,0.547565,0.277582,0.164188,0.699096,0.842433,0.734696,0.542446,0.442650,0.156070,0.218807,14.153794,15.842814,0.489957,0.167170,0.607692,0.831261,0.534894,0.700165,0.669876,0.938162,0.767883,0.517393,0.047981,22.037583,0.002042,0.010886,9.817677,0.004613,0.004587,0.000474,0.002375,18008140.027921,0.000000
-11570865.827084,1236378.970685,88803592.818384,61.535685,-2.005286,0.553015,0.969740,0.401949,0.052457,0.790443,0.871635,0.076370,0.396800,0.314775,0.310862,0.575530,0.474663,0.883463,0.172003,0.151814,0.592398,0.584257,0.150954,0.039239,0.751113,0.245797,0.929863,0.387394,0.380972,0.021674,0.644907,0.967539,0.735208,0.670900,0.466996,0.164197,0.101561,8.531984,19.414920,0.622337,0.204590,0.695087,0.826099,0.596672,0.683144,0.760777,0.826826,0.865378,0.509250,0.050199,18.464315,0.003416,0.001793,3.836592,0.004569,0.004540,0.000434,0.002415,11570865.827084,0.000000
-4559007.057548,1360197.730759,37734058.008690,32.895221,-0.764056,0.741863,0.775780,0.283406,0.376178,0.645042,0.754185,0.997334,0.322322,0.311362,0.787756,0.582105,0.459301,0.331997,0.172270,0.218913,0.793018,0.322333,0.070991,0.310964,0.751113,0.247478,0.146593,0.376485,0.011327,0.001289,0.693187,0.975822,0.973391,0.460613,0.287985,0.264787,0.255576,12.449701,20.511413,0.494645,0.275376,0.775792,0.700215,0.680031,0.617491,0.904823,0.839183,0.534227,0.400163,0.420009,47.104779,0.000751,0.002116,0.821866,0.003902,0.003934,0.000489,0.002360,4559007.057548,0.000000
-9810839.405402,1417367.368171,66320712.551145,38.255156,-1.613084,0.739895,0.972001,0.702216,0.649238,0.654184,0.720346,0.671056,0.349971,0.199045,0.377753,0.758087,0.311356,0.270717,0.161095,0.600208,0.775082,0.585016,0.057345,0.589760,0.032303,0.464678,0.464589,0.312028,0.079485,0.009944,0.640586,0.860444,0.741283,0.235473,0.458348,0.162272,0.100683,11.371806,20.076999,0.730621,0.226734,0.668761,0.702912,0.433290,0.459956,0.638417,0.716870,0.800728,0.383274,0.023297,41.744844,0.000319,0.000623,11.144573,0.004574,0.004588,0.000738,0.002111,9810839.405402,0.000000
-19434431.110110,2038440.225497,83480456.274638,47.549986,-1.465761,0.963327,0.974487,0.669536,0.696007,0.245747,0.736166,0.658416,0.290951,0.313893,0.329328,0.842480,0.680600,0.910866,0.839942,0.536478,0.810087,0.602389,0.980133,0.430894,0.299470,0.109427,0.473690,0.385175,0.025268,0.664311,0.030334,0.931417,0.960172,0.595526,0.398232,0.333889,0.101621,12.772518,0.379438,0.052333,0.158543,0.551844,0.564302,0.372009,0.380369,0.324259,0.386964,0.769098,0.457156,0.193294,32.450014,0.006172,0.014646,11.794213,0.003952,0.003943,0.000461,0.002388,19434431.110110,0.000000
-9249760.484782,1257936.430960,56591209.733114,55.836207,-1.748535,0.907646,0.745192,0.318274,0.050379,0.152791,0.710642,0.698159,0.077861,0.307844,0.124022,0.596710,0.445857,0.772495,0.180828,0.240092,0.514095,0.574732,0.982930,0.454515,0.058981,0.232403,0.088638,0.298751,0.302583,0.037066,0.651688,0.930400,0.958466,0.617364,0.443329,0.332573,0.099691,11.258983,19.561256,0.099357,0.286233,0.789750,0.824823,0.694541,0.708121,0.854078,0.877182,0.825971,0.466290,0.084351,24.163793,0.003783,0.003836,2.134573,0.004446,0.004446,0.000829,0.002020,9249760.484782,0.000000
-17441908.637374,1424369.794121,116586040.784417,58.551547,-1.487697,0.794312,0.764715,0.834951,0.127630,0.837262,0.759907,0.330399,0.155353,0.195354,0.385509,0.756986,0.475640,0.283273,0.994991,0.387742,0.465842,0.682557,0.386900,0.305434,0.700016,0.230074,0.480169,0.319794,0.289088,0.149456,0.682162,0.855686,0.969251,0.292934,0.439976,0.262574,0.225265,11.425690,15.922369,0.224107,0.222466,0.600335,0.825655,0.538890,0.682126,0.797141,0.950530,0.774108,0.336004,0.059403,21.448453,0.001256,0.008879,6.716354,0.004311,0.004327,0.000570,0.002279,17441908.637374,0.000000
-17594285.448910,1490057.816902,84677318.449023,57.958565,-0.995901,0.717232,0.985970,0.854388,0.059849,0.141841,0.943976,0.439740,0.219553,0.308560,0.316382,0.749214,0.316132,0.766697,0.351276,0.322279,0.927080,0.358653,0.999480,0.282568,0.711204,0.211708,0.062097,0.573830,0.277582,0.164067,0.698492,0.990118,0.734696,0.524054,0.309945,0.156070,0.218872,13.945584,15.847026,0.507279,0.141625,0.648905,0.769544,0.576204,0.677150,0.782745,0.904196,0.630610,0.501103,0.518370,22.041435,0.002259,0.009209,10.707991,0.004715,0.004688,0.000568,0.002281,17594285.448910,0.000000
-12655901.473403,1298766.819721,83854146.874828,52.123148,-0.716469,0.793816,0.849121,0.813855,0.126696,0.194341,0.720783,0.664632,0.133661,0.196356,0.217658,0.580092,0.410098,0.280513,0.149245,0.401775,0.466914,0.601734,0.415326,0.823028,0.909824,0.124959,0.914766,0.943905,0.259180,0.016813,0.030505,0.852750,0.960193,0.251527,0.466791,0.171617,0.224224,9.170728,19.543544,0.642149,0.178564,0.574793,0.763960,0.502083,0.660573,0.559979,0.828742,0.511526,0.322395,0.003506,27.876852,0.001683,0.009430,7.004090,0.004608,0.004618,0.000686,0.002163,12655901.473403,0.000000
-6653898.675573,1330111.709167,45142690.202143,41.919943,-1.933269,0.739290,0.964999,0.352074,0.012460,0.181188,0.938512,0.733200,0.571325,0.214136,0.770157,0.593435,0.410124,0.277540,0.714945,0.211236,0.813123,0.591717,0.982051,0.130657,0.058775,0.251901,0.056423,0.537501,0.118522,0.043035,0.691387,0.949550,0.735941,0.200488,0.464300,0.164643,0.237768,12.879149,19.380142,0.337038,0.249534,0.824963,0.820049,0.663735,0.680615,0.909628,0.934283,0.855326,0.370047,0.048258,38.080057,0.007216,0.006557,2.470261,0.004535,0.004561,0.000770,0.002079,6653898.675573,0.000000
-5422699.670415,1252465.870162,41674698.979752,41.461444,-0.316277,0.655097,0.850452,0.280744,0.001587,0.151311,0.160786,0.738972,0.520933,0.316826,0.840893,0.589221,0.413983,0.900973,0.175123,0.214712,0.784212,0.591717,0.164517,0.557069,0.201035,0.250934,0.023539,0.691865,0.119445,0.021888,0.563671,0.959064,0.757861,0.197789,0.392584,0.160988,0.103227,12.601259,20.023387,0.300449,0.243379,0.740605,0.785856,0.510994,0.547973,0.781592,0.836760,0.780213,0.361718,0.221668,38.538556,0.005222,0.007819,0.316277,0.004566,0.004581,0.000840,0.002009,5422699.670415,0.000000
-18521906.143482,1666104.687828,106417338.564759,56.253830,-1.727975,0.961622,0.747020,0.854892,0.069339,0.570335,0.575904,0.707453,0.077338,0.209824,0.333966,0.595329,0.391511,0.328955,0.175421,0.469008,0.789953,0.598909,0.996611,0.052307,0.514265,0.111076,0.006643,0.732410,0.121266,0.613805,0.605688,0.996012,0.960287,0.628923,0.407348,0.190872,0.100894,13.156336,2.274483,0.128161,0.189976,0.652029,0.702996,0.526765,0.535242,0.537212,0.634517,0.822356,0.470200,0.199579,23.746170,0.002211,0.005093,4.148379,0.002952,0.003001,0.000209,0.002640,18521906.143482,0.000000
-17490106.701303,1416577.651109,112429710.447719,57.988324,-0.137863,0.712344,0.972489,0.869316,0.690410,0.810496,0.757536,0.340649,0.155992,0.192646,0.308721,0.749214,0.390839,0.260240,0.176223,0.384844,0.464077,0.577987,0.413968,0.304200,0.401667,0.211142,0.062608,0.550238,0.277582,0.164998,0.189098,0.990118,0.734696,0.515835,0.466045,0.155887,0.104860,13.383916,15.822000,0.413727,0.131294,0.391419,0.733746,0.319988,0.560653,0.170830,0.722776,0.128782,0.501103,0.061404,22.011676,0.000340,0.005489,9.154283,0.004329,0.004303,0.000222,0.002627,17490106.701303,0.000000
-15292144.879529,1292820.493757,70232897.768112,68.676340,-1.325005,0.654245,0.988533,0.293077,0.074880,0.805849,0.724560,0.439579,0.342946,0.354305,0.772421,0.431912,0.702885,0.900951,0.047296,0.318448,0.772428,0.334073,0.399463,0.292945,0.140782,0.235683,0.649531,0.556558,0.424843,0.123199,0.694835,0.868804,0.963723,0.658149,0.407371,0.158934,0.103050,9.829701,16.590156,0.258878,0.177901,0.737904,0.804250,0.654582,0.660401,0.767057,0.799954,0.734198,0.480463,0.140572,11.323660,0.000400,0.013299,2.665625,0.004626,0.004639,0.000861,0.001988,15292144.879529,0.000000
-16025267.769566,1836358.545955,70879851.046141,45.056983,-1.883998,0.905177,0.865256,0.829630,0.145773,0.234482,0.745003,0.696932,0.518841,0.247356,0.794316,0.505392,0.703653,0.820729,0.968912,0.241516,0.583873,0.536517,0.391731,0.300956,0.206369,0.230644,0.457816,0.394146,0.010714,0.615521,0.614481,0.915603,0.965086,0.471405,0.474440,0.289764,0.104378,12.631011,1.824252,0.169394,0.204680,0.614488,0.634730,0.413744,0.429163,0.532185,0.581812,0.848019,0.406981,0.014362,34.943017,0.011148,0.003821,7.641829,0.003275,0.003294,0.000272,0.002577,16025267.769566,0.000000
-14538182.512309,1729158.011216,65844694.614202,52.369363,-2.012676,0.797719,0.977483,0.490128,0.095503,0.180136,0.724135,0.649483,0.491573,0.350974,0.750530,0.695493,0.416755,0.903118,0.373728,0.899111,0.574389,0.595704,0.984283,0.292730,0.498181,0.231383,0.547904,0.380619,0.079419,0.626312,0.690161,0.967028,0.969526,0.287012,0.468555,0.330018,0.252856,11.010213,1.441177,0.105799,0.227302,0.782485,0.797789,0.608792,0.617108,0.923091,0.929295,0.866369,0.333614,0.046848,27.630637,0.008392,0.016772,10.202162,0.004036,0.004029,0.000585,0.002264,14538182.512309,0.000000
-12132925.600840,1301554.465824,72615936.683133,60.114104,-1.031517,0.969475,0.736147,0.282355,0.071664,0.810426,0.735694,0.678251,0.077884,0.322692,0.124820,0.741626,0.391144,0.325570,0.265465,0.225405,0.514095,0.574093,0.990323,0.434093,0.326758,0.214436,0.600163,0.274665,0.302583,0.162398,0.183468,0.930400,0.960182,0.617364,0.443329,0.332573,0.099661,10.006229,15.389056,0.109123,0.245455,0.747550,0.812106,0.661364,0.672608,0.790681,0.831679,0.825971,0.465707,0.084351,19.885896,0.005439,0.003084,1.031517,0.004181,0.004215,0.000573,0.002276,12132925.600840,0.000000
-18977029.690380,1417808.754168,97329591.241227,63.783557,-0.554674,0.926396,0.765054,0.730326,0.125222,0.170233,0.745500,0.325597,0.172621,0.313178,0.214675,0.602814,0.484013,0.280522,0.995720,0.395845,0.792389,0.304480,0.071122,0.866939,0.489529,0.212532,0.466995,0.931241,0.300246,0.281230,0.644036,0.857096,0.944675,0.451300,0.307752,0.263392,0.107761,11.229079,11.963555,0.126386,0.172010,0.553147,0.760734,0.487778,0.582872,0.697267,0.793032,0.425740,0.405549,0.448929,16.216443,0.001818,0.000165,5.612844,0.003881,0.003910,0.000505,0.002344,18977029.690380,0.000000
-18534521.914634,1467867.214671,81941729.143067,68.271644,-1.893871,0.739369,0.974584,0.489877,0.000164,0.819908,0.723759,0.446079,0.346126,0.284522,0.366340,0.572286,0.307458,0.333139,0.729878,0.251320,0.780371,0.595226,0.999863,0.027239,0.392218,0.135756,0.796861,0.400243,0.299425,0.417354,0.651030,0.933328,0.965579,0.472817,0.466340,0.158374,0.238860,10.454361,7.597460,0.140571,0.181788,0.743755,0.828520,0.651948,0.701929,0.813640,0.936634,0.849512,0.407377,0.037475,11.728356,0.002936,0.003945,8.333085,0.004482,0.004492,0.000526,0.002323,18534521.914634,0.000000
-12570627.977445,1730572.135006,70405536.446771,38.482971,-0.519370,0.905544,0.978258,0.884288,0.677239,0.223566,0.785245,0.937569,0.535693,0.304119,0.365923,0.760225,0.317248,0.907427,0.386917,0.397517,0.777552,0.580602,0.298067,0.453688,0.505990,0.230550,0.007926,0.164473,0.026643,0.219209,0.693289,0.929338,0.959200,0.317348,0.276974,0.332229,0.216098,14.639314,14.159376,0.421952,0.199599,0.638246,0.634158,0.550445,0.547464,0.773152,0.767271,0.405105,0.348470,0.413328,41.517029,0.001461,0.005422,12.583614,0.004377,0.004366,0.000659,0.002190,12570627.977445,0.000000
-8240761.477487,1667437.713766,56171606.713976,33.082306,-2.028263,0.655387,0.779035,0.985726,0.147277,0.180493,0.756233,0.696932,0.520640,0.231306,0.784446,0.755580,0.703653,0.901670,0.040228,0.882252,0.920314,0.544961,0.977464,0.300956,0.201413,0.199641,0.471804,0.395993,0.011041,0.008910,0.692055,0.962585,0.758517,0.475096,0.473703,0.332915,0.215021,11.653835,20.112279,0.581845,0.261137,0.793704,0.808045,0.645727,0.656955,0.913514,0.922270,0.868436,0.479452,0.034811,46.917694,0.000214,0.018673,8.781747,0.004607,0.004611,0.000723,0.002126,8240761.477487,0.000000
-8088369.832439,1414249.508413,51462343.602142,43.529739,-0.646912,0.862705,0.844615,0.292592,0.094942,0.235518,0.673067,0.667867,0.335234,0.350993,0.794677,0.568718,0.414953,0.639898,0.810497,0.246912,0.592446,0.594282,0.420474,0.292730,0.496901,0.479653,0.504317,0.380949,0.082259,0.229766,0.664939,0.914177,0.960001,0.453211,0.468513,0.264611,0.219420,9.630115,13.348044,0.093386,0.285910,0.808170,0.817938,0.713402,0.722974,0.949076,0.953686,0.842057,0.401461,0.025317,36.470261,0.014173,0.004778,0.646912,0.004027,0.004043,0.000529,0.002320,8088369.832439,0.000000
-6203278.457328,1424872.498750,42357700.360849,39.623438,-1.614515,0.794309,0.964201,0.352285,0.001246,0.167327,0.957072,0.765710,0.561790,0.214136,0.386154,0.597494,0.410124,0.289029,0.714945,0.897204,0.812165,0.620675,0.400830,0.129891,0.287404,0.230285,0.061849,0.543285,0.079057,0.074802,0.695315,0.949550,0.742873,0.654566,0.412193,0.434439,0.253621,13.151536,18.407398,0.402180,0.285775,0.814869,0.777442,0.716829,0.686116,0.948031,0.926903,0.801013,0.518700,0.022076,40.376562,0.007747,0.022963,1.990788,0.004470,0.004497,0.000745,0.002104,6203278.457328,0.000000
-15304786.565755,1452607.021718,78510435.834887,53.956076,-0.800531,0.722609,0.973511,0.841931,0.127485,0.146475,0.776745,0.635224,0.239541,0.245438,0.195846,0.748538,0.673907,0.926161,0.362233,0.326105,0.772775,0.580768,0.969890,0.306619,0.278362,0.373952,0.070236,0.554025,0.284083,0.022672,0.695580,0.937487,0.741322,0.571457,0.306258,0.158230,0.104595,13.782114,20.113907,0.577233,0.143303,0.656073,0.718331,0.553466,0.559206,0.640203,0.687789,0.550909,0.522467,0.502708,26.043924,0.008244,0.010916,9.814933,0.004789,0.004762,0.000630,0.002219,15304786.565755,0.000000
-18942644.160039,1466598.258727,106412566.217054,63.689168,-0.551375,0.794312,0.975791,0.870206,0.126763,0.181539,0.761567,0.318594,0.155358,0.313178,0.203137,0.740353,0.478485,0.280214,0.995720,0.395845,0.462350,0.300541,0.052801,0.866939,0.470286,0.230074,0.828382,0.935281,0.296725,0.284541,0.682099,0.856086,0.960660,0.292441,0.307752,0.261738,0.105596,10.443102,11.585659,0.354077,0.164377,0.517916,0.698737,0.457052,0.482105,0.641394,0.727724,0.423843,0.338287,0.448332,16.310832,0.001341,0.000013,11.006627,0.004594,0.004570,0.000452,0.002397,18942644.160039,0.000000
-5747334.347246,1435306.379493,62120561.562479,33.236057,-2.003130,0.741863,0.763757,0.731191,0.660850,0.639868,0.745152,0.031210,0.357490,0.311190,0.830413,0.625567,0.459301,0.332339,0.172344,0.545109,0.580629,0.316247,0.071461,0.312375,0.751113,0.246080,0.490543,0.621380,0.015072,0.001253,0.694074,0.968102,0.801903,0.655841,0.466318,0.264778,0.107529,11.126156,20.257343,0.631599,0.305127,0.788206,0.823127,0.647425,0.673872,0.798648,0.848395,0.865088,0.535096,0.051801,46.763943,0.000349,0.000532,4.743485,0.004278,0.004297,0.000774,0.002075,5747334.347246,0.000000
-12955398.219155,1729396.211125,85510073.007633,38.493076,-1.438404,0.696888,0.970023,0.882271,0.635905,0.179927,0.783898,0.657459,0.525476,0.341285,0.380302,0.626703,0.313476,0.780269,0.154371,0.467235,0.771433,0.309774,0.985130,0.453365,0.767155,0.119134,0.593864,0.988378,0.025752,0.218141,0.185733,0.937483,0.778565,0.963951,0.391288,0.331916,0.238476,11.618040,13.711562,0.393801,0.206987,0.675922,0.771307,0.595598,0.674893,0.850435,0.920809,0.762694,0.537188,0.214872,41.506924,0.000305,0.006989,10.754662,0.004322,0.004305,0.000340,0.002509,12955398.219155,0.000000
-11582723.143935,1915560.124931,65632039.301941,44.252669,-1.976873,0.902442,0.765508,0.879907,0.668959,0.636544,0.818902,0.657245,0.749059,0.349840,0.374499,0.753527,0.678642,0.346141,0.746291,0.894419,0.780448,0.768175,0.382264,0.434249,0.290459,0.228953,0.750792,0.299731,0.000450,0.625757,0.613388,0.960175,0.747942,0.235194,0.466067,0.331871,0.250475,11.033360,1.318537,0.098886,0.173101,0.711999,0.724449,0.505535,0.515438,0.870549,0.879536,0.861498,0.380927,0.049053,35.747331,0.001974,0.007133,8.745425,0.002951,0.002986,0.000074,0.002775,11582723.143935,0.000000
-4287897.137534,1413042.270902,30426560.525751,33.958768,-1.076717,0.805044,0.685019,0.276805,0.147522,0.207876,0.970432,0.932840,0.399966,0.247331,0.819585,0.760468,0.430011,0.886067,0.291132,0.906286,0.583762,0.308272,0.977657,0.438435,0.072658,0.273012,0.004375,0.405028,0.024270,0.007252,0.689337,0.966796,0.951710,0.473824,0.470064,0.326604,0.099523,12.376550,20.456154,0.212869,0.331323,0.767028,0.806844,0.598984,0.631953,0.802687,0.835347,0.867427,0.412174,0.043732,46.041232,0.004934,0.021000,1.076717,0.004240,0.004239,0.000711,0.002138,4287897.137534,0.000000
-6338957.183367,1459281.320341,42990800.246045,38.333776,-1.698932,0.930726,0.745192,0.303015,0.086074,0.146536,0.745225,0.676881,0.493128,0.309835,0.124022,0.695074,0.432439,0.792309,0.292041,0.386302,0.514095,0.574416,0.980115,0.433537,0.713874,0.230718,0.104020,0.397269,0.024264,0.220896,0.680540,0.866716,0.964963,0.610926,0.469614,0.325995,0.227676,12.204691,13.912854,0.148065,0.297838,0.821485,0.804577,0.721574,0.707875,0.956012,0.947846,0.817121,0.461572,0.003783,41.666224,0.005314,0.007691,2.800102,0.004049,0.004050,0.000624,0.002225,6338957.183367,0.000000
-4107833.124276,1419259.468497,33030914.594918,33.335257,-1.745321,0.963296,0.681588,0.277446,0.016092,0.779725,0.965237,0.673553,0.399966,0.335285,0.819585,0.447427,0.702835,0.885346,0.178845,0.213082,0.591134,0.315665,0.989127,0.438435,0.069473,0.126356,0.000582,0.949309,0.015393,0.009395,0.615065,0.928535,0.749545,0.715729,0.443776,0.331357,0.205845,13.590099,20.392136,0.417376,0.295039,0.850957,0.810245,0.749323,0.715935,0.958257,0.948182,0.825411,0.529004,0.082574,46.664743,0.004804,0.003644,3.165165,0.004704,0.004712,0.000925,0.001924,4107833.124276,0.000000
-10045910.522731,1661769.806141,78691157.434513,37.237476,-1.963867,0.914155,0.975651,0.854029,0.677239,0.258017,0.776541,0.462731,0.244765,0.321769,0.849018,0.713935,0.356813,0.911682,0.247270,0.456098,0.469283,0.570158,0.008944,0.859051,0.387471,0.212685,0.156387,0.614538,0.024403,0.166112,0.190486,0.952750,0.728337,0.989004,0.467850,0.332229,0.106767,13.639070,15.618082,0.440260,0.229848,0.738671,0.776555,0.639259,0.657962,0.685332,0.728965,0.859685,0.511834,0.042418,42.762524,0.000639,0.000074,11.965034,0.004419,0.004409,0.000774,0.002075,10045910.522731,0.000000
-15730221.853906,1845315.915554,69187704.225834,51.940019,-0.856236,0.655243,0.975682,0.847189,0.147277,0.179619,0.941503,0.696932,0.518841,0.312552,0.773730,0.696072,0.702461,0.901670,0.037376,0.893619,0.585938,0.534752,0.983266,0.300956,0.206369,0.472474,0.484435,0.396939,0.077206,0.618050,0.692774,0.936495,0.965086,0.472504,0.313367,0.260522,0.222106,12.659900,1.790158,0.239573,0.159673,0.684645,0.685701,0.589796,0.592518,0.836642,0.836856,0.575242,0.407410,0.472942,28.059981,0.000196,0.013007,12.744120,0.004268,0.004275,0.000282,0.002567,15730221.853906,0.000000
-17368199.587646,1306027.524556,82591099.804444,73.889896,-0.803425,0.709221,0.855531,0.482240,0.064248,0.647524,0.948285,0.435810,0.244282,0.340281,0.138901,0.596369,0.459408,0.807021,0.177760,0.543558,0.803698,0.590995,0.432030,0.292612,0.054583,0.243796,0.203123,0.372678,0.478526,0.149063,0.181813,0.845543,0.958799,0.245726,0.465194,0.151021,0.226320,11.836493,16.204211,0.252096,0.118463,0.601403,0.801112,0.520542,0.664906,0.551066,0.845715,0.552207,0.320516,0.003634,6.110104,0.003336,0.024789,9.059841,0.004746,0.004754,0.000697,0.002152,17368199.587646,0.000000
-16562768.382157,1409127.848791,77258479.565148,68.457594,-2.088154,0.907849,0.977325,0.507553,0.085154,0.794318,0.944732,0.417041,0.336948,0.337433,0.141918,0.694117,0.415392,0.733276,0.368889,0.528989,0.799517,0.586121,0.426330,0.330995,0.029115,0.233865,0.212936,0.942211,0.411814,0.149025,0.837835,0.996360,0.958837,0.291234,0.465839,0.162728,0.225418,12.381245,16.199796,0.385644,0.196067,0.768977,0.821462,0.654555,0.657815,0.897638,0.935245,0.876084,0.338342,0.064391,11.542406,0.006262,0.016192,10.525982,0.004923,0.004919,0.000931,0.001918,16562768.382157,0.000000
-19547653.008363,1758338.346159,89317099.752067,61.486378,-2.000182,0.799178,0.997330,0.795519,0.005307,0.770015,0.165488,0.675069,0.292543,0.347706,0.781740,0.760782,0.479484,0.904667,0.186062,0.921348,0.649764,0.687273,0.118288,0.429977,0.505880,0.132535,0.815008,0.228012,0.163248,0.641743,0.691847,0.967963,0.731767,0.235266,0.465884,0.166219,0.245056,11.106818,0.838742,0.265248,0.146939,0.723873,0.740678,0.535522,0.539509,0.815868,0.887966,0.864689,0.386392,0.052626,18.513622,0.005627,0.002250,5.381714,0.004349,0.004363,0.000581,0.002268,19547653.008363,0.000000
-13365185.526891,1333107.853963,91772865.901641,51.989061,-1.637319,0.793816,0.850103,0.812844,0.369904,0.227723,0.720518,0.653075,0.133661,0.196356,0.232522,0.587096,0.416784,0.288203,0.149245,0.215385,0.573677,0.595787,0.415326,0.272484,0.498961,0.229648,0.914766,0.943755,0.259180,0.012484,0.657929,0.852798,0.960189,0.252017,0.466800,0.171617,0.220778,8.926864,19.685323,0.643184,0.231875,0.692887,0.820461,0.619637,0.682147,0.813600,0.948617,0.805499,0.322588,0.003510,28.010939,0.000599,0.004020,7.186152,0.004474,0.004487,0.000556,0.002293,13365185.526891,0.000000
-14673728.097604,1682731.657130,66751001.437411,52.317277,-1.845712,0.904486,0.848622,0.490128,0.094000,0.815794,0.724135,0.663701,0.491573,0.350974,0.723407,0.503763,0.411500,0.905731,0.803064,0.246384,0.796284,0.601822,0.400212,0.843274,0.909044,0.126693,0.458190,0.380337,0.079092,0.626312,0.028104,0.914177,0.959998,0.287012,0.468546,0.330018,0.252856,12.262130,1.515533,0.064502,0.186608,0.775755,0.798136,0.603809,0.612810,0.918915,0.929528,0.842087,0.336352,0.025251,27.682723,0.005793,0.005285,8.529800,0.003964,0.003982,0.000571,0.002278,14673728.097604,0.000000
-4269060.062650,1353525.006157,35866527.867338,34.107240,-2.007551,0.738689,0.681674,0.277727,0.070957,0.767034,0.684962,0.667867,0.339802,0.345575,0.787780,0.447448,0.459681,0.783366,0.364514,0.322364,0.599637,0.594864,0.699337,0.340921,0.498204,0.111342,0.860021,0.313786,0.024153,0.007308,0.612312,0.967643,0.960184,0.712586,0.467332,0.158087,0.250615,9.424365,19.736380,0.361939,0.297301,0.834339,0.831102,0.722121,0.738598,0.899618,0.913666,0.865683,0.503008,0.049562,45.892760,0.011738,0.009131,2.895553,0.004635,0.004644,0.000857,0.001992,4269060.062650,0.000000
-5307966.478872,1376239.051330,35762430.115175,37.903859,-1.695429,0.918895,0.681587,0.265025,0.013754,0.779725,0.973279,0.673553,0.399966,0.335329,0.819585,0.449224,0.430011,0.882993,0.291132,0.213082,0.780249,0.315665,0.989127,0.438435,0.070686,0.124806,0.016456,0.949309,0.076148,0.009553,0.615351,0.864851,0.749545,0.456354,0.470061,0.385193,0.202412,13.202197,20.394633,0.297972,0.295282,0.845786,0.814675,0.715615,0.718021,0.954816,0.952789,0.816479,0.474819,0.002164,42.096141,0.010939,0.004952,2.517600,0.004638,0.004634,0.000900,0.001949,5307966.478872,0.000000
-15577125.424592,1825173.429423,68119550.238969,45.095566,-1.598704,0.798091,0.975682,0.829091,0.081185,0.105095,0.935041,0.696932,0.518841,0.311034,0.392301,0.697122,0.703653,0.903150,0.249179,0.893619,0.583872,0.538622,0.010504,0.303407,0.206369,0.230646,0.547530,0.396939,0.011041,0.614973,0.692252,0.968664,0.965075,0.471405,0.400605,0.289764,0.104378,12.756213,1.763888,0.405523,0.205810,0.619364,0.639912,0.420195,0.436144,0.548025,0.589164,0.797842,0.406984,0.204564,34.904434,0.005450,0.000183,14.188458,0.004299,0.004310,0.000456,0.002393,15577125.424592,0.000000
-20039714.040014,1685120.030804,88304286.716172,74.380485,-1.947297,0.742677,0.970446,0.727147,0.146315,0.178583,0.745254,0.404928,0.442398,0.248308,0.791201,0.757301,0.653919,0.291646,0.377756,0.431448,0.474644,0.680281,0.976495,0.865859,0.337937,0.223954,0.481132,0.095166,0.290150,0.635765,0.681834,0.933960,0.969468,0.983854,0.475313,0.150670,0.225015,11.763801,1.337025,0.064163,0.145795,0.730759,0.827612,0.636909,0.727587,0.800106,0.914578,0.857341,0.605615,0.020097,5.619515,0.003298,0.009454,11.338426,0.004369,0.004380,0.000394,0.002455,20039714.040014,0.000000
-19502496.977907,2063877.351699,85468021.412230,47.544625,-1.465933,0.907626,0.974487,0.680016,0.674613,0.814581,0.736166,0.678953,0.290951,0.251329,0.329328,0.842480,0.681225,0.910866,0.839942,0.536478,0.809070,0.603542,0.980536,0.345529,0.073689,0.231168,0.473690,0.385175,0.025268,0.664048,0.652965,0.931417,0.976132,0.276677,0.398257,0.333889,0.103400,12.639904,0.390692,0.091260,0.179333,0.460555,0.475159,0.189644,0.200299,0.277797,0.345147,0.769137,0.327704,0.193226,32.455375,0.006467,0.011367,12.118939,0.004111,0.004122,0.000341,0.002508,19502496.977907,0.000000
-14007905.652332,1368654.146340,94688573.761721,54.790041,-1.961953,0.737206,0.764571,0.858873,0.061795,0.780463,0.754819,0.665932,0.073006,0.593586,0.354848,0.588881,0.416749,0.911178,0.174892,0.235121,0.779649,0.336702,0.426492,0.339868,0.711267,0.252186,0.582888,0.375073,0.286039,0.039397,0.701725,0.998443,0.735124,0.526610,0.443415,0.157582,0.107638,10.474105,19.167876,0.305170,0.198927,0.695372,0.767047,0.595819,0.603649,0.706253,0.776756,0.859416,0.498373,0.113402,25.209959,0.003297,0.007319,5.933705,0.004216,0.004233,0.000543,0.002306,14007905.652332,0.000000
-14553048.851106,1354723.729199,83146346.877249,59.977320,-1.978258,0.683165,0.989013,0.489977,0.001179,0.147513,0.756617,0.439110,0.154916,0.176966,0.318852,0.742689,0.318742,0.769021,0.164342,0.314997,0.581955,0.356246,0.999480,0.304849,0.707025,0.109090,0.063769,0.584046,0.300937,0.167151,0.774996,0.959202,0.959610,0.449461,0.466834,0.156070,0.218872,13.276089,15.701822,0.300883,0.235084,0.737036,0.834996,0.660200,0.724958,0.839406,0.950917,0.861690,0.400114,0.047105,20.022680,0.004693,0.009873,6.297458,0.004655,0.004651,0.000731,0.002118,14553048.851106,0.000000
-15528247.156410,1288950.149458,77796469.461826,55.599260,-0.762111,0.796511,0.854777,0.814488,0.002319,0.651651,0.784763,0.405056,0.344118,0.327011,0.770319,0.583206,0.288594,0.305795,0.265677,0.235075,0.778906,0.580965,0.010852,0.288072,0.338495,0.230048,0.488918,0.974667,0.310257,0.008754,0.502803,0.996305,0.951390,0.208176,0.280629,0.161084,0.247911,11.037822,20.160024,0.922905,0.173474,0.644115,0.781810,0.574231,0.686218,0.758474,0.905911,0.533320,0.307854,0.277183,24.400740,0.001642,0.000102,9.024886,0.004631,0.004645,0.000858,0.001991,15528247.156410,0.000000
-19420445.706285,1689003.599695,84098430.059821,59.744283,-1.478818,0.661547,0.975654,0.724613,0.080224,0.770484,0.731499,0.399301,0.441671,0.312689,0.772271,0.723285,0.388646,0.924832,0.262931,0.430665,0.477312,0.583565,0.118000,0.451071,0.397603,0.222706,0.474894,0.096516,0.158240,0.598557,0.024251,0.852403,0.969235,0.992567,0.440280,0.335422,0.254417,12.527058,2.394423,0.208812,0.189992,0.700961,0.798666,0.613625,0.694635,0.881606,0.942955,0.772093,0.609108,0.057329,20.255717,0.003892,0.002246,10.026416,0.004245,0.004218,0.000158,0.002691,19420445.706285,0.000000
-18359929.411859,1471237.059990,86287178.324484,61.883340,-0.937349,0.913727,0.972673,0.722827,0.071228,0.259156,0.693859,0.397715,0.245017,0.211422,0.787355,0.696409,0.357503,0.908540,0.247270,0.388222,0.783273,0.570158,0.716690,0.859051,0.502281,0.112199,0.156387,0.090456,0.324207,0.166112,0.196271,0.951811,0.960152,0.455158,0.467990,0.159619,0.105881,13.278533,15.723798,0.360177,0.140372,0.607540,0.694901,0.507360,0.512142,0.570018,0.675389,0.608335,0.402176,0.041754,18.116660,0.004035,0.010008,10.936562,0.004781,0.004771,0.000961,0.001888,18359929.411859,0.000000
-7524337.380241,1337080.227477,50008158.283975,43.458770,-1.950866,0.653235,0.847276,0.291931,0.127186,0.768700,0.745252,0.667872,0.518841,0.245351,0.795725,0.477415,0.461682,0.315948,0.364392,0.881922,0.787370,0.593855,0.977360,0.292797,0.200198,0.230729,0.479480,0.211127,0.150525,0.004232,0.612389,0.995713,0.960216,0.210223,0.442977,0.291719,0.251114,10.875378,20.220828,0.368749,0.296552,0.816716,0.829053,0.692239,0.706256,0.950641,0.956480,0.857849,0.306208,0.113212,36.541230,0.008350,0.033874,3.116422,0.004467,0.004491,0.000731,0.002118,7524337.380241,0.000000
-6359389.194265,1600818.055393,44746181.681130,33.287370,-2.050820,0.928059,0.973386,0.352918,0.677129,0.179619,0.813850,0.696885,0.539552,0.247356,0.175596,0.697122,0.501823,0.903862,0.859800,0.877673,0.584071,0.538822,0.986478,0.300960,0.208178,0.233915,0.544390,0.404726,0.011022,0.018687,0.448858,0.968453,0.967799,0.670850,0.474441,0.447190,0.104378,10.725844,19.721508,0.166697,0.310974,0.746474,0.769438,0.603454,0.621741,0.754897,0.779466,0.871371,0.484022,0.035734,46.712630,0.006730,0.009848,6.375041,0.003912,0.003918,0.000521,0.002328,6359389.194265,0.000000
-9150251.099344,1508682.392857,60608732.099164,35.670667,-0.180011,0.797321,0.764192,0.829008,0.138081,0.227687,0.746846,0.678184,0.519014,0.193756,0.809585,0.570876,0.682622,0.290918,0.396422,0.261491,0.783391,0.619375,0.378978,0.296396,0.822201,0.230595,0.503700,0.286282,0.008961,0.147917,0.076463,0.850764,0.962376,0.179774,0.267645,0.284139,0.214206,11.723202,15.840622,0.595746,0.212301,0.644457,0.694096,0.555585,0.597322,0.780351,0.830941,0.164739,0.293694,0.415817,44.329333,0.002635,0.007023,6.219550,0.004101,0.004123,0.000708,0.002141,9150251.099344,0.000000
-8107001.743015,1356921.221416,53064623.795076,38.257458,-0.325329,0.739895,0.773285,0.702216,0.003347,0.654184,0.813865,0.666081,0.349896,0.199045,0.789221,0.582824,0.311356,0.907705,0.161020,0.215223,0.793336,0.591101,0.057548,0.538449,0.075426,0.465065,0.471877,0.359179,0.079485,0.009979,0.640586,0.860444,0.988973,0.235473,0.280014,0.162272,0.104017,11.393234,20.048135,0.649878,0.215677,0.699057,0.730703,0.475715,0.505045,0.710685,0.769621,0.277710,0.308123,0.571894,41.742542,0.003310,0.000955,7.825473,0.004542,0.004555,0.000825,0.002024,8107001.743015,0.000000
-16070560.072496,1912762.370582,70331334.566042,45.344640,-2.050448,0.798410,0.975682,0.829630,0.147277,0.179619,0.745156,0.696932,0.524084,0.247356,0.796012,0.697122,0.357865,0.903105,0.381718,0.896674,0.583872,0.570362,0.980104,0.300956,0.206369,0.455455,0.547530,0.395892,0.011041,0.627553,0.698619,0.968410,0.964319,0.471405,0.474399,0.289764,0.105756,12.160858,1.404566,0.253389,0.207345,0.591962,0.609658,0.390984,0.404429,0.501283,0.544763,0.871323,0.407223,0.035799,34.655360,0.002897,0.013994,11.854060,0.004252,0.004262,0.000560,0.002289,16070560.072496,0.000000
-12795752.808527,1320551.971022,78333520.511071,52.565159,-2.093935,0.740601,0.985139,0.404643,0.377523,0.274950,0.710859,0.474724,0.331150,0.322762,0.144193,0.583724,0.681200,0.252305,0.187026,0.389306,0.798858,0.501063,0.426724,0.278549,0.055202,0.259750,0.459081,0.372515,0.265400,0.019947,0.741576,0.993193,0.880693,0.630305,0.468537,0.162451,0.244030,10.586840,19.830236,0.461239,0.245081,0.756369,0.852693,0.673125,0.757579,0.839557,0.956865,0.876799,0.498763,0.057585,27.434841,0.000863,0.012103,5.385311,0.004520,0.004544,0.000782,0.002067,12795752.808527,0.000000
-16538723.392424,1945787.442850,71685831.293311,44.752916,-2.052484,0.798410,0.975682,0.806944,0.377362,0.179505,0.744896,0.696932,0.518841,0.247356,0.775206,0.568726,0.703653,0.905326,0.375607,0.813172,0.583828,0.537733,0.977464,0.301010,0.302117,0.230646,0.547530,0.396939,0.007595,0.615521,0.081988,0.968986,0.965086,0.471405,0.474441,0.289764,0.256719,12.392488,1.768846,0.197948,0.176358,0.756576,0.772846,0.607016,0.614020,0.889739,0.907882,0.871584,0.406981,0.035949,35.247084,0.003074,0.014454,10.750131,0.003798,0.003806,0.000452,0.002397,16538723.392424,0.000000
-13177041.271580,1631243.494892,85906805.937726,38.493076,-1.616503,0.759854,0.776699,0.882117,0.677239,0.652863,0.783898,0.662927,0.525400,0.321778,0.380302,0.760168,0.313476,0.780269,0.248716,0.467235,0.772276,0.303262,0.021671,0.453365,0.390247,0.455758,0.593864,0.373544,0.025752,0.218141,0.186496,0.994440,0.959577,0.597449,0.391288,0.331900,0.215155,10.765814,13.693887,0.297258,0.235816,0.687338,0.789545,0.610383,0.693806,0.858013,0.930957,0.801408,0.458110,0.242221,41.506924,0.000646,0.000027,7.950756,0.003907,0.003933,0.000363,0.002486,13177041.271580,0.000000
-14303579.684446,1317065.493545,69471979.234409,67.507904,-2.099813,0.795323,0.859491,0.496601,0.003880,0.779725,0.965237,0.425921,0.399966,0.335285,0.819585,0.444404,0.430011,0.781023,0.177909,0.222211,0.574425,0.315665,0.717116,0.431457,0.072658,0.226158,0.457662,0.967579,0.469462,0.007252,0.615274,0.992263,0.958013,0.715729,0.470061,0.325955,0.201907,10.968579,20.266849,0.382268,0.229972,0.785030,0.841217,0.699761,0.746411,0.936063,0.959248,0.877521,0.505009,0.054124,12.492096,0.005265,0.004978,8.341429,0.004752,0.004755,0.000969,0.001880,14303579.684446,0.000000
-3029805.538735,1341940.482446,35295971.431288,34.959674,-1.113086,0.915974,0.677401,0.274463,0.015647,0.578591,0.723345,0.680551,0.065930,0.315897,0.815084,0.654889,0.416749,0.886452,0.288469,0.213405,0.591564,0.333957,0.969376,0.295265,0.159545,0.129678,0.006937,0.295672,0.033030,0.023774,0.778262,0.868664,0.751740,0.455394,0.467238,0.157935,0.103397,13.229704,19.947179,0.320941,0.278330,0.766519,0.811058,0.593183,0.629772,0.790372,0.836171,0.815773,0.473590,0.009169,45.040326,0.011376,0.003943,1.113086,0.004515,0.004513,0.000855,0.001994,3029805.538735,0.000000
-16553614.994518,1570011.660678,101033123.516468,48.320113,-0.792826,0.741234,0.987316,0.657371,0.056244,0.646679,0.757746,0.433006,0.243023,0.321722,0.782321,0.754942,0.311968,0.291608,0.158319,0.432462,0.569767,0.682557,0.002423,0.858701,0.064719,0.240869,0.477175,0.095108,0.050867,0.575734,0.186495,0.932038,0.941304,0.255319,0.307402,0.158085,0.105625,12.275377,2.983174,0.455143,0.155868,0.498291,0.667181,0.374121,0.397607,0.353840,0.669365,0.547436,0.329276,0.494710,31.679887,0.001687,0.000082,10.469994,0.004413,0.004415,0.000476,0.002373,16553614.994518,0.000000
-6859941.156084,1299157.945038,50596967.469666,38.830281,-0.716353,0.739895,0.762358,0.482531,0.057568,0.654453,0.930342,0.425875,0.346568,0.311199,0.809653,0.582111,0.290768,0.273229,0.265162,0.215221,0.471227,0.591917,0.015160,0.287439,0.054391,0.212118,0.457321,0.373330,0.079599,0.034762,0.155356,0.993179,0.969467,0.618804,0.276644,0.330276,0.105886,11.187620,19.269686,0.796347,0.280449,0.724089,0.754717,0.638899,0.664780,0.838155,0.876966,0.511469,0.463132,0.426252,41.169719,0.003224,0.000245,5.767066,0.004609,0.004611,0.000873,0.001976,6859941.156084,0.000000
-3694899.042661,1379703.999932,28744532.857078,33.513656,-0.591874,0.905595,0.681902,0.277094,0.008629,0.207876,0.977108,0.928195,0.399966,0.193575,0.328607,0.760468,0.389684,0.886067,0.291132,0.220449,0.463653,0.315665,0.989127,0.438435,0.075048,0.212364,0.004662,0.952142,0.016443,0.014327,0.624911,0.865819,0.734854,0.664622,0.470098,0.339872,0.216343,12.857331,20.223662,0.263344,0.299562,0.862933,0.799265,0.757925,0.705694,0.966040,0.945231,0.817096,0.546728,0.002488,46.486344,0.012253,0.003519,0.591874,0.004367,0.004365,0.000797,0.002052,3694899.042661,0.000000
-1685943.833941,1196902.181779,47510461.049969,54.306485,-1.673617,0.742995,0.592368,0.282292,0.050637,0.780463,0.728430,0.939217,0.743024,0.597515,0.374512,0.753522,0.412464,0.333527,0.729354,0.461999,0.577945,0.597915,0.994016,0.369660,0.502108,0.108226,0.338498,0.310814,0.293280,0.009632,0.612821,0.998954,0.975287,0.453134,0.397722,0.160877,0.252327,10.953010,20.244696,0.088840,0.217842,0.812959,0.786783,0.721172,0.700803,0.893047,0.902177,0.812433,0.396660,0.226611,25.693515,0.009596,0.015495,2.232968,0.004459,0.004466,0.000722,0.002127,1685943.833941,0.000000
-6527844.811608,1243089.694083,56309551.779754,54.695765,-1.979625,0.738516,0.768468,0.278772,0.063980,0.778830,0.728430,0.667023,0.602321,0.598357,0.373558,0.618981,0.475158,0.328026,0.752652,0.233839,0.783462,0.770361,0.995457,0.267324,0.503896,0.109984,0.149351,0.292646,0.299030,0.010002,0.612817,0.962353,0.783536,0.461861,0.465364,0.161192,0.252471,11.891556,20.385047,0.161406,0.209629,0.784845,0.832949,0.668642,0.733411,0.858237,0.922657,0.861879,0.464622,0.051375,25.304235,0.011355,0.006780,2.649280,0.004532,0.004553,0.000763,0.002086,6527844.811608,0.000000
-10874886.432751,1723947.339288,70718733.212744,37.204264,-2.050820,0.740552,0.975611,0.886805,0.147277,0.179619,0.745003,0.696932,0.518841,0.341318,0.796012,0.697122,0.703653,0.904180,0.248353,0.893619,0.583872,0.536346,0.982933,0.302174,0.206369,0.230646,0.594207,0.389408,0.011041,0.215998,0.198262,0.968453,0.965098,0.471405,0.474441,0.289764,0.104378,11.651128,13.762915,0.564325,0.220009,0.624323,0.646103,0.433763,0.450313,0.535262,0.594026,0.871371,0.406977,0.035734,42.795736,0.003696,0.012819,11.840686,0.004720,0.004719,0.000759,0.002090,10874886.432751,0.000000
-17391884.692964,1953983.536327,75781605.765125,46.659676,-1.438288,0.798573,0.970094,0.824943,0.677239,0.179926,0.872595,0.660412,0.525400,0.247323,0.380302,0.760168,0.313476,0.792743,0.377992,0.467235,0.771433,0.309774,0.865567,0.452147,0.392819,0.455758,0.547188,0.396806,0.025752,0.617665,0.679724,0.937446,0.959565,0.597432,0.391288,0.331916,0.215155,11.311000,1.730279,0.129432,0.186108,0.714098,0.748243,0.613300,0.619483,0.877661,0.884362,0.762666,0.458107,0.214854,33.340324,0.001398,0.007331,13.035285,0.003529,0.003516,0.000129,0.002720,17391884.692964,0.000000
-12837921.133624,1747226.220938,67258069.357845,46.808890,-1.679461,0.919391,0.972341,0.556808,0.001026,0.245095,0.774387,0.659478,0.528193,0.451727,0.786273,0.760165,0.314809,0.925895,0.251154,0.566115,0.563654,0.309774,0.983007,0.456641,0.392819,0.454450,0.473600,0.368627,0.025525,0.626758,0.649832,0.998232,0.959576,0.604145,0.398936,0.332229,0.102564,11.551324,1.452187,0.210037,0.225227,0.684557,0.704599,0.516109,0.531315,0.636785,0.675803,0.813525,0.460734,0.222973,33.191110,0.003792,0.008585,10.717725,0.004107,0.004099,0.000615,0.002234,12837921.133624,0.000000
-19675144.251646,2079908.220081,84078542.021771,47.527515,-1.615849,0.907626,0.974472,0.684868,0.699446,0.183190,0.736166,0.658361,0.288158,0.313893,0.354138,0.842480,0.680600,0.910878,0.839942,0.551166,0.810087,0.602651,0.983012,0.453779,0.058446,0.234931,0.458102,0.102128,0.025264,0.663369,0.652826,0.931417,0.958457,0.595526,0.421362,0.333889,0.215134,12.243841,0.424166,0.051023,0.187828,0.707715,0.743639,0.591917,0.596699,0.858430,0.866109,0.801278,0.457733,0.135064,32.472485,0.006127,0.015608,11.794685,0.003976,0.003967,0.000385,0.002464,19675144.251646,0.000000
-6165750.540342,1324759.123240,45647818.126111,38.225282,-0.708279,0.848853,0.775065,0.401980,0.056340,0.654459,0.952421,0.432918,0.408001,0.316632,0.809653,0.581209,0.312735,0.280500,0.151445,0.215221,0.787661,0.593277,0.014932,0.446796,0.058580,0.222770,0.460434,0.373442,0.079599,0.008301,0.700568,0.993179,0.941330,0.629672,0.275759,0.327178,0.106858,11.088548,20.072620,0.770688,0.279341,0.741015,0.749059,0.651397,0.658478,0.855085,0.878062,0.507509,0.477005,0.422094,41.774718,0.002669,0.000951,3.567334,0.004630,0.004645,0.000869,0.001980,6165750.540342,0.000000
-5813417.834591,1514823.346424,42371191.868350,34.396795,-1.065477,0.913723,0.794059,0.233062,0.672314,0.852248,0.930300,0.664813,0.355777,0.319305,0.817723,0.567399,0.430096,0.887620,0.738143,0.451435,0.749156,0.551764,0.992150,0.782797,0.418172,0.234489,0.578466,0.401489,0.025751,0.018095,0.614338,0.853286,0.960188,0.451522,0.438861,0.260501,0.222855,11.025377,19.701139,0.064477,0.265503,0.818258,0.798008,0.683132,0.697356,0.939254,0.942495,0.770776,0.400740,0.060766,45.603205,0.005061,0.012347,1.065477,0.003144,0.003179,0.000008,0.002841,5813417.834591,0.000000
-8574629.279065,1442821.031019,78575580.070582,37.868954,-1.569971,0.697294,0.843889,0.871528,0.687321,0.229840,0.751197,0.032270,0.516246,0.179380,0.809941,0.602633,0.330718,0.342474,0.153415,0.391447,0.791825,0.584874,0.048702,0.342175,0.761369,0.125470,0.148665,0.969970,0.077728,0.001637,0.453089,0.961462,0.974143,0.967350,0.399668,0.244489,0.238543,13.230722,20.579829,0.752965,0.265188,0.708683,0.823940,0.630850,0.726579,0.877810,0.951311,0.791949,0.597354,0.203665,42.131046,0.000269,0.000308,8.158806,0.004426,0.004441,0.000669,0.002180,8574629.279065,0.000000
-13813061.295555,1247370.585048,68409534.150462,64.866234,-0.593798,0.537180,0.975057,0.284909,0.079112,0.713117,0.724560,0.439579,0.336502,0.358807,0.747423,0.431912,0.418307,0.782915,0.758034,0.214646,0.772307,0.330117,0.399370,0.293744,0.140782,0.235886,0.647578,0.556630,0.424843,0.024090,0.696289,0.944375,0.945453,0.457419,0.279940,0.319155,0.105717,9.918612,19.569499,0.061283,0.193883,0.659686,0.765270,0.582682,0.656649,0.797279,0.865190,0.447774,0.407713,0.455150,15.133766,0.006306,0.010812,1.601432,0.004635,0.004648,0.000696,0.002153,13813061.295555,0.000000
-9050850.679120,1336054.213239,57545742.981234,39.017543,-0.349709,0.740390,0.773285,0.702216,0.063283,0.898738,0.754191,0.744366,0.343109,0.442052,0.141771,0.691140,0.311639,0.282427,0.223357,0.320373,0.740064,0.595296,0.137526,0.588350,0.158071,0.464678,0.472259,0.399345,0.085380,0.023635,0.649618,0.860535,0.739806,0.631005,0.282696,0.162272,0.226607,11.416593,19.638166,0.798394,0.195147,0.678989,0.714030,0.593799,0.623346,0.823281,0.855502,0.295107,0.550786,0.559382,40.982457,0.001919,0.002323,6.695389,0.004586,0.004602,0.000611,0.002238,9050850.679120,0.000000
-5916118.826480,1285746.012411,50361724.257434,41.610511,-1.538652,0.682476,0.965036,0.404585,0.001373,0.151307,0.155429,0.467911,0.571158,0.282757,0.307809,0.598493,0.392956,0.783452,0.177524,0.465908,0.581649,0.591601,0.162961,0.557964,0.508426,0.100537,0.041484,0.715717,0.121319,0.022020,0.560662,0.956889,0.737416,0.196584,0.397115,0.165956,0.238041,13.632423,20.019273,0.560433,0.236619,0.779476,0.844056,0.663870,0.694901,0.869942,0.947287,0.785330,0.367884,0.208330,38.389489,0.005358,0.009638,3.417085,0.004823,0.004822,0.000957,0.001892,5916118.826480,0.000000
-8775341.999480,1376196.740209,64062510.051082,41.843109,-1.912358,0.904037,0.975662,0.401669,0.674758,0.147568,0.159129,0.527757,0.267837,0.349840,0.772225,0.598573,0.394318,0.314731,0.172563,0.472567,0.777797,0.591542,0.164230,0.433939,0.808310,0.228913,0.404047,0.736749,0.118809,0.035918,0.698808,0.938023,0.747653,0.281137,0.466969,0.162809,0.245060,11.146193,19.321909,0.327721,0.249934,0.778306,0.854149,0.663252,0.698790,0.862103,0.958998,0.852268,0.400655,0.038146,38.156891,0.000339,0.004500,3.486187,0.003695,0.003719,0.000400,0.002449,8775341.999480,0.000000
-9272221.731778,1395132.839775,60406052.997669,41.494402,-1.166836,0.754216,0.845334,0.729429,0.008715,0.148189,0.962692,0.743580,0.539611,0.316826,0.839785,0.603436,0.322673,0.869054,0.144193,0.214712,0.470879,0.600969,0.419214,0.446927,0.508556,0.225017,0.022711,0.699999,0.123021,0.012331,0.644053,0.857295,0.739801,0.228617,0.389235,0.330462,0.107474,14.166517,20.380988,0.673320,0.238041,0.709151,0.736896,0.487105,0.508973,0.751446,0.792713,0.688649,0.380833,0.181834,38.505598,0.003484,0.003968,11.543233,0.004797,0.004804,0.000863,0.001986,9272221.731778,0.000000
-12203193.719538,1395281.303081,64324075.043896,55.462349,-1.483263,0.736750,0.763916,0.721748,0.091824,0.261837,0.750993,0.669596,0.543082,0.176977,0.782222,0.754286,0.658433,0.782525,0.259860,0.392162,0.806467,0.585351,0.404383,0.341817,0.654584,0.231741,0.795663,0.549485,0.290422,0.047876,0.151954,0.934256,0.737600,0.699441,0.399604,0.282150,0.232858,9.667853,18.750943,0.398495,0.167298,0.751613,0.802855,0.647534,0.706068,0.894154,0.939739,0.773104,0.522173,0.191010,24.537651,0.005503,0.014471,7.413723,0.004662,0.004672,0.000838,0.002011,12203193.719538,0.000000
-16361425.453151,1497910.665796,81447099.538894,56.005292,-1.624705,0.738806,0.843850,0.817511,0.372682,0.799161,0.721031,0.653261,0.346495,0.197761,0.381901,0.694117,0.415456,0.713304,0.138386,0.163310,0.801331,0.687659,0.797665,0.332498,0.712033,0.132688,0.914263,0.208164,0.255145,0.152815,0.642888,0.848801,0.934938,0.291234,0.466881,0.171934,0.225083,9.549170,15.492482,0.253829,0.179142,0.732282,0.796434,0.620027,0.624801,0.847974,0.919989,0.803030,0.345323,0.001713,23.994708,0.000522,0.004147,7.598525,0.004347,0.004360,0.000398,0.002451,16361425.453151,0.000000
-6063960.079620,1483077.670786,48196453.578052,33.466622,-1.705571,0.901257,0.976740,0.641314,0.064949,0.137482,0.625221,0.664885,0.471754,0.206237,0.383741,0.752088,0.428678,0.776467,0.371204,0.324549,0.474593,0.673377,0.400362,0.293075,0.022936,0.110386,0.153349,0.396007,0.011096,0.030956,0.681711,0.934154,0.954627,0.452326,0.434342,0.192874,0.238347,13.573972,19.651227,0.868451,0.271150,0.810031,0.818996,0.698933,0.714788,0.933363,0.951787,0.818331,0.402804,0.106006,46.533378,0.007167,0.005595,9.002531,0.005011,0.005006,0.000970,0.001879,6063960.079620,0.000000
-10504768.140315,1464531.243372,61501839.982254,41.461381,-1.394682,0.900824,0.763614,0.874613,0.010007,0.136516,0.818575,0.739752,0.350560,0.316645,0.306897,0.753820,0.685500,0.770098,0.161028,0.896597,0.789887,0.586102,0.416192,0.436260,0.287268,0.103771,0.022711,0.718992,0.121284,0.016275,0.563283,0.917197,0.737381,0.235189,0.394359,0.261656,0.104221,14.257792,20.274477,0.587967,0.220009,0.655781,0.679318,0.423277,0.441582,0.653223,0.703148,0.752088,0.384465,0.196852,38.538619,0.004207,0.011362,7.931787,0.004542,0.004555,0.000821,0.002028,10504768.140315,0.000000
-18375707.064267,1844836.524411,77138203.435556,51.542904,-0.558643,0.686050,0.966330,0.852226,0.059002,0.765816,0.950806,0.664839,0.343942,0.316664,0.773747,0.815211,0.409578,0.923173,0.371671,0.214845,0.783280,0.609373,0.983263,0.758865,0.915808,0.110046,0.022686,0.396288,0.076756,0.606760,0.641580,0.857294,0.978284,0.603254,0.308152,0.260490,0.222337,15.047456,2.503289,0.163635,0.156222,0.630832,0.672669,0.539019,0.574222,0.785554,0.826565,0.428015,0.454124,0.447441,28.457096,0.003649,0.006268,10.745616,0.004131,0.004092,0.000067,0.002782,18375707.064267,0.000000
-6032714.859310,1266070.159137,38077901.835456,41.679548,-0.051627,0.686054,0.763614,0.281641,0.010007,0.149223,0.937128,0.739752,0.349371,0.308723,0.306897,0.586053,0.450664,0.878369,0.177687,0.265154,0.789952,0.586102,0.416192,0.772469,0.508556,0.462104,0.025147,0.718992,0.121284,0.025063,0.563283,0.852603,0.737381,0.215901,0.395914,0.261656,0.104221,12.092791,19.924057,0.227698,0.255763,0.756874,0.787482,0.537272,0.573542,0.814278,0.856382,0.697754,0.376187,0.162005,38.320452,0.004991,0.009418,0.051627,0.004572,0.004581,0.000835,0.002014,6032714.859310,0.000000
-10613710.097371,1408371.704625,63787704.332275,41.403144,-1.469689,0.688563,0.763614,0.879587,0.010007,0.180687,0.781725,0.743875,0.349773,0.340727,0.306897,0.596369,0.410972,0.878369,0.177687,0.214712,0.789952,0.586102,0.408005,0.445066,0.395825,0.103771,0.022711,0.388495,0.121776,0.012427,0.169687,0.937541,0.737381,0.233330,0.395914,0.317243,0.104221,14.078392,20.383180,0.558710,0.210425,0.679946,0.707431,0.447849,0.469204,0.686710,0.742348,0.770003,0.383667,0.202370,38.596856,0.004733,0.006818,6.979056,0.004460,0.004470,0.000481,0.002368,10613710.097371,0.000000
-7344168.277860,1494004.943545,63971370.260982,38.511071,-2.093063,0.737966,0.999907,0.793711,0.055761,0.259723,0.159339,0.476018,0.242952,0.604614,0.884794,0.582919,0.315260,0.651520,0.181567,0.394798,0.592443,0.594304,0.420537,0.340948,0.050446,0.102275,0.509731,0.361641,0.079773,0.019771,0.612390,0.992642,0.960425,0.229437,0.468682,0.436944,0.251728,11.438915,19.736441,0.987163,0.320361,0.785432,0.851821,0.669989,0.682969,0.936169,0.960607,0.876691,0.313677,0.057067,41.488929,0.002575,0.011621,5.396250,0.004925,0.004927,0.000902,0.001947,7344168.277860,0.000000
-9133687.586073,1557442.841505,62279874.280419,37.506577,-0.995242,0.923466,0.686034,0.854388,0.016881,0.141841,0.944195,0.439058,0.401128,0.308382,0.832101,0.440389,0.428635,0.766697,0.352320,0.322279,0.920652,0.358653,0.999480,0.284431,0.072781,0.210385,0.062097,0.573830,0.028400,0.164067,0.612179,0.990118,0.734696,0.524054,0.309865,0.314988,0.201869,13.652235,15.726953,0.327787,0.228095,0.705914,0.785063,0.620526,0.685455,0.852541,0.915532,0.630366,0.501103,0.349438,42.493423,0.004975,0.008909,6.834285,0.003379,0.003407,0.000341,0.002508,9133687.586073,0.000000
-9615178.839744,1283466.193817,57288956.898180,52.651286,-1.695885,0.708163,0.981367,0.277094,0.058891,0.779725,0.965017,0.674235,0.218391,0.335463,0.303865,0.756251,0.317508,0.885346,0.290089,0.213082,0.597562,0.315665,0.989127,0.436573,0.711091,0.125848,0.024162,0.949309,0.273461,0.007252,0.701586,0.864851,0.749545,0.715729,0.470140,0.167036,0.218910,13.167100,20.542191,0.252210,0.218159,0.793551,0.801050,0.688660,0.710486,0.890666,0.930961,0.816563,0.553079,0.002012,27.348714,0.006489,0.005758,2.555082,0.004730,0.004743,0.000896,0.001953,9615178.839744,0.000000
-10224223.535781,1655757.786401,67286541.629901,35.683405,-0.182307,0.927448,0.973016,0.729984,0.667933,0.227687,0.815693,0.678137,0.539858,0.193756,0.104051,0.544731,0.462491,0.330766,0.878593,0.245545,0.783391,0.619206,0.990310,0.293077,0.822201,0.233864,0.503700,0.294773,0.009117,0.147917,0.076463,0.851466,0.955967,0.179774,0.267645,0.441565,0.213680,11.848605,15.868929,0.347323,0.225395,0.610646,0.678109,0.520194,0.553882,0.741620,0.814825,0.166655,0.295439,0.099249,44.316595,0.002217,0.004862,10.830769,0.004324,0.004329,0.000613,0.002236,10224223.535781,0.000000
-11507360.140016,1447012.787125,68809703.376402,48.524608,-1.551834,0.957237,0.970708,0.352568,0.127870,0.852654,0.728682,0.663838,0.238878,0.202982,0.186543,0.748043,0.684770,0.290464,0.147378,0.215883,0.784956,0.579593,0.066277,0.296412,0.282000,0.103755,0.500897,0.392603,0.127965,0.273686,0.681245,0.937475,0.962373,0.642904,0.408398,0.163949,0.221627,11.602587,12.077506,0.631338,0.233980,0.740224,0.783965,0.656742,0.693222,0.859017,0.926002,0.788141,0.474961,0.169782,31.475392,0.001637,0.002116,3.806327,0.004455,0.004479,0.000767,0.002082,11507360.140016,0.000000
-13423935.316261,1757869.248802,75425061.949256,38.447855,-2.080198,0.717176,0.676079,0.978845,0.664277,0.762960,0.844153,0.660412,0.539972,0.341285,0.379241,0.761742,0.314817,0.900215,0.246714,0.467235,0.925945,0.312335,0.983096,0.307760,0.375443,0.213061,0.593265,0.950497,0.025745,0.215967,0.732452,0.986474,0.959577,0.597432,0.469768,0.331916,0.215105,11.002637,13.769216,0.121169,0.252095,0.760947,0.810765,0.664187,0.672222,0.911654,0.919727,0.875095,0.458103,0.052353,41.552145,0.000655,0.007137,6.792162,0.003271,0.003300,0.000181,0.002668,13423935.316261,0.000000
-9479569.723630,1337585.034894,57330217.597841,41.564568,-0.677317,0.686054,0.763614,0.718631,0.009527,0.156517,0.776649,0.738437,0.349302,0.316645,0.305683,0.758808,0.425742,0.313259,0.177687,0.214712,0.789952,0.586102,0.416192,0.773291,0.508556,0.101915,0.918741,0.718992,0.121284,0.012427,0.981359,0.858199,0.742636,0.233330,0.322340,0.198712,0.104221,9.125728,19.617662,0.753188,0.221700,0.713050,0.745227,0.517241,0.542893,0.764202,0.812577,0.492022,0.381903,0.393188,38.435432,0.003691,0.006984,7.777961,0.004788,0.004789,0.000645,0.002204,9479569.723630,0.000000
-4713676.277470,1450652.866094,35921658.611380,33.167775,-2.046537,0.655387,0.774183,0.349796,0.147277,0.180444,0.745056,0.696932,0.521203,0.230835,0.795734,0.693603,0.703653,0.901661,0.384155,0.882252,0.775973,0.544961,0.977464,0.300956,0.201413,0.199641,0.471804,0.395993,0.011041,0.013227,0.692252,0.968429,0.757311,0.471412,0.473703,0.289764,0.104378,11.158941,19.902204,0.368813,0.298458,0.749494,0.786581,0.577450,0.607839,0.782461,0.820440,0.870819,0.478336,0.037177,46.832225,0.008268,0.045082,6.174207,0.004710,0.004716,0.000884,0.001965,4713676.277470,0.000000
-16075269.415901,1925556.248994,70341776.520007,45.116829,-2.032546,0.798410,0.975448,0.823265,0.147277,0.263158,0.728805,0.696932,0.518841,0.247356,0.784724,0.697122,0.703653,0.903159,0.033722,0.893619,0.583872,0.536346,0.977464,0.300956,0.206369,0.230646,0.547530,0.396939,0.011041,0.616047,0.694640,0.962610,0.966292,0.472556,0.474441,0.289764,0.104378,12.704164,1.746122,0.287399,0.207871,0.583843,0.601213,0.382720,0.395876,0.479138,0.524198,0.868998,0.407050,0.033370,34.883171,0.000174,0.013633,11.289772,0.004225,0.004233,0.000543,0.002306,16075269.415901,0.000000
-4725150.695897,1425653.534053,37481466.672542,33.138913,-2.028263,0.655387,0.819769,0.354186,0.147277,0.234346,0.728859,0.665476,0.517857,0.230835,0.784446,0.693603,0.703653,0.901670,0.040228,0.248723,0.588402,0.544512,0.977464,0.300956,0.203824,0.199641,0.503249,0.917995,0.011041,0.011488,0.699711,0.962585,0.758517,0.472563,0.473703,0.289764,0.104378,11.045819,19.922726,0.478120,0.303436,0.760369,0.800492,0.589934,0.622798,0.796205,0.837120,0.868436,0.478375,0.034811,46.861087,0.000214,0.007449,6.381126,0.004750,0.004763,0.000907,0.001942,4725150.695897,0.000000
-10560047.711591,1475606.815699,69071683.642763,38.974325,-0.122825,0.735823,0.980303,0.804649,0.379483,0.179886,0.725879,0.697473,0.521127,0.196247,0.789195,0.570876,0.299350,0.324824,0.151991,0.874909,0.779411,0.585413,0.391119,0.295613,0.301320,0.124190,0.472644,0.387728,0.079383,0.041643,0.066544,0.850764,0.887767,0.244812,0.261597,0.331828,0.257767,11.726020,19.124068,0.846817,0.209331,0.600287,0.693920,0.517528,0.595930,0.725048,0.827838,0.115582,0.340782,0.261788,41.025675,0.000598,0.010949,11.155909,0.004716,0.004715,0.000893,0.001956,10560047.711591,0.000000
-5656770.248683,1296144.849191,54161115.471778,59.605519,-1.913004,0.740558,0.973088,0.282290,0.064749,0.810792,0.933575,0.689765,0.741935,0.251630,0.319541,0.595509,0.388443,0.254905,0.377409,0.461184,0.782489,0.651874,0.798583,0.299532,0.713619,0.089563,0.939900,0.399282,0.299005,0.152815,0.695469,0.995437,0.976079,0.275137,0.466184,0.159459,0.224220,9.427782,15.432090,0.187906,0.221953,0.822168,0.802794,0.667951,0.675603,0.903027,0.918983,0.875978,0.327119,0.063305,20.394481,0.007437,0.017732,1.913004,0.004293,0.004318,0.000612,0.002237,5656770.248683,0.000000
-14571420.005568,1299493.232800,77527992.702898,53.408058,-1.493808,0.740537,0.775179,0.702019,0.059846,0.801707,0.754153,0.435033,0.343109,0.354048,0.801168,0.670646,0.303336,0.283105,0.160911,0.239609,0.796861,0.592323,0.094428,0.588350,0.008177,0.464678,0.432056,0.554744,0.278033,0.016607,0.698452,0.860444,0.958283,0.523096,0.438431,0.171705,0.099548,11.279113,19.954278,0.716176,0.229817,0.726007,0.796549,0.622455,0.633948,0.742569,0.803248,0.775484,0.429397,0.064801,26.591942,0.001999,0.001418,7.303073,0.004626,0.004642,0.000834,0.002015,14571420.005568,0.000000
-18459474.682622,1489866.333569,93565827.834874,63.987987,-1.626994,0.711326,0.857171,0.730326,0.064122,0.176366,0.952951,0.435162,0.155358,0.313178,0.216908,0.596981,0.478485,0.786538,0.986418,0.398377,0.462350,0.647374,0.415994,0.860162,0.470286,0.229302,0.793069,0.931241,0.300246,0.284541,0.663438,0.856086,0.960660,0.292168,0.463163,0.261729,0.225775,10.583803,11.606932,0.135113,0.196657,0.693822,0.815859,0.615540,0.650440,0.879433,0.936052,0.803481,0.338180,0.011943,16.012013,0.007528,0.009936,8.758624,0.004341,0.004349,0.000296,0.002553,18459474.682622,0.000000
-18174462.407101,1240126.539786,96836589.224674,73.881109,-0.533718,0.791815,0.763414,0.489777,0.127101,0.234988,0.740834,0.326246,0.141970,0.237618,0.138901,0.739742,0.459408,0.275831,0.129965,0.534941,0.803376,0.302118,0.087157,0.299389,0.031288,0.244569,0.238871,0.398284,0.478526,0.148528,0.682074,0.845543,0.958799,0.245726,0.309783,0.151021,0.108087,10.698934,16.167392,0.379775,0.141372,0.559673,0.774824,0.499722,0.563376,0.707281,0.824995,0.413579,0.320516,0.434014,6.118891,0.001330,0.001661,4.455852,0.004612,0.004616,0.000824,0.002025,18174462.407101,0.000000
-9675174.422049,1623881.874415,77033695.201237,36.358855,-1.923234,0.733026,0.789209,0.897698,0.672172,0.807042,0.774509,0.426565,0.245776,0.321697,0.808794,0.695907,0.655114,0.908644,0.235838,0.451465,0.573029,0.584918,0.007643,0.286045,0.906668,0.235545,0.791202,0.069269,0.008061,0.184068,0.120106,0.992284,0.747357,0.629072,0.467978,0.330211,0.108125,10.003703,14.529773,0.320744,0.228332,0.715028,0.738908,0.561411,0.578871,0.674367,0.734749,0.853866,0.505246,0.058350,43.641145,0.000593,0.000027,7.167373,0.003888,0.003908,0.000459,0.002390,9675174.422049,0.000000
-8619220.927872,1345245.318904,56248504.787575,45.253261,-0.801955,0.685509,0.763258,0.368251,0.009057,0.778342,0.933697,0.724380,0.542475,0.311097,0.308524,0.758125,0.420637,0.894198,0.264510,0.434369,0.787442,0.586389,0.405954,0.857127,0.511141,0.105416,0.031109,0.088102,0.123623,0.161575,0.155355,0.936472,0.738907,0.255497,0.306813,0.263784,0.104218,13.656085,15.836587,0.322884,0.186106,0.708427,0.739763,0.480076,0.505393,0.726361,0.775384,0.551549,0.392661,0.499785,34.746739,0.010244,0.018450,8.220133,0.004747,0.004745,0.000794,0.002055,8619220.927872,0.000000
-3231278.475549,1400001.354699,49019406.101181,33.305416,-2.001872,0.553015,0.989972,0.401949,0.052465,0.770220,0.752574,0.059589,0.797806,0.322140,0.310862,0.582819,0.474663,0.883463,0.171754,0.222493,0.580516,0.584257,0.143267,0.039239,0.751113,0.240407,0.459269,0.387598,0.010577,0.022067,0.690863,0.967699,0.732546,0.676821,0.466318,0.293459,0.101561,11.576087,19.641883,0.921488,0.305977,0.794109,0.831809,0.652658,0.682854,0.805197,0.848086,0.864918,0.508154,0.051636,46.694584,0.003407,0.001727,4.254362,0.004650,0.004624,0.000506,0.002343,3231278.475549,0.000000
-5880129.033813,1310920.650651,47907891.767932,38.283368,-0.716353,0.739895,0.775118,0.456657,0.056333,0.656170,0.873452,0.432918,0.248228,0.314337,0.809653,0.570685,0.311639,0.273229,0.161249,0.957394,0.574291,0.591917,0.022622,0.287439,0.054391,0.245951,0.795844,0.373126,0.078897,0.010151,0.186497,0.993179,0.943992,0.630092,0.276644,0.330276,0.105886,9.225486,19.737300,0.908793,0.278870,0.735674,0.760066,0.648339,0.669029,0.834546,0.869012,0.511469,0.476251,0.412071,41.716632,0.002973,0.000396,4.667029,0.004699,0.004700,0.000920,0.001929,5880129.033813,0.000000
-8824160.159398,1352188.944652,56988743.164843,38.840887,-0.475346,0.738272,0.768468,0.714886,0.065177,0.241411,0.728430,0.675284,0.492537,0.202964,0.356732,0.620873,0.417970,0.243047,0.752652,0.233839,0.594193,0.572133,0.399574,0.333517,0.725783,0.124089,0.148126,0.297810,0.078692,0.041025,0.612816,0.962353,0.960038,0.447927,0.261101,0.164274,0.252328,13.333647,19.366070,0.626812,0.216359,0.682524,0.714994,0.600488,0.627955,0.810296,0.842070,0.378330,0.399379,0.426264,41.159113,0.001540,0.005452,5.737470,0.004542,0.004557,0.000652,0.002197,8824160.159398,0.000000
-20478061.282116,1664906.823147,92846327.704648,72.466173,-0.322590,0.661717,0.987297,0.852153,0.059709,0.808551,0.786605,0.404818,0.441671,0.191853,0.772271,0.748330,0.388621,0.907919,0.262931,0.430703,0.473239,0.583565,0.010625,0.451071,0.709019,0.222706,0.469124,0.096516,0.276904,0.618767,0.024251,0.852403,0.969354,0.524244,0.282633,0.332221,0.254758,12.097054,1.858510,0.104992,0.130672,0.533730,0.715421,0.456539,0.608188,0.655957,0.856971,0.275730,0.426261,0.418985,7.533827,0.003128,0.000271,10.104681,0.004077,0.004049,0.000013,0.002836,20478061.282116,0.000000
-17645758.816634,1466711.302860,90188023.544674,60.815090,-1.902017,0.717061,0.975227,0.729026,0.080363,0.646055,0.756617,0.439219,0.155630,0.311572,0.317064,0.724169,0.316132,0.771963,0.364606,0.322332,0.920543,0.358653,0.999480,0.304840,0.399788,0.211708,0.067868,0.584046,0.320673,0.143857,0.698492,0.990118,0.734696,0.990793,0.437794,0.156070,0.218531,13.579457,16.459372,0.414071,0.169648,0.710714,0.837018,0.602059,0.741310,0.784408,0.942788,0.850733,0.501103,0.122545,19.184910,0.002611,0.010456,10.273151,0.004782,0.004758,0.000626,0.002223,17645758.816634,0.000000
-8145380.105128,1381115.708942,66719751.949560,38.342390,-0.722386,0.739895,0.988360,0.854579,0.061260,0.654459,0.755094,0.437778,0.241256,0.320740,0.770400,0.582784,0.311639,0.273229,0.161000,0.215221,0.574291,0.591917,0.014077,0.282104,0.049658,0.240561,0.584741,0.273943,0.079704,0.011961,0.186497,0.993179,0.941330,0.630297,0.277306,0.330276,0.105815,10.846908,19.902410,1.322335,0.260509,0.663128,0.763022,0.586306,0.661007,0.783762,0.831163,0.514408,0.477252,0.410589,41.657610,0.001528,0.000086,10.438591,0.004800,0.004808,0.000745,0.002104,8145380.105128,0.000000
-11002509.483845,1436489.315418,76382290.428985,41.759224,-0.908003,0.738350,0.776760,0.484137,0.697076,0.820797,0.754404,0.635497,0.564612,0.321708,0.809577,0.740244,0.416861,0.309971,0.320866,0.455411,0.784239,0.621115,0.423280,0.023551,0.301161,0.231755,0.458015,0.459267,0.079600,0.162725,0.190021,0.936914,0.963471,0.988848,0.415165,0.155484,0.107831,11.134060,15.474206,0.364220,0.202640,0.613530,0.764471,0.528873,0.655554,0.567258,0.777809,0.596671,0.609928,0.152605,38.240776,0.000987,0.000214,8.072745,0.004025,0.004044,0.000555,0.002294,11002509.483845,0.000000
-19221473.366502,1500778.799791,105295475.569947,76.521372,-2.032517,0.848917,0.676917,0.729066,0.077391,0.156530,0.789123,0.644222,0.147836,0.332891,0.779472,0.573859,0.388734,0.291509,0.262257,0.351148,0.782204,0.593123,0.076806,0.431493,0.505980,0.220992,0.846971,0.281589,0.330253,0.573699,0.976812,0.967858,0.742625,0.592379,0.471560,0.199842,0.248831,6.977215,2.902483,0.030831,0.170783,0.688949,0.815388,0.616326,0.720945,0.873966,0.952042,0.868995,0.512034,0.041185,3.478628,0.002450,0.001246,4.497210,0.002803,0.002862,0.000137,0.002712,19221473.366502,0.000000
-8580314.656752,1446873.032889,80396778.913701,37.870655,-1.550852,0.697518,0.970160,0.887797,0.635891,0.148507,0.941881,0.037829,0.516229,0.316484,0.809941,0.627940,0.330536,0.325688,0.153339,0.545109,0.585946,0.534994,0.070181,0.295667,0.771986,0.226654,0.158501,0.966330,0.077728,0.001623,0.610291,0.961462,0.777670,0.659211,0.396795,0.289534,0.098253,13.287669,20.588052,0.946749,0.258607,0.704274,0.783102,0.615997,0.632732,0.710008,0.776919,0.787933,0.528039,0.211360,42.129345,0.000302,0.000469,10.427031,0.004717,0.004726,0.000746,0.002103,8580314.656752,0.000000
-16968325.228542,2005821.736487,73346128.029474,45.106335,-1.785858,0.651959,0.974494,0.868034,0.688673,0.226149,0.761061,0.695668,0.518858,0.363864,0.819403,0.698923,0.703838,0.901414,0.039481,0.846809,0.579125,0.598228,0.954162,0.297901,0.073027,0.126504,0.473920,0.396020,0.011041,0.616175,0.024064,0.959313,0.971199,0.966115,0.460980,0.262502,0.239714,12.937377,1.836578,0.172118,0.169290,0.725994,0.780273,0.624884,0.670428,0.858554,0.904586,0.832347,0.598017,0.059085,34.893665,0.000035,0.008602,11.848391,0.003826,0.003837,0.000038,0.002811,16968325.228542,0.000000
-13365764.101257,1274537.520923,68188167.207789,69.406485,-2.008732,0.745110,0.681071,0.527396,0.068190,0.770348,0.723624,0.671784,0.364304,0.345936,0.794555,0.449245,0.459681,0.766569,0.363233,0.322063,0.784174,0.594864,0.699337,0.287454,0.496231,0.233475,0.865914,0.314819,0.491409,0.009604,0.612390,0.968021,0.960184,0.453211,0.467332,0.158087,0.251119,9.089030,19.871741,0.136451,0.177628,0.784372,0.840377,0.681992,0.739401,0.839149,0.932774,0.865841,0.401403,0.049717,10.593515,0.009587,0.010631,3.790174,0.004224,0.004237,0.000725,0.002124,13365764.101257,0.000000
-4039554.412413,1301002.368234,40662278.751194,36.990300,-1.929599,0.794580,0.771333,0.266145,0.004343,0.575277,0.693022,0.432151,0.731029,0.315580,0.082965,0.689875,0.416749,0.781073,0.176526,0.228980,0.574855,0.777681,0.138026,0.341753,0.160571,0.109015,0.457872,0.398600,0.062694,0.009978,0.778262,0.995769,0.944255,0.675168,0.442637,0.157881,0.103397,11.117201,20.007592,0.501157,0.307293,0.811657,0.837001,0.672546,0.701618,0.821198,0.855821,0.857581,0.493929,0.114001,43.009700,0.004864,0.004488,1.929599,0.004674,0.004688,0.000874,0.001975,4039554.412413,0.000000
-3816708.412823,1254838.784935,45113534.701115,40.942759,-0.618809,0.724097,0.965036,0.293860,0.001373,0.172287,0.154141,0.466902,0.757326,0.313984,0.308660,0.693707,0.311683,0.733292,0.761186,0.176320,0.580119,0.591921,0.003149,0.548250,0.336364,0.132423,0.406644,0.705178,0.115276,0.010163,0.560146,0.959044,0.737837,0.679368,0.277608,0.164691,0.240035,11.233338,20.066754,0.241358,0.209092,0.746726,0.774866,0.657605,0.681656,0.867216,0.901081,0.461415,0.513308,0.646992,39.057241,0.009354,0.001210,0.904170,0.004532,0.004531,0.000831,0.002018,3816708.412823,0.000000
-20054599.670592,1942674.056200,93682275.466976,45.055278,-1.920933,0.918967,0.975734,0.896513,0.672172,0.648352,0.723235,0.425205,0.309386,0.321199,0.809634,0.758279,0.356306,0.920322,0.237406,0.451465,0.470867,0.570205,0.007615,0.860831,0.918738,0.448937,0.474881,0.405229,0.008285,0.627940,0.440647,0.938895,0.942255,0.243374,0.467978,0.332229,0.105696,12.264915,1.436051,0.174648,0.193802,0.511489,0.532449,0.228514,0.243875,0.377929,0.469312,0.853530,0.324291,0.036491,34.944722,0.000600,0.000010,11.092228,0.003758,0.003749,0.000398,0.002451,20054599.670592,0.000000
-10092585.511119,1393429.774267,65779202.678169,42.488220,-1.583311,0.651850,0.856286,0.701079,0.058992,0.703991,0.155046,0.669296,0.331853,0.401759,0.099128,0.698792,0.416637,0.893552,0.187065,0.234485,0.781312,0.580232,0.426926,0.132697,0.027516,0.192383,0.196834,0.308378,0.124437,0.046399,0.694386,0.929293,0.933710,0.659132,0.417303,0.157832,0.100049,13.184963,19.196522,0.623076,0.245172,0.755791,0.789375,0.624779,0.640228,0.721048,0.771460,0.794706,0.491312,0.143904,37.511780,0.003781,0.008153,1.740169,0.004547,0.004520,0.000411,0.002438,10092585.511119,0.000000
-12590138.468742,1332994.570638,74593042.608662,52.462377,-2.090352,0.967756,0.977008,0.404188,0.377523,0.198732,0.944573,0.474724,0.311689,0.338381,0.145980,0.691405,0.681200,0.252522,0.147306,0.389316,0.798858,0.501063,0.404127,0.138592,0.155609,0.259750,0.235088,0.425120,0.265400,0.018663,0.741102,0.995036,0.967156,0.283926,0.466927,0.162594,0.251497,11.699088,20.055912,0.549112,0.252040,0.766311,0.842322,0.685858,0.708443,0.860095,0.952068,0.876356,0.333087,0.061620,27.537623,0.000571,0.004444,4.951584,0.004472,0.004497,0.000758,0.002091,12590138.468742,0.000000
-8233758.633114,1621605.004073,57593124.679067,37.305453,-1.954125,0.913727,0.972239,0.520330,0.610096,0.180616,0.693859,0.977786,0.242010,0.338686,0.787355,0.698757,0.699133,0.908540,0.247262,0.456098,0.786039,0.570608,0.715109,0.859051,0.396940,0.112148,0.156387,0.090456,0.024716,0.168184,0.615552,0.937634,0.964875,0.466523,0.474469,0.159619,0.105867,13.419333,15.541996,0.295803,0.232582,0.658572,0.682540,0.473438,0.492369,0.601247,0.644026,0.858312,0.405139,0.023216,42.694547,0.000745,0.012705,10.512226,0.004494,0.004488,0.000851,0.001998,8233758.633114,0.000000
-7463137.073898,1541566.048217,54051966.836089,32.815237,-1.963997,0.662588,0.844042,0.871095,0.127512,0.258159,0.745174,0.667719,0.519062,0.321287,0.117209,0.696686,0.362022,0.901301,0.040235,0.893619,0.574969,0.593405,0.978564,0.293044,0.159628,0.230914,0.479481,0.399557,0.009594,0.000825,0.187381,0.952931,0.960376,0.468541,0.467774,0.301934,0.104392,11.534372,20.327857,0.653912,0.256836,0.694256,0.723542,0.514331,0.537618,0.676092,0.725057,0.859704,0.407348,0.042645,47.184763,0.000238,0.016051,8.446001,0.004727,0.004726,0.000599,0.002250,7463137.073898,0.000000
-4933664.486486,1462722.834087,38557707.398065,33.402532,-1.489311,0.796156,0.848220,0.354254,0.008745,0.834652,0.625223,0.874798,0.487586,0.406479,0.835378,0.603257,0.668808,0.882830,0.144264,0.228970,0.779537,0.585032,0.902989,0.432891,0.769997,0.212964,0.468454,0.399832,0.006396,0.043126,0.643917,0.931388,0.944967,0.450226,0.401799,0.282550,0.100517,11.645714,19.006151,0.642490,0.286677,0.731814,0.769826,0.553281,0.584563,0.746410,0.786055,0.774472,0.405033,0.183914,46.597468,0.003522,0.006201,7.621492,0.005026,0.005034,0.001047,0.001802,4933664.486486,0.000000
-8368559.556173,1450837.529728,80940234.539742,37.916943,-1.959143,0.697518,0.972722,0.867998,0.636480,0.228206,0.764347,0.037829,0.516246,0.316484,0.810051,0.627940,0.330536,0.334712,0.153339,0.543781,0.571008,0.570204,0.053140,0.295667,0.392031,0.122505,0.156243,0.965570,0.078353,0.001623,0.609216,0.952953,0.782993,0.967350,0.466921,0.264783,0.106984,13.322991,20.587949,0.933654,0.270720,0.738771,0.828626,0.659356,0.709218,0.771760,0.817868,0.859021,0.533233,0.044365,42.083057,0.000301,0.000291,9.663500,0.004712,0.004720,0.000746,0.002103,8368559.556173,0.000000
-17749945.615558,1507188.826262,85304838.058061,58.131624,-0.980245,0.717538,0.985898,0.854388,0.076069,0.161052,0.943976,0.439740,0.219553,0.308560,0.324429,0.750065,0.316132,0.771272,0.351276,0.422839,0.927080,0.358653,0.999480,0.428847,0.504808,0.222232,0.062097,0.553265,0.277757,0.169055,0.992012,0.985216,0.734696,0.524054,0.309890,0.156672,0.218872,13.916813,15.702416,0.475746,0.151446,0.644509,0.769496,0.571776,0.676104,0.792942,0.904290,0.624781,0.502817,0.515719,21.868376,0.002245,0.009185,11.322021,0.004756,0.004732,0.000604,0.002245,17749945.615558,0.000000
-21715328.312404,1618196.585616,124219354.390904,75.644679,-1.034879,0.848556,0.974615,0.724412,0.060106,0.141574,0.149160,0.402839,0.157999,0.209869,0.773799,0.565638,0.676439,0.298540,0.262257,0.323524,0.783351,0.764093,0.366233,0.284406,0.712385,0.211785,0.803668,0.117211,0.322615,0.570938,0.680001,0.990257,0.932780,0.993640,0.314634,0.256142,0.248832,9.542629,3.018848,0.312714,0.144349,0.501803,0.784811,0.448473,0.684164,0.623546,0.916265,0.644731,0.577747,0.499065,4.355321,0.003819,0.008063,4.899142,0.004230,0.004245,0.000650,0.002199,21715328.312404,0.000000
-14511532.463042,1493566.445461,88704609.229253,51.076088,-1.678217,0.848853,0.775065,0.401980,0.056238,0.654459,0.753272,0.432918,0.408898,0.317717,0.819254,0.581981,0.314278,0.292748,0.291120,0.215188,0.590900,0.592410,0.007827,0.437332,0.073034,0.222770,0.012617,0.956138,0.079599,0.573785,0.186497,0.864129,0.654745,0.714679,0.467736,0.326824,0.106858,11.589957,3.409771,0.210679,0.203273,0.677319,0.806155,0.581677,0.652861,0.747158,0.814684,0.813293,0.514771,0.006346,28.923912,0.004217,0.000624,3.572597,0.003724,0.003755,0.000406,0.002443,14511532.463042,0.000000
-4277065.581797,1379899.766298,33591375.560658,34.000704,-0.955304,0.914398,0.681588,0.277094,0.016025,0.779725,0.966079,0.673553,0.399966,0.335285,0.809984,0.446655,0.429192,0.789645,0.368438,0.213115,0.574525,0.316533,0.994024,0.438435,0.054015,0.124524,0.454507,0.366515,0.024270,0.005281,0.615274,0.993819,0.944151,0.631347,0.303708,0.325976,0.201907,11.227631,20.141014,0.350715,0.287254,0.801704,0.747759,0.703039,0.658516,0.926217,0.885758,0.615305,0.476691,0.428198,45.999296,0.011072,0.003868,3.228141,0.004617,0.004612,0.000883,0.001966,4277065.581797,0.000000
-19845926.060243,2050392.121910,85053717.764375,47.552800,-1.823607,0.809316,0.970090,0.888720,0.660694,0.182565,0.722965,0.663532,0.324026,0.348216,0.800558,0.803856,0.416966,0.900204,0.140383,0.268416,0.769898,0.595899,0.983007,0.748560,0.924029,0.234081,0.483265,0.553430,0.025697,0.662165,0.450514,0.997161,0.944710,0.402942,0.421685,0.326893,0.105410,12.729575,0.454253,0.121358,0.172723,0.503038,0.516687,0.273688,0.283353,0.322079,0.383817,0.838558,0.386479,0.163835,32.447200,0.000245,0.006393,11.937885,0.003896,0.003881,0.000167,0.002682,19845926.060243,0.000000
-16066073.861029,1941343.720434,69961990.064837,45.106422,-2.050820,0.798410,0.975682,0.829630,0.147277,0.179619,0.745003,0.696932,0.518841,0.247356,0.796012,0.697122,0.703653,0.903150,0.377629,0.893619,0.583872,0.536346,0.977464,0.300956,0.206369,0.230646,0.547530,0.396939,0.011041,0.615521,0.692252,0.968453,0.965086,0.471405,0.474441,0.289764,0.104378,12.715591,1.765819,0.262149,0.206053,0.576723,0.593693,0.374770,0.387629,0.465953,0.510253,0.871371,0.406981,0.035734,34.893578,0.008007,0.013552,11.681071,0.004240,0.004247,0.000553,0.002296,16066073.861029,0.000000
-16066073.861029,1940043.343860,69980348.900034,45.106422,-2.050820,0.798410,0.975682,0.829630,0.147277,0.179619,0.745003,0.696932,0.518841,0.247356,0.796012,0.697122,0.703653,0.903150,0.377629,0.893619,0.583872,0.536346,0.961010,0.300956,0.206369,0.230646,0.547530,0.396939,0.011041,0.615521,0.692252,0.968453,0.965086,0.471405,0.474441,0.289764,0.104378,12.715523,1.765819,0.263501,0.206198,0.577240,0.594244,0.375317,0.388203,0.466944,0.511281,0.871371,0.406981,0.035734,34.893578,0.008007,0.013592,11.681068,0.004240,0.004247,0.000554,0.002295,16066073.861029,0.000000
-4610449.914565,1191643.653681,60466781.014063,68.464000,-1.931634,0.796104,0.768444,0.527883,0.001414,0.578591,0.756910,0.436070,0.755532,0.312314,0.089727,0.750514,0.319526,0.769406,0.175245,0.228680,0.574855,0.352907,0.138026,0.304573,0.691353,0.230866,0.457872,0.555689,0.479446,0.012277,0.778262,0.990138,0.944255,0.675168,0.442650,0.157881,0.103397,10.855429,20.124070,0.412514,0.199915,0.798587,0.816920,0.671332,0.677025,0.797170,0.814749,0.855089,0.493929,0.111549,11.536000,0.004768,0.003616,6.812901,0.004800,0.004797,0.000822,0.002027,4610449.914565,0.000000
-17660611.746462,1529740.215335,113023545.374587,57.773370,-1.950086,0.717633,0.989017,0.854388,0.059849,0.807013,0.723327,0.474411,0.122277,0.194320,0.317064,0.688575,0.413355,0.766597,0.364606,0.322370,0.927080,0.783427,0.996718,0.290270,0.180423,0.211708,0.062097,0.396232,0.276206,0.161790,0.698492,0.996127,0.734696,0.524054,0.442637,0.156070,0.218872,13.887455,15.924307,0.410908,0.175570,0.643992,0.822908,0.546780,0.681670,0.688025,0.928581,0.857738,0.499012,0.114155,22.226630,0.003946,0.011855,9.784072,0.004616,0.004587,0.000477,0.002372,17660611.746462,0.000000
