64315339 
