11549869 
